-2745 377
-2682 465
-2940 713
-2664 556
-2901 259
-2983 43
-3141 441
-2820 586
-2702 341
-2808 159
-3195 -53
-2546 -58
-2936 303
-3233 -16
-2645 343
-2789 772
-3174 411
-2894 680
-2849 635
-2629 321
-2489 186
-2571 459
-2950 456
-2995 210
-2772 404
-2902 566
-2466 611
-2530 364
-2961 20
-3148 -46
-2945 178
-2548 257
-2576 525
-2551 425
-2120 706
-2429 907
-2851 191
-2526 40
-2391 474
-2347 717
-2921 280
-2888 -216
-2861 300
-3135 316
-2558 379
-2682 550
-2827 207
-2769 -7
-2839 -247
-2835 -389
-3032 -20
-2877 119
-2894 268
-2928 347
-3058 149
-2740 -40
-2303 -23
-2307 286
-2533 212
-2805 152
-2454 185
-2841 427
-2796 249
-2783 608
-880 523
-1074 117
-1115 -214
-1212 -428
-895 -359
-1083 3
-1083 -1
-1274 173
-1387 485
-1369 542
-952 247
-879 277
-1099 109
-1292 15
-1839 27
-1134 -408
-717 -76
-928 -354
-885 74
-1236 176
-1118 18
-1126 3
-1068 -182
-791 -292
-621 -16
-789 -189
-369 -158
-772 -287
-555 -533
-498 -92
-486 -87
-743 -341
-700 -480
-887 212
-982 -26
-748 180
-1050 22
-698 -83
-909 -346
-1061 -299
-1236 -288
-939 -173
-1068 255
-1171 523
-1134 267
-926 -192
-870 -189
-1121 -236
-773 -587
-270 -623
-436 -708
-1025 -670
-1317 -934
-823 -837
-1112 -604
-1195 -423
-1569 -666
-785 -843
-773 -485
-853 -1167
-473 -1118
-577 -356
-820 -349
-899 -328
1262 -2109
1618 -1786
1491 -1635
1694 -1568
1694 -1921
1952 -1905
1894 -1758
1882 -1575
1583 -1314
1503 -1061
1872 -1151
2271 -1039
2080 -705
1557 -1004
1818 -1220
1834 -1158
2152 -902
2059 -537
1888 -707
1922 -348
1860 -382
1759 -501
1894 -857
2062 -304
2040 -201
2017 -166
1826 -215
1444 -196
1794 -105
1486 88
1405 -105
1381 195
1411 -26
1927 -221
1778 6
1394 132
1523 -124
1958 -110
1951 38
1722 301
1854 134
2252 248
2241 247
1837 326
1679 183
2160 189
2058 591
1837 193
1837 628
1470 530
1987 478
1826 466
2085 485
2066 807
2065 529
1640 853
1328 962
1623 1044
1779 1262
1530 1085
1808 911
1293 949
1376 815
1666 1066
-42 -738
216 -812
591 -297
467 -450
252 -430
556 -483
1250 -342
861 -744
727 -1170
584 -205
219 -8
816 -438
571 -228
428 -501
536 -423
307 -296
272 138
325 226
608 -126
635 -90
311 178
263 441
498 637
474 446
206 98
230 -56
648 139
1015 167
1130 108
861 -196
781 109
348 261
907 -19
1139 80
967 52
627 38
400 18
469 126
420 253
393 536
526 507
753 334
567 385
556 361
442 406
169 26
221 90
49 291
182 386
356 591
144 655
-102 719
-403 609
-385 829
-93 1348
-31 1536
60 959
453 773
632 460
707 296
268 375
280 618
145 663
249 615
-252 -89
-35 -249
15 174
-208 -72
-205 -172
-294 -272
-21 -48
36 70
86 -180
-162 -56
-241 -203
-37 -60
-59 -374
136 -191
-144 -69
-101 -256
345 -272
80 -48
-303 -217
-420 -406
-223 153
-642 342
-229 68
-128 367
-503 455
-312 266
64 257
162 236
365 -21
407 128
512 -168
433 139
46 -108
-187 -125
-144 66
-143 457
-273 144
-286 52
-301 -60
146 30
107 484
-239 92
-15 -347
74 134
-161 268
-10 -43
302 -6
306 173
75 88
-69 -65
-321 -306
-62 -630
264 -249
236 263
-183 132
36 -17
-239 15
-527 -158
-291 -177
282 57
52 159
-68 -177
-112 349
-334 174
-225 -706
-350 -453
-356 113
-140 161
133 -184
-147 -173
-349 262
-366 288
1 538
-599 321
-199 -83
402 -227
560 -128
234 -143
38 -374
193 -142
222 306
345 338
113 220
-199 -202
-278 -450
-220 -206
189 -143
367 -63
50 -359
450 -225
208 221
-38 120
63 123
-194 11
44 -253
398 -214
119 -420
114 -340
220 256
372 182
-81 -312
-21 -321
-218 97
106 65
140 -29
-19 -22
84 -48
330 -172
170 -257
89 43
124 478
34 -35
607 -53
167 187
-111 253
-371 130
58 -33
84 46
-68 25
71 -253
270 -138
22 -119
-29 -161
-140 -58
287 -39
387 413
64 71
67 204
-487 132
-357 141
-267 433
-141 -107
351 -40
-118 406
-273 231
-541 318
-925 -139
-566 120
-488 566
-266 149
104 35
-144 -322
119 -151
-244 75
75 48
-50 229
28 23
89 149
-380 -87
-352 -363
-42 -523
467 -451
251 -134
-283 168
-186 -189
501 -101
230 -302
200 -128
-71 78
249 -224
196 -294
145 -537
246 -384
383 -217
512 81
231 -106
80 -621
418 -495
24 -374
-9 -609
-108 -349
216 71
153 246
349 -149
207 112
30 367
131 483
324 391
591 292
550 166
446 160
481 324
482 102
709 -179
653 147
535 240
362 240
144 129
227 141
276 292
198 6
263 198
-157 -31
230 89
-256 224
-246 80
-67 36
194 4
113 -326
-180 131
-614 -54
-90 81
-108 91
174 -159
-355 -120
-323 -168
65 263
-276 181
-109 243
-201 286
70 89
186 12
728 -7
544 -288
286 -394
-163 -585
-47 -107
-82 295
16 273
116 379
-253 385
-117 -199
-80 -69
14 -154
140 121
187 -277
415 169
-224 176
124 287
-7 593
419 119
63 26
-185 -377
231 -66
675 -47
519 78
294 -51
318 117
34 24
-87 -186
-26 -53
-199 275
-240 -303
163 -325
-267 -53
-80 388
-195 493
-258 199
-213 85
67 385
-182 348
-60 -42
257 -89
11 133
-195 98
100 310
-1565 -2441
-3367 -2969
-2251 -2380
-2696 -2178
-1489 -3100
-2870 -2164
-2509 -2024
-3291 -1596
-1408 -2073
-2755 -3201
-1663 -1821
-3361 -1433
-2131 -3803
-3034 -1464
-3859 -1392
-2700 -3171
-2268 -2214
-3449 -1916
-939 -1620
-2196 -2452
-3100 -1553
-2564 -3640
-1964 -2829
-1225 -1909
-3366 -2925
-2337 -2042
-3086 -1808
-1489 -2537
-1823 -2993
-2737 -1274
-1892 -1875
-2962 -1415
-2669 -2719
-2995 -1983
-3549 -2058
-2256 -3860
-1352 -2893
-3275 -2039
-3141 -2774
-2809 -3447
-249 -3711
-2886 -2035
-3145 -2431
-1273 -2743
-3398 -1543
-1073 -3033
-2279 -2973
-1523 -1388
-324 -3413
-2939 -1786
-2134 -2525
-2882 -2313
-1735 -2135
-2750 -2791
-2057 -2056
-1822 -1836
-2657 -1390
-2581 -3476
-2047 -3311
-1976 -3111
-3541 -2222
-1184 -4445
-3426 -2891
-1644 -3253
3655 -1402
5097 -1800
3576 -1657
4339 -618
2295 -1323
2980 -1746
3020 -853
2870 -2015
2355 -768
4380 -206
3798 -1125
3636 -1264
4048 -1399
3537 -1046
4157 -1066
3191 1871
3553 -1425
3505 -554
2804 -792
4659 -1172
3926 -210
4116 -250
3826 72
3456 1056
3201 -118
3908 322
2906 -20
5536 -581
3044 585
3730 115
3579 -854
4309 -726
3114 24
2399 -1294
4218 1036
2792 -972
3825 780
3693 347
4271 41
2713 322
3978 1092
2841 445
3148 261
3504 -52
4671 805
3818 972
3074 422
4275 1055
3376 1737
3179 1181
3992 445
3050 301
4282 2319
3064 1495
3443 739
2484 1142
5245 1073
2154 2460
4253 827
3820 1408
1756 2188
2211 676
3406 1445
3425 1390
1267 1217
908 -766
1280 -642
1290 70
2565 -572
178 -598
2009 459
743 -1619
1167 -476
2316 -508
1243 514
1415 -282
1111 -1826
2836 199
1754 191
1466 23
623 687
1186 -547
1228 -15
491 -264
2177 660
2396 -677
1404 2052
1196 -775
1540 1058
2526 -496
1482 -570
2628 363
1578 511
3286 -275
1543 1001
1700 439
2896 1511
1842 1868
2307 204
1983 383
2823 2431
1783 1431
1116 1905
2012 745
1626 2484
1269 1935
1175 1112
1461 662
1936 1784
1216 2232
1021 -100
1794 1844
65 -434
1987 2099
1148 2119
1443 1008
-270 1925
1050 1205
713 1731
672 -224
994 1878
1340 2210
531 1121
1798 1635
967 1592
1448 636
19 2690
507 2447
1321 -31
-155 2196
17 1133
292 471
-91 163
228 2317
-621 1262
801 438
-620 1211
-1634 529
947 1645
-162 1758
-221 -586
-16 1343
329 108
-841 -527
-592 552
505 430
195 1198
-280 230
-635 43
-916 1468
-642 855
207 217
758 121
-135 842
-574 1499
-622 1071
-816 378
509 447
-1034 -274
708 805
-616 1577
-685 397
-912 235
-459 80
-869 320
-1067 633
-113 341
-1315 786
-35 1563
-344 200
-1610 208
-424 682
-464 -682
-348 1156
-1026 313
-1328 603
-1052 1253
-953 50
-864 -185
-395 -1021
-164 -265
-1606 479
-1637 1072
174 -533
568 403
-637 1002
-295 999
-1262 -172
-865 -271
-1534 308
148 -213
-1615 -553
19 -415
-328 1191
-640 -620
278 712
161 -145
143 651
-392 1443
10 120
216 65
48 -1015
-27 691
353 -57
612 485
-437 -229
727 -304
-221 42
-1497 747
25 -1228
-482 164
745 387
-2115 -1057
1013 319
348 -9
-1141 -518
672 -813
-455 796
-277 1074
212 -343
-620 1622
-316 -664
-60 560
-331 -958
111 123
-240 -539
-1062 197
443 -745
954 -593
-274 -325
51 363
-912 -29
-240 -843
1185 30
71 350
-669 -481
727 163
245 232
-682 753
-331 -74
-15 -791
448 369
1533 245
107 1741
-709 527
-1046 -837
911 -172
-644 220
615 -284
96 -141
-568 1464
1 856
-29 -1170
-209 1094
-951 -784
839 994
839 525
-775 -690
-1476 138
928 -164
-448 -856
-335 -749
-783 -1666
621 -452
-550 -1543
1439 -1345
-543 622
487 901
-584 -1171
-577 101
1452 -1175
-1353 -908
-25 10
120 -1646
180 -963
1990 -704
373 -1059
-80 516
411 591
-68 -974
1323 126
-945 136
473 -646
740 -725
-6 -118
1603 -787
-422 1427
451 1135
846 -953
-1268 1042
416 583
34 -86
1596 46
-1436 879
155 650
370 373
1190 47
436 -482
270 1167
594 677
-476 -249
-829 625
193 204
1616 917
-1015 475
1085 -992
-660 -911
1282 923
252 256
87 237
930 -277
195 895
-435 293
-67 207
-512 706
-224 419
-1205 1865
-707 -122
135 288
-1247 -519
-146 -289
-825 1183
-566 -672
656 1006
-1213 -133
-837 -985
122 461
619 -1265
732 493
-579 86
-272 -6
1117 815
-448 -58
950 738
-1477 -210
134 -171
-381 477
260 -435
245 611
355 -219
1315 -716
488 491
700 1155
-1089 397
-259 -434
-467 -1060
512 1856
-353 -32
740 -677
-996 -761
621 -572
367 476
598 -552
132 906
-162 102
-759 219
-254 -164
1361 -630
1377 125
-467 1151
1196 -857
-536 276
-5 154
-1353 -353
705 104
-156 -380
-471 -1065
117 565
379 66
216 607
634 843
427 -131
-580 75
360 38
884 -82
-261 523
-816 -429
-200 409
755 -498
191 -180
234 848
443 -149
567 909
-414 -149
1016 659
-1159 -346
797 -318
-297 168
89 847
-168 -192
371 284
-1196 -1861
1335 1283
-670 215
283 897
177 330
239 -1516
-1151 1481
-531 -54
386 -1142
-1027 1305
1986 -84
-825 201
833 1233
-244 138
844 304
-270 -1207
-223 132
-1690 -617
-330 384
533 -292
-855 -326
1157 -547
1113 751
250 -319
45 1058
-232 -825
499 1000
-1266 -884
299 -518
-1051 -179
823 -938
564 976
1173 -1727
-122 618
-255 1350
-395 1083
-709 -240
-397 446
-503 -349
-102 -343
23 48
-336 188
253 -496
1123 609
-1163 -382
-145 -182
-1447 302
991 -222
233 -1294
-548 700
-182 27
347 -98
173 1222
-54 371
-737 -570
-273 304
-561 -172
-4627 -874
-1109 806
-2562 -2298
-3030 -1235
-4471 1598
-1386 774
-1600 -1936
-1225 -1707
-4739 25
-1733 1711
-2380 -54
-2205 -1705
-3177 2581
74 -1698
-1414 -1766
-2125 -718
-1878 -374
-108 -1048
-4161 -1496
-2236 -1015
-2420 -2460
-2764 2590
-2144 -437
-3484 -1812
-490 -900
-3812 -1258
-2389 -2368
-5148 -494
-3427 2293
188 -1908
-3039 -504
-918 -2447
-2486 -1233
-1905 -1204
-2029 -1897
-2270 20
-4200 68
-1596 -743
-1629 -576
-2839 -327
-6424 1420
-1523 -1357
-1330 309
-2654 615
-983 -3006
-3853 172
-2799 1403
-2709 -583
-5445 2322
-2196 -2102
-2055 438
-1516 -489
-3637 -1275
-1188 -1218
-2170 -430
-3278 410
-2061 -1905
-1837 -190
-3501 73
-2582 -874
-889 -1271
-3678 903
-340 -1267
-3706 -1043
-1871 -2432
-4043 -2119
-1443 -749
-3355 -2965
-595 -2338
-2392 -798
-1483 -3468
-1997 -1267
-401 -2355
-1750 -4675
-1638 -2138
-2378 -4232
-3430 -1851
-1649 -2308
-688 -2381
-1545 -5730
-1592 -988
-1559 -1637
-186 -3228
-2407 -1684
-1233 -5193
-1854 -4127
-1608 -3461
-1372 -5667
-878 -3294
-1051 -4469
-1957 -2944
-4047 -2097
-9 -3309
-1076 -3932
-441 -2940
-2640 -2540
317 -3025
1059 -3466
-2439 -5373
111 -1957
-622 -4603
-524 -4165
-2252 -2922
1368 -3279
-583 -4630
625 -2868
719 -3947
1040 -4333
-2113 -5451
-862 -4573
7 -2178
-374 -4524
-679 -4618
-1261 -3195
-2927 -2544
521 -771
29 -3688
-1 -3204
521 -2152
2080 -3693
-1078 -1212
3621 -4832
-2146 -3725
-1248 -1968
1578 -4273
670 -3006
-340 -2833
425 -4262
-161 -1587
900 1404
-624 536
-356 -747
-3035 935
1074 2264
-2225 -1259
810 2992
872 135
-1137 -703
588 -1662
-1684 -711
-1420 2107
-1279 -397
-597 -376
-201 902
-222 -1668
-424 688
-283 386
463 1309
-1155 110
-1553 2611
476 -2767
517 2926
128 -1703
-1558 1058
95 1445
-552 259
1214 293
-2495 104
726 -1082
463 1119
-2106 -964
-752 560
-143 1096
-195 573
-1739 -1426
-1633 177
58 -373
-800 1400
-167 -2232
-760 -599
-545 473
-239 699
279 220
-699 -2671
-499 2685
-959 -1559
1032 1699
-1916 -919
-747 -767
-806 49
966 -793
-2301 195
-644 450
654 3005
-262 -1426
-721 -1140
12 8
-1011 -120
-1662 -150
-727 1077
145 -1123
9 -1127
461 3162
1586 -2114
-784 -1544
-467 952
1837 2385
-804 -2893
-1322 72
-2136 1976
104 2525
2746 719
-1041 -1287
347 236
1334 3197
1053 772
-854 1067
2297 2696
683 -876
-973 948
-238 -632
143 657
126 499
1299 -2444
551 -1282
-222 1091
-385 1099
1048 50
25 -1686
-928 -207
-1140 1426
-1783 1914
1451 1489
-1125 -928
-1223 -1520
-1989 1117
-784 1279
-1711 1589
867 1444
93 528
-2781 1968
1886 -492
-1203 -2061
-1658 1193
1493 579
-1071 11
-1325 1449
-604 -467
312 762
246 677
534 -740
-680 610
813 -389
162 970
-1292 -1384
634 -880
2745 -2616
-1202 -861
-2830 -781
-1103 -3251
-2702 -498
-358 1433
-1322 627
1020 -485
-1566 -180
1764 -63
-879 1041
629 -419
982 422
-510 -123
1046 1332
119 596
845 -2181
1273 356
357 -354
-254 1553
1761 -323
-1155 142
-33 900
981 195
-562 41
515 -1021
115 -900
-1891 2755
2605 388
146 -514
3400 1431
-189 -481
-375 -1110
1772 -1046
-998 347
352 -2329
449 -1435
-788 623
-118 -2967
370 1674
-1768 -674
-533 305
-1041 -673
1054 1245
3074 -781
-212 -302
-466 65
713 -1227
-997 -59
1495 98
-1315 -870
-1159 654
404 399
768 1465
-480 -1855
-828 222
-34 -1054
112 -691
-394 1938
-1045 315
-1079 1259
279 -1570
1322 -706
612 412
-1718 270
877 -252
-8 249
-133 663
1412 -288
-477 -1133
114 1667
-583 -1051
2687 1612
-129 -1592
-598 -313
1962 883
3971 -1253
-1905 -2752
-726 820
635 1036
2503 622
-516 -1914
374 -938
-1176 -54
1039 -2103
-2715 -1153
-934 1473
980 -419
-1974 1938
1857 -599
-895 -2738
-825 834
195 91
-1303 746
1228 1329
1070 -1920
-647 -1642
-21 1479
-1880 -462
688 -744
-964 -82
625 176
834 -2084
-3519 1515
638 -1982
-671 -732
-1075 2808
2293 312
66 -1804
-504 -289
-2647 1417
3199 -386
2058 -200
734 474
-1276 1108
273 1050
-323 -1543
-1818 -20
712 2261
2025 348
102 -570
-1907 -241
2681 -27
-1468 547
1245 1612
460 -926
761 169
350 800
143 1993
263 -1414
-848 1944
782 1362
273 -270
203 1260
557 -2161
-296 969
-456 635
1908 954
-600 904
1542 -2242
860 1262
-2083 -1006
110 -72
155 289
-194 -957
-238 1546
1160 -516
2312 -390
1796 -1628
-1908 -1325
104 153
-740 -330
1253 124
-503 264
-947 -1543
-736 330
-509 -993
21 -193
-324 1205
942 -696
-1488 -2099
84 331
-195 317
1174 -199
128 -2505
1424 -1
-1643 1669
2015 -115
-1125 -24
-1234 -1051
-1176 1857
-274 -589
879 83
654 -785
-414 752
-856 841
-1725 1073
1544 -2041
-80 2013
2041 369
1157 334
2767 724
-1109 -2121
532 1335
288 1377
148 -1775
87 -773
21 -1062
21 -1164
88 19
1125 -47
-337 590
-296 198
-1594 130
517 1824
-558 -299
-342 1479
252 165
-234 -686
-1111 1215
-88 -353
3 474
-1442 -1695
585 986
-1052 394
1163 -9
-95 -1183
384 755
-1270 -924
3296 3894
-1708 -2870
1227 175
435 -1608
39 -279
1141 2433
3104 -1938
1790 -477
-1503 2637
2784 -1422
-1906 -289
1936 -1652
-2306 -995
-639 -96
-2151 -209
199 2499
520 -857
1254 1441
331 -772
-1257 -218
1210 -891
-1338 1181
-801 -140
1200 721
453 -2042
-122 1719
-1503 -354
1177 -65
878 1441
1799 260
-1280 543
-2384 -1760
-1090 2391
-183 174
-836 -2287
-2794 -874
-59 758
-601 -243
28 31
-391 548
-655 1757
1425 897
1087 184
-771 -1007
756 1429
287 1094
2137 -854
20 -775
-1 1390
1035 -1095
-1322 -53
-156 -219
-599 -1922
-1213 1059
1489 -88
-378 83
1088 334
3391 3088
390 1702
968 5063
2853 4170
3942 374
416 -792
-847 3406
577 4228
5002 982
1138 935
-1312 1123
3214 4309
3063 382
-830 3118
3439 2511
1434 3404
-337 2151
-1536 2424
2109 3420
1587 2570
2135 3870
2053 -118
-270 3122
372 3497
-393 3949
2609 2818
3472 5749
3909 2360
2256 -1904
-2751 2615
1074 2567
904 3897
1995 4293
1270 2918
3777 5977
2681 3065
2924 2366
1769 2561
1708 3288
3034 3541
4594 693
2 3386
1253 760
-691 1320
588 6224
1537 1975
3162 -863
-14 -209
2409 -1155
979 3482
-335 419
-8 1693
1998 3336
-179 4317
531 2723
1787 -544
1883 3327
1106 3501
2314 3589
1207 3802
1497 3199
1076 3740
-89 5087
2184 4544
-3474 2020
-1071 2091
-4076 -1636
-1013 385
-2968 1712
-915 -620
-1940 3114
-1006 663
-1774 707
-3085 3832
-2174 1162
-996 4196
232 1185
-854 452
-5296 314
-1729 4191
-462 899
-750 -1683
-3556 1617
-1091 1100
-2261 4213
-1427 2901
-116 619
-32 2404
-1428 299
-2171 1156
957 593
-801 686
-3307 272
-1444 2187
-1706 2581
1423 1643
-3124 -752
-2999 3569
54 3473
-1005 206
-1932 3051
-1106 3240
1156 -1404
-4928 -304
-3252 2513
-2933 630
-3789 2581
-4371 5248
35 4375
-635 2863
-781 -138
-2226 1456
-295 1025
762 488
1389 -620
-2679 -3052
-3963 -2322
-2276 -146
-4030 -801
-4080 1843
-2944 -2548
-5640 1294
1193 2750
19 -2387
-1733 1228
-1646 874
-659 -294
-3346 2345
3160 -735
1370 -3129
3658 -1622
2779 -799
5602 -1903
1879 -3888
6213 -154
1608 -4216
1269 -308
1888 -788
-535 -95
5002 1179
4924 -960
803 -1757
1964 -1317
1787 -2752
3148 739
3186 -1305
3519 -1169
2041 -1707
3449 -22
3384 -3839
2228 1552
1958 -4294
1302 1061
3614 -1124
1215 -1170
1496 242
-484 -860
3470 252
-713 855
986 -1393
2634 1562
2830 -2347
291 -736
66 412
3028 1326
3475 -993
1579 -49
2214 393
2260 3783
4392 -196
5000 160
2809 -69
-219 -1524
2196 3539
2711 -1747
2893 3569
3176 974
2242 307
1959 121
1769 2917
2552 1707
5652 259
2016 -131
-92 -1246
460 3196
524 1909
546 2781
546 2020
2883 2127
128 750
-150 2908
794 1966
-4022 -4681
-4300 1055
1923 2694
-630 -825
-5112 -1797
1227 3867
4076 -545
3777 -3466
-15 -7106
-4374 -2020
-2178 975
-613 -354
-1795 -3186
-2141 -2398
921 -1713
-4152 -1586
-2506 3163
687 652
-483 -35
-977 -2185
-2304 -510
-1443 2829
-1056 2166
-631 -10
-1195 -1573
-3360 292
-516 2216
3218 -107
3647 -2574
1314 -3686
-1953 -1723
-166 122
2102 -576
3121 -1681
1795 -3163
1597 -2405
-1585 -2732
-86 -1713
2955 -3225
-3590 26
824 1878
2554 -2919
-925 -1042
1877 -755
2402 -2441
660 -2674
-989 -3575
-1253 -3467
-765 -1320
610 -2614
-1622 479
-2631 -1712
-840 1703
-1441 148
-5040 2633
-268 2656
2656 -279
575 4032
4758 -1317
1179 -3892
2419 -2523
-1637 -801
1426 823
-151 173
1268 303
-119 -698
-376 244
1141 -454
-837 -3425
-980 -3003
215 448
-1014 -1319
-1643 -660
85 -645
-2497 -1003
1024 -311
-374 -2275
-1548 -716
-1210 150
-1384 2401
3781 -369
3865 -2920
-3921 -1780
-1556 502
-3187 -693
-899 624
-920 1261
-2012 3934
847 1260
-678 2708
192 2195
1941 56
2609 1385
886 -2234
3429 -237
1324 -241
1980 924
-1057 -2416
-3621 1236
-1097 1485
-718 1781
-1387 1003
858 -369
-1414 1298
2609 3880
-445 -1491
-1533 -569
-1165 -1070
59 4340
1883 -1325
999 470
702 1868
764 -1891
1462 -1434
-231 -3903
-1161 -2185
-1891 -316
-375 332
999 371
388 -890
-1944 -958
-1042 -2455
-1845 -975
177 1595
933 734
1970 -338
-2231 -757
273 1204
-618 -2465
-3041 -3150
-4328 312
2336 2876
868 -1752
-41 -2485
-4266 1254
-51 4836
1423 4279
468 808
-2006 1619
5185 532
3107 -797
1235 -872
1166 -2306
-2857 2448
1898 6242
2184 948
196 1346
454 -844
-782 -1195
-1072 1275
1209 1569
881 -1108
2288 -1606
-124 -203
1227 193
-2033 217
-200 1864
3783 -2608
753 625
1465 -301
1770 -3282
201 -2899
-52 1652
2182 872
4186 -2539
-1636 -1662
-2676 339
-996 -121
1088 -1080
-743 1001
621 2552
3695 -1365
-991 -1307
-126 1159
1804 1039
2943 -275
-3167 14
1947 2709
-490 -376
-1738 2765
-513 158
-917 343
-1331 277
379 2714
2462 -2016
-308 -666
1407 666
-624 -2312
-568 2735
1860 191
405 -915
-1445 1133
57 -1115
-2254 2346
-776 323
3731 614
1393 -88
1100 1102
221 418
-1404 -2167
-2484 1575
-2406 278
-1814 3963
3016 1187
1863 -424
454 -849
998 -647
998 -71
1144 2161
883 620
-222 1845
-1 884
-315 -1050
-2033 537
1453 1442
2268 -1403
552 -840
-875 2237
-768 1692
-1576 -54
3434 -1944
-1947 861
1058 1509
2098 1630
1499 -2162
1347 -951
-565 -62
323 1017
1875 -102
700 -970
164 -2684
-2681 1299
-1086 -1855
-2819 -1512
-1543 -650
-2715 251
1881 5681
1585 -1431
-427 432
-1389 1804
-1671 2932
1305 2939
507 909
661 -1273
-324 -719
532 1161
313 98
3823 8
1482 -1925
1781 1584
125 -1587
-1012 -389
-1284 -69
609 -1136
-639 -1227
-256 -683
611 3110
695 -1337
61 662
-303 1260
2138 2091
2141 -867
3538 1167
-3268 -5012
851 2793
46 -795
-367 1191
1034 599
-1751 -1591
-2683 1795
409 1490
2950 -3014
-2783 1168
2205 1435
-2483 2032
3074 526
1822 872
3170 -164
801 -2595
149 270
-536 -2483
-1595 1942
1740 1670
-1223 3132
367 76
-344 635
-3022 -344
-536 2771
-29 -933
1695 671
350 3616
-2564 -92
-1002 1113
493 3251
4093 2573
-295 -1447
-1810 -2176
655 2603
6132 -1528
-98 -1906
1325 -495
-39 1254
1388 -1038
722 -2404
-1976 -1769
-3078 1024
1156 1682
1045 -3152
-1405 -1996
-2310 1457
-1306 2007
-1075 332
195 1774
3236 -362
54 485
8 577
2466 -2443
-1813 1123
1207 131
-741 995
