1518 -349
-2901 259
1475 -2349
1502 1141
1702 -237
1235 -980
1187 -3449
-364 -1403
518 1413
-895 -359
1410 -909
-1217 1087
2090 713
-1127 -2012
310 -156
-217 -263
2762 538
1694 -1921
-1212 110
-1424 -779
665 -24
145 -331
-905 -2
-448 245
838 312
252 -430
178 242
-406 -284
516 167
35 261
-179 -326
-82 432
124 223
-205 -172
438 -180
48 -35
-635 -431
620 396
-23 -16
-82 -352
-30 411
133 -184
326 -12
-67 -279
-141 -428
86 -229
-144 -138
346 -544
345 -38
351 -40
-372 184
-94 3
68 -246
-479 226
-303 -21
-117 232
-203 473
-67 36
-50 4
-43 158
178 269
-242 -265
192 279
-190 -182
1997 -571
-2936 303
1869 -2420
2475 1246
1763 -496
1798 -1004
1237 -3348
-526 -1795
75 1545
-1099 109
1677 -554
-955 349
1199 1148
-595 -1913
506 -283
-451 -464
1882 794
2080 -705
-876 -547
-1533 -1154
345 120
-915 -55
-1616 -2
-1327 214
997 760
571 -228
-123 37
-221 65
-41 159
-90 350
-329 -105
159 315
188 -270
-59 -374
437 27
148 32
-195 -287
264 330
6 306
100 -95
455 -103
560 -128
-183 -152
466 -8
-137 -74
-102 -160
19 72
-130 -158
-176 -143
104 35
-51 -38
75 -9
-295 225
-399 325
148 6
55 55
-226 376
-355 -120
151 -444
34 204
-334 102
20 -224
435 -67
319 -6
1489 -479
-2489 186
1393 -2004
2394 1509
1996 431
996 -633
1744 -2692
260 -1711
-86 1728
-1118 18
1175 -571
-1464 -47
1825 1048
-115 -1593
201 395
-33 -697
2178 1670
1860 -382
-752 -141
-1301 -1591
-12 610
-639 -208
-884 -702
-1143 -114
487 104
311 178
-19 -49
-323 -719
352 -187
-54 541
-231 347
31 -114
-307 273
-223 153
260 -363
-68 3
-183 -236
100 -209
484 -263
-10 -388
200 11
-278 -450
24 -56
259 537
224 -366
-634 407
126 96
491 -129
415 -162
-380 -87
-498 176
-571 -416
416 -159
70 116
-503 -819
-105 -247
240 69
728 -7
220 -42
117 183
263 53
-498 194
-233 118
-174 43
1860 -431
-2961 20
1667 -1578
1984 1339
1402 511
914 -332
2002 -2803
419 -1738
-197 1505
-555 -533
1956 -659
-1060 -165
1796 1077
-148 -1427
505 86
172 -448
1013 1847
1794 -105
-1177 -259
-583 -1266
-89 512
-845 -62
-568 -688
-1012 -280
372 668
1130 108
277 -43
-60 -117
-139 -18
-418 287
260 -179
209 -369
-147 34
365 -21
6 -349
222 75
45 157
-147 -10
-897 -607
131 -246
-194 489
63 123
-9 271
288 330
149 -231
278 114
242 91
-85 -180
-23 316
230 -302
-25 -385
-217 -221
345 -391
219 341
-57 -66
-108 -249
-362 58
-253 385
-248 27
-394 117
157 -224
5 219
-381 488
170 170
1140 -331
-2851 191
2169 -2491
2320 1422
1929 225
1840 -528
1669 -2635
662 -1665
-231 1019
-1050 22
1788 -143
-1594 384
1563 1383
-47 -1377
228 243
300 -474
800 1912
1523 -124
-1069 -558
-909 -1403
-452 276
-290 -457
-576 -761
-609 -923
379 905
400 18
322 389
21 -456
443 666
-72 79
-360 -102
-20 -93
-113 283
-273 144
-529 124
257 -265
450 -41
275 171
-241 334
-154 -66
-191 -12
-81 -312
239 202
57 47
186 -232
-146 -270
480 -79
372 431
-91 388
512 81
17 -2
244 -23
-86 -245
-401 200
404 -536
385 -485
-232 -245
124 287
307 410
-146 35
7 266
474 233
47 104
85 -363
1578 -398
-2558 379
1678 -1761
1988 1181
1520 395
1535 -1191
2175 -2187
356 -1436
-377 1509
-1134 267
1799 78
-1397 -875
1261 2204
327 -1784
681 444
-82 303
275 1797
1679 183
-1355 -457
-311 -1456
-389 179
65 -709
-85 -1216
-158 -1045
-351 601
442 406
39 548
-292 -218
-413 328
-112 73
80 -365
422 -75
550 -165
-161 268
96 -160
90 303
127 20
42 280
-343 167
298 -269
-31 -15
170 -257
-233 -85
208 455
271 -178
-357 195
238 -37
-49 92
-277 196
153 246
53 102
331 -174
155 -99
16 248
269 124
69 -342
-199 67
294 -51
-356 50
-350 -311
-142 181
128 -82
-397 89
562 81
1461 -441
-2894 268
2219 -1824
2618 1673
1547 632
1516 -502
2024 -2246
673 -1089
-916 1453
-1317 -934
1184 -153
-1472 -1009
1259 1748
536 -1127
108 -461
92 -78
-68 1727
2085 485
-615 -1328
583 -1779
-739 -24
-70 -501
-392 -1481
-158 -1008
-748 867
-403 609
406 655
113 -582
-290 282
-108 145
14 -206
-140 15
302 271
264 -249
-25 196
31 76
28 184
-380 73
-137 -337
56 -308
-125 44
58 -33
-207 -112
-299 117
-229 199
360 -152
-179 262
10 54
13 25
446 160
275 -149
403 -482
-151 195
-150 -309
77 461
-103 26
-33 -338
-267 -53
-94 -20
255 74
-220 -150
198 181
-658 -309
-39 -571
1373 -184
-2454 185
1961 -1884
2345 1714
1636 623
1078 -353
2260 -1822
842 -1547
-684 1453
-473 -1118
2020 283
-905 -998
597 2496
1242 -1352
449 77
47 -307
136 2578
1808 911
-160 -1229
761 -1480
-370 -240
-204 -125
400 -892
491 -829
-261 643
268 375
-395 235
286 -604
-3 -529
-678 -54
-181 -48
148 207
25 -429
52 159
-26 -212
69 -205
498 11
355 482
-14 372
-365 223
-330 195
287 -39
204 309
-234 120
294 -214
214 -123
-3 460
217 15
-206 -339
227 141
169 189
-66 44
593 556
151 -194
-391 452
-254 227
-315 -108
257 -89
-391 -548
120 281
286 272
153 -91
-641 199
-331 -181
-3530 -624
-1489 -3100
6136 774
569 -598
3175 -743
2100 -292
-603 -780
-1578 2517
-168 984
2295 -1323
-2173 403
680 -2308
-1661 595
589 1305
229 -398
-762 -528
-499 16
2565 -572
1731 1421
1069 575
1619 1076
63 117
-465 1278
-292 -9
-1437 -59
-91 163
-379 -931
1477 -528
-1079 -629
-1126 -595
340 -215
-240 -399
-450 -324
161 -145
-350 732
5 -843
-354 852
839 -644
260 164
-113 147
1276 -686
-448 -856
197 -539
104 -104
46 901
115 460
-349 -169
121 308
813 38
-1213 -133
-459 1412
-817 1312
-320 494
733 416
312 -493
-1578 -181
2247 -1290
89 847
-259 -1507
-209 -865
-644 -982
304 117
1310 -463
-31 -344
-3588 -564
-2131 -3803
3608 -505
-1624 325
2667 -14
2275 -7
202 481
-1292 1893
-610 612
4048 -1399
-1752 -515
1578 -2114
-812 733
-660 846
3126 1202
-621 -223
-533 -212
1111 -1826
377 1607
71 1291
-90 2022
897 1350
635 1277
618 346
-1014 -674
-221 -586
1324 -702
-198 -857
360 425
407 709
672 -44
-15 -1499
-123 685
612 485
-1027 45
200 -23
-825 -676
-168 378
-273 1002
-103 493
-631 -697
-584 -1171
570 371
-459 -100
564 -757
-352 599
-99 -158
-455 -2291
-160 369
-448 -58
51 439
372 -283
901 -587
7 850
-393 118
-797 -131
597 -1016
239 -1516
499 1086
-456 -503
-811 -295
-1284 838
-898 -610
-255 -120
-3091 -194
-3100 -1553
6380 985
-1187 94
2705 -954
2363 -962
1287 7
-2191 1918
-734 75
3926 -210
-1943 1062
2186 -3183
-1087 -258
-730 1019
3195 192
-96 -447
-86 -21
2177 660
230 1348
1548 1359
1124 1677
-257 155
-891 442
-117 -398
-315 400
-635 43
827 -785
-164 798
-70 636
-404 349
0 -540
623 169
598 -997
-2115 -1057
-1452 401
231 -1187
1359 -36
-138 548
150 814
885 -5
155 232
373 -1059
-230 -472
-393 -1203
-48 -155
-916 -210
595 941
-720 74
-76 377
1315 -716
-623 -193
1589 131
424 372
1051 664
447 647
537 324
2 -291
-244 138
-552 10
248 918
-411 1068
400 -452
753 -502
-31 876
-5066 -630
-1823 -2993
6346 139
-172 -358
3693 -1197
2308 -1643
1566 -204
-789 -257
-891 1358
3044 585
-3941 25
1569 -2381
-2629 430
668 1643
1229 947
-811 1394
1194 1332
1578 511
225 1483
253 2088
1069 2729
1934 654
-1013 647
-462 151
-149 -400
-816 378
-503 -28
14 321
185 580
-360 1829
55 1077
-77 1005
34 175
-620 1622
1019 -247
272 1282
808 873
-925 1077
142 -90
984 -583
-804 271
-6 -118
-1135 -297
174 -1023
1038 332
-1473 -96
-319 -1848
541 582
374 -422
740 -677
-155 670
832 225
234 537
-368 268
282 691
-615 -86
495 -1681
1157 -547
-59 -503
-120 -2
-612 -385
670 279
1155 214
-557 1204
-5238 -1323
-1352 -2893
3935 2049
-1338 -786
4128 1206
2127 -929
882 -1881
-1964 38
-1571 1299
3825 780
-2249 408
1301 -1938
-1261 -463
884 897
620 1094
572 -44
859 -402
2823 2431
-1130 2232
-329 1590
402 1436
585 458
-352 21
-888 -244
-1313 -197
-869 320
-1168 -524
144 1049
-354 -378
-816 -435
1290 -620
774 -244
124 -392
954 -593
443 674
-430 1141
-336 307
13 664
-133 -1485
1258 -533
342 1
1596 46
879 465
-262 571
-267 -82
-516 -424
797 -46
-1025 142
78 -205
-254 -164
1036 -112
-436 -698
77 637
-393 -1387
1041 1633
-596 58
34 -776
-1051 -179
-581 -113
-558 -353
1229 -1582
841 -441
487 289
581 427
-4720 -92
-3398 -1543
5400 1807
-1783 127
5038 29
1288 875
1228 -439
-1424 1334
-1163 1330
4671 805
-2690 -730
1772 -1057
-2592 -905
-527 2041
240 2081
163 -625
797 -336
1936 1784
-838 702
-677 469
-1832 702
1537 436
-610 496
-1448 37
743 242
-464 -682
556 553
1936 -586
1287 -325
-740 -179
829 385
-1048 -681
-499 -276
727 163
214 209
-378 -422
-819 279
-402 666
155 -158
157 1126
511 1256
-476 -249
1391 1083
-1544 122
307 3
1117 246
-32 -705
-572 541
-509 237
705 104
-1352 136
-16 388
-763 140
-731 652
385 -870
190 158
541 205
-397 446
528 -72
832 105
1002 443
579 1321
-219 -793
-541 959
-4700 993
-1735 -2135
4401 913
-1598 1282
4771 387
2388 358
1656 -814
-2138 1128
-1391 347
4282 2319
-169 -1842
1513 -204
-2916 -648
612 510
1152 2574
212 236
264 582
-270 1925
-475 1463
-279 557
-1647 1742
-145 517
-2061 384
-950 -118
880 -873
-164 -265
339 -450
1423 -125
-112 -589
-735 -416
-912 486
-1896 -576
-45 -237
-709 527
-494 811
255 176
-392 -911
18 773
419 1150
-668 993
926 616
252 256
-50 421
823 486
-538 -1441
85 127
849 485
-709 953
-756 -417
-580 75
92 267
-169 670
1469 461
1240 537
212 745
-536 -712
1442 -174
-145 -182
-1220 -310
-737 459
-1065 -358
-1181 1016
1055 731
-239 800
-3346 -301
-3541 -2222
5737 853
-1505 168
3785 16
2845 318
233 -2314
-1889 592
-103 111
1756 2188
-597 -2023
2877 -516
-2079 -1034
507 503
-702 1331
-751 -717
-649 -53
967 1592
-1353 2045
-1468 557
-3208 1743
-490 1044
-745 -1988
-945 -259
-1046 443
-865 -271
287 -180
-712 77
383 -109
723 125
-60 -615
-579 -21
1106 806
-29 -1170
898 -768
-210 564
-1466 -251
-66 -1430
-969 248
785 888
457 -38
-1205 1865
-130 -708
168 -109
745 -221
-1122 161
2068 591
-638 -204
-403 -197
234 848
1 171
-757 10
-935 -879
521 -1935
237 -1090
-31 -1217
250 -286
-54 371
-43 267
-1672 -560
-997 -1776
765 213
1185 766
-958 -217
-316 1081
-4471 1598
-1215 -3195
-1960 168
5202 3507
1945 -318
-479 1624
1822 -2212
901 -2504
-595 -2338
5102 -664
902 177
104 -627
-485 -641
2348 1557
1566 1685
375 -650
-3035 935
521 -1328
-1840 147
-1293 986
-699 380
-776 -96
320 489
1707 -563
1837 2385
827 1596
-1422 271
-708 393
662 852
47 1441
307 -755
222 -1519
1046 1332
-310 -750
257 1206
2468 -365
-2093 1015
267 605
119 544
-1963 -1380
-726 820
34 -322
1733 -256
-250 -1064
-240 442
604 1489
-1503 1330
-184 663
110 -72
1028 -3613
1448 -308
1162 -894
1550 -1356
-274 609
1044 -1323
-2972 234
-95 -1183
-324 1979
474 1467
84 1469
893 622
-3180 -820
620 960
-2153 1853
-3177 2581
2021 -657
241 -1773
5801 4488
-1019 509
-2053 -1139
1923 -2825
1341 -2019
-3430 -1851
2752 -391
-1160 1840
288 -585
926 191
-1016 -160
0 2492
2616 -548
-1420 2107
1846 432
2069 -391
2576 -1421
-1043 -2359
737 -1220
-726 -1422
1058 179
1334 3197
-3183 303
-88 443
423 -770
-374 -1032
-115 693
-613 868
390 797
-33 900
262 677
-513 748
1763 2464
1239 -2066
529 -1624
-157 -2529
-640 2490
-934 1473
3 -629
-4 -521
-2163 1422
-303 -699
-349 -1290
2104 3242
957 765
104 153
-1404 239
358 1273
-1498 0
1078 -1364
-400 -1615
527 -231
762 1557
1141 2433
-716 -788
677 -336
963 -619
1647 -1294
131 1437
-546 1174
-2160 953
-2420 -2460
-190 -4359
-96 -353
4931 3691
560 927
-3783 -1971
834 -2709
541 348
-1233 -5193
4661 -1232
-847 2904
-1528 1336
429 201
-2522 556
924 1194
1674 -1195
-1155 110
709 1097
-669 -645
-116 -1121
1111 -676
99 -83
2205 1413
-69 -465
126 499
-704 545
881 -488
-132 -1
594 -1300
-66 -60
-450 -448
-752 1247
3400 1431
844 329
781 804
-415 553
684 362
-2319 -438
-1021 -212
84 1094
1228 1329
324 -649
-19 1576
-416 1761
1887 -293
-1235 -2576
-488 -950
613 719
-324 1205
1291 798
-2014 737
-996 -884
-1913 -1205
1458 892
-2013 295
162 782
-639 -96
108 1513
-649 -1236
-946 -1114
-310 511
-164 1676
-1152 -2035
345 1688
-3427 2293
-605 -3186
-997 928
4828 4287
1468 1015
-4853 -1787
445 -43
1945 -835
-9 -3309
5223 895
-1054 2925
37 -890
-3283 -2165
-58 1646
478 -1236
2094 -2427
1214 293
553 549
-389 -3026
-2011 -2116
-693 -2345
170 235
1076 1293
398 198
-1140 1426
974 -846
162 -594
716 -1201
977 -2383
-88 -1781
-233 -585
481 99
-118 -2967
-2029 786
-1742 -2361
-908 -1813
2302 -1300
1171 2449
-2556 1467
413 -211
834 -2084
1689 -8
-9 1559
-1756 -713
1347 -750
23 2636
-408 -62
-906 995
-1643 1669
-933 -814
-1416 -729
-1313 397
5 -503
-981 -1784
2702 1096
-36 2102
-1338 1181
461 2155
1669 195
-903 1153
-988 197
-693 697
-976 -1317
3797 1481
-4200 68
108 -3866
-595 2005
3062 2617
-530 -300
-2610 1827
156 977
2249 -1134
-622 -4603
3557 -502
1073 1810
-660 2170
-1859 -2171
2209 -26
-2784 2624
114 458
-1739 -1426
1183 -335
1672 -1056
-362 1799
377 -286
-82 315
471 829
2676 -330
867 1444
2182 455
-359 -1805
-971 -1181
976 611
-288 1010
-1492 835
-1206 1477
-466 65
1623 -1018
-5 -1148
606 -1163
222 -239
353 196
-1448 1470
1 535
-2647 1417
-1726 -2379
530 -23
565 26
-128 1104
-2007 433
3254 307
473 -654
-414 752
-2264 -17
-150 -98
1144 -845
1600 2580
-1635 -1622
163 624
-132 1258
1799 260
626 -92
-1341 1573
-1639 1934
-2267 -1324
-699 -201
-726 547
1866 1025
-983 -3006
3 -3333
1907 2231
3195 3959
2317 -292
-3834 -1882
788 -2922
2191 -2551
-2113 -5451
3628 1073
108 2870
1201 249
1648 -3263
-321 -1062
-1146 798
934 1880
279 220
1669 1549
651 -261
3202 2274
-3195 383
-1165 -390
1658 347
-782 -1046
-1325 1449
348 -1418
-1259 1071
-1612 219
1136 1492
-886 -286
349 839
1024 2045
-480 -1855
504 -1459
2459 681
74 -469
290 -1471
1110 -1151
-177 -86
-516 -1206
712 2261
-1061 -1354
1022 -998
-752 -430
-703 -1364
953 2108
-318 -1137
521 -299
-1109 -2121
2514 -806
401 -1098
1420 -42
576 -2490
-429 2262
-671 -220
137 44
-601 -243
-807 274
-1032 1085
-1231 -858
-1562 -2171
576 1039
-202 -3681
951 -1163
-3637 -1275
-229 -1847
-387 -2245
1064 5166
896 -656
-2389 -1267
1770 -3786
2979 -2290
29 -3688
1903 3575
1178 763
826 979
-1464 -745
-1118 1064
21 -756
2702 145
966 -793
21 1234
-550 1523
1832 468
1256 -676
2550 77
1058 -171
-552 316
-1292 -1384
-658 -254
-2193 909
693 649
2303 193
772 -411
2851 1787
-1028 254
1322 -706
873 -1826
-1442 214
229 550
-829 -1825
-1228 -1303
977 -74
-457 -231
761 169
2212 -534
-1278 -1693
182 839
1116 -674
1145 -1205
1321 -1186
-452 1287
1125 -47
-457 -1047
210 -74
-1279 -678
-730 -1302
1132 -677
1191 981
-2467 1055
287 1094
1645 -378
1418 -1288
2337 1715
1280 -2007
-1039 366
1644 402
-2018 545
-889 -1271
-923 -411
246 -508
2728 5229
858 -1183
-1226 707
733 -863
-173 1336
1578 -4273
1451 3207
-2804 2074
-840 459
-1618 -741
256 2188
-625 852
1795 -809
-1662 -150
1745 -275
497 -79
3160 272
2150 -1728
975 372
286 1
1015 -1948
-1322 627
1246 -450
1046 1298
-1083 2589
512 129
-108 855
883 -382
-2337 234
114 1667
-2680 1441
-88 -909
1322 55
-1885 1321
802 -1775
815 -793
-444 -1259
557 -2161
-99 321
-1061 -485
-751 2558
2372 64
-3331 -875
416 1102
431 -83
-234 -686
-119 -881
2051 544
-84 797
-588 2661
1079 1432
628 1306
-413 863
-1213 1059
730 878
3141 448
1017 2021
-2180 -133
-498 -887
905 403
-3534 -1642
3942 374
495 517
1294 -1108
2070 2051
-3009 -854
-1049 -2685
-1869 -2206
-1919 5219
-2968 1712
1161 -1585
-2541 5436
1686 1161
1810 64
-1346 -1404
-55 -20
2729 -19
5602 -1903
362 1046
2811 240
2870 -2572
767 -3062
645 -704
1446 -1312
-665 2451
-5112 -1797
-1483 -1176
-740 -860
3060 1517
164 -2274
-919 -2167
-276 2355
-649 1692
-837 -3425
1156 -1172
-556 -426
-5958 -438
2100 -604
-224 -1937
-8 -1929
775 4289
868 -1752
-2356 365
-2563 1105
-286 -761
-753 -1646
974 663
2522 -3266
-326 -1690
1393 -88
-1419 4153
-1317 -1863
-235 600
-4260 1427
77 563
-1266 2805
977 1297
2138 2091
9 -82
-1140 -639
594 -321
-2994 -962
3898 2782
-493 -1738
1375 -3089
3063 382
576 -2531
1093 1109
565 -1440
1918 -2214
716 1941
-3846 -2653
-3090 4745
232 1185
4678 455
-316 2339
-218 1667
221 -321
-353 -1091
3564 -1714
-2123 450
4924 -960
-1774 -2220
-3287 -1095
-114 1125
2007 255
-4940 1743
-197 2939
593 1752
-1795 -3186
1472 -323
-595 -121
-568 861
871 1761
-1705 -291
2168 1350
-589 -2237
-374 -2275
1968 -461
783 -723
-3419 -2647
-1846 3342
-826 624
1383 3783
1099 -3688
3107 -797
-2705 717
1758 1004
3848 -404
130 -777
1099 3988
-2547 -1816
-2443 -79
1863 -424
2766 -250
-2065 -1723
120 450
-2080 958
1378 2529
444 -393
-2643 -178
-1751 -1591
606 624
-802 2071
-1621 607
-1784 1568
-304 -913
1835 -1286
564 -953
2135 3870
-1394 3364
1014 295
1570 2071
-401 -268
644 2932
2159 -1859
-1408 295
-2261 4213
1611 1746
-2191 2815
5197 -493
2074 931
2434 167
240 968
-179 1997
3449 -22
-15 -496
-691 -79
2815 1658
-2405 -360
-344 634
-4918 -295
-705 1556
-2304 -510
-549 262
-1006 -576
1418 -1742
41 1648
87 1389
-1220 509
-900 104
-3187 -693
-135 -814
-2574 -718
-1021 -681
-171 -1009
5859 -1526
888 625
-178 -1058
-782 -1195
-1812 840
951 -113
551 -3854
-2668 2237
845 3114
663 2038
2074 -316
-315 -1050
-3715 74
439 -2219
1091 -67
1435 3631
-4544 -3283
2686 -2357
138 -1483
1822 872
504 -936
1445 993
1982 977
-1440 286
-86 -2885
2441 3404
323 -1726
2256 -1904
114 3174
1697 -2979
-345 2650
-1511 1070
2630 1392
506 -2840
-3259 1546
-3307 272
4242 -2294
-1241 1326
2791 1174
5014 943
1083 -3501
-524 1829
-3323 3474
-484 -860
-589 -710
2144 3775
3520 3271
-2195 1365
1125 -608
-1337 -1459
-1002 541
3647 -2574
-827 281
763 294
-1981 104
241 1931
320 2112
860 -771
-900 -563
2609 1385
1583 -1851
2541 2767
-359 2972
-3424 -56
-902 -4702
3507 -585
2 1169
-200 1864
-2085 367
-1104 -270
2466 1543
1561 628
594 -405
-1565 -1376
404 -2171
3434 -1944
1032 1513
801 632
2590 -1054
816 405
495 2662
-3062 -1581
-1466 863
367 76
-2892 -3718
-3021 593
1998 -857
-230 -927
-1060 -2326
3000 1139
-5808 -739
2924 2366
1301 -58
1560 -4101
3163 2601
3805 1947
-236 -1733
3932 -4386
-2896 1307
-1932 3051
3645 2856
-5821 2002
1362 -2495
2417 3760
-1444 314
3634 -1127
1293 489
3028 1326
968 1187
-3061 1674
1534 -2070
130 -1521
-577 -324
869 -245
-4083 644
-1585 -2732
-1169 -818
2383 1285
3042 2678
-861 1014
-1400 -818
824 -966
576 371
-718 1781
-3644 1473
220 -897
-848 550
316 -667
19 1331
2160 -1305
-1176 -917
4186 -2539
895 3515
-1272 1604
-1951 -524
1881 -2742
3487 -1981
-4810 -894
-3013 1898
1875 -102
3290 643
1635 420
-2846 -255
-3993 -1218
3860 -178
1966 -1230
-98 -1917
-1002 1113
-439 567
1387 -1055
2533 -480
2550 2545
334 -294
423 -860
-5705 -2231
588 6224
1495 1404
-503 -6490
-676 3183
-2068 -1147
2336 2303
1869 155
-3581 3127
35 4375
4752 2702
-4998 -1526
-147 1622
-1584 3510
2731 225
48 2818
-1196 -1556
-219 -1524
-2919 -199
-2021 2835
-1658 -2256
5933 -2006
1901 -825
-2395 57
-1448 1977
2402 -2441
-2350 978
-2142 -1681
-221 -686
-863 -2721
154 -497
796 -1440
943 -2688
59 4340
-777 205
-3450 -11
1484 2106
1426 1259
-2125 1480
137 -262
558 -734
-991 -1307
-1392 -95
594 2596
1531 -130
-1167 3456
-1509 -2562
504 702
-3473 -716
1881 5681
-2854 697
863 3228
-1177 -56
-163 4568
1467 -1839
-217 -490
-504 -913
1325 -495
-316 -1788
717 -3075
286 326
3818 1301
-773 704
2377 3657
-2689 150
1998 3336
2237 -193
3957 -293
3465 428
-624 325
371 1812
1535 3606
-4173 4033
-3963 -2322
3560 -910
-6431 707
1121 -635
1845 1851
3380 -3433
-2092 2873
-3865 1197
2552 1707
290 -2757
-130 -1853
-21 298
-277 939
-3495 -3030
-2063 1796
-1434 748
-840 1703
1696 -164
2487 -640
-1230 -94
-2171 467
484 -354
-2848 -2519
2055 766
-1891 -316
-926 2327
1035 -1010
887 783
3124 944
1162 1974
-782 -1724
-1126 -1186
-513 158
-4717 489
-554 451
363 -139
-564 746
-3520 687
-1465 -841
1776 -2893
-324 -719
185 619
-537 -2566
-756 510
-883 -61
-796 1081
-1546 448
1427 -1989
-1405 -1996
-1410 313
-1192 1431
-2819 -2263
-134 372
-649 -1468
-1605 -3003
755 -1665
1497 3199
1216 -2548
1821 -949
1896 1722
-1290 2333
-228 162
2782 -1608
-1402 -514
-1733 1228
4165 1679
-195 -1761
3555 691
2380 2798
1326 -3175
660 2451
592 4075
2883 2127
-2223 1238
-213 907
-1481 422
-1563 2295
-1041 1190
-822 -48
-543 3119
2419 -2523
-2576 -515
89 -3871
714 -5887
-2053 -206
-344 176
950 1422
3170 -2337
933 734
3906 -1781
102 959
137 251
4265 -186
-23 2185
-2863 2790
286 628
-568 2735
-104 -133
1705 627
1994 -4162
-1928 346
4088 -94
-496 -1809
-143 -275
-1284 -69
-199 -411
-3120 -984
838 875
1294 -3455
-2680 -220
-2320 222
500 -799
2466 -2443
-1136 -1296
-3323 -1014
-166 -834
3056 -1519
-1901 1137
-642 530
