3455 -8072
14491 -1557
8473 9123
1197 2253
2338 1174
3073 9701
-4785 12341
-8368 -1787
-1374 2249
-12748 1258
-4617 -13496
6653 -11269
8630 -6999
1923 2038
-691 1092
8911 -7673
7516 7395
-12484 4892
-6623 -6716
-1954 -6489
305 -5636
3753 -2076
1483 -889
4767 -1830
997 -2592
-485 -4771
3179 -6520
1953 2916
-4293 1580
-9562 -8140
491 -18846
14522 -14452
15339 1318
773 390
2081 -2209
8234 1781
4954 -4734
10661 -2321
11590 -1741
7843 5714
6334 6855
6498 -130
3898 12196
86 3795
1425 -3524
11059 -1561
8866 10485
-2016 9762
9338 9403
-5328 14366
-11818 5380
-2293 -3212
-545 5252
-5680 896
-5934 2166
-5689 -1888
2931 -5444
-587 5709
-7830 -3013
-3491 -4415
202 -6177
-4348 -8247
1580 -8872
574 -8549
8273 -10786
10743 -344
9038 6036
3245 3541
1927 2973
2862 11230
-9680 8113
-7155 -3714
-3406 417
-14724 -2437
-1807 -14765
3673 -8008
4288 -3149
1644 1177
-2361 -4509
11682 -6841
6559 12816
-12308 6978
-6540 -8301
1490 -6345
2718 -7733
4539 -2092
3826 66
-900 140
931 595
823 -4207
2268 -10942
2835 -40
-518 6003
-12200 -6487
607 -13598
16187 -13008
13593 -766
4283 3741
36 -2831
4950 -3497
3008 -8321
10738 -3369
10800 -582
8885 5746
5908 7423
6253 -67
2465 6370
3863 212
804 -1667
11965 5388
7651 11616
2534 8961
3211 13624
-5872 10782
-2159 3728
-7369 184
3236 3414
-1898 1692
-6330 -2466
-402 363
2251 1933
-597 3482
-7942 -4574
-2769 -9225
-1325 -5592
-2249 -2700
-4096 -7424
3379 -7460
10013 -3754
6019 -1583
5921 9451
959 1387
7001 1561
2195 10019
-13133 7625
-3413 -2755
-3860 1199
-14441 -4874
-5009 -13615
4244 -7713
3005 -5946
2082 1865
-612 -3322
14154 -6283
3640 10273
-7736 -378
-4546 -9444
3739 -9789
1110 -2616
6457 -3961
3889 -2441
2285 857
-1470 -224
1276 -6789
5352 -6656
292 2881
-708 1406
-4161 -4282
4793 -12360
14114 -9789
12673 4780
111 5083
6305 -7245
6949 -2726
7846 -3294
10776 -3592
10321 2615
6209 4687
1608 1645
3722 4328
6150 7848
2454 1170
3413 -4315
13224 4426
5563 10958
652 6526
2646 11933
-11787 10965
-12138 1403
-3571 -3331
-1725 1457
87 -3192
-3662 178
-1367 -2753
966 -1812
-7189 4505
-5186 -4063
1366 -2937
386 -101
-2860 -3772
-3510 -9797
9989 -8119
13986 -4201
9209 313
4371 9630
2713 4768
8065 4698
529 12589
-9292 4430
-8183 2709
-6733 -2000
-6371 -12872
1791 -12135
1854 -10395
10062 -4679
259 2373
4016 -7743
9338 -1174
437 11440
-12385 -2126
-3150 -10218
3191 -5970
3457 -6312
4173 -2264
3062 -1705
-772 749
-4611 977
3084 -5443
4627 -3609
1942 341
-5617 -1506
-4478 -8277
5376 -16135
17767 -7703
10840 6507
-1312 3960
1394 -6479
311 397
2274 -7122
5179 -1196
11891 3010
1936 4838
6871 3242
7692 4540
2456 3577
7442 87
3761 560
11822 10080
2516 10493
3200 6266
-2559 11486
-7135 10415
-10731 1775
-7594 -434
-1784 5524
-4770 -294
-1418 -4780
-1580 -2756
5025 1445
-6441 3345
-1078 -4853
2491 -4907
-1971 3429
-6879 -6071
5769 -9514
4232 -8079
9919 -3412
8094 2465
4937 8662
3045 4353
7855 6809
-1089 11448
-13480 7135
-2168 -272
-6741 2464
-7393 -8222
-3982 -11326
4251 -6075
9685 -1434
3133 2886
2220 -5849
14059 -291
-3301 15752
-10222 1359
2041 -8921
5668 -2844
3305 -4215
6361 -3731
4864 2776
-1270 2122
-7438 3
4768 -4449
5522 -3497
4549 2376
-3308 2428
-3598 -9443
4944 -18119
17326 -11110
10915 7380
-694 -1261
661 -1693
3087 -4301
5702 -3944
10911 -4696
11053 3875
10207 4153
4931 4272
7512 6205
2469 4469
3965 1062
7254 -3312
11404 6007
6543 9550
390 5814
-433 13216
-9029 12980
-7359 3926
1225 -2651
-2442 1406
167 1724
-2353 -3203
1521 -4542
700 3173
-5839 2584
1033 -4054
1414 -1853
-2347 -811
-4023 -7649
-375 -6293
7005 -3364
9806 -8530
11311 -1053
1921 6889
-492 2439
7032 13381
-1845 13983
-9115 1740
-2542 889
-11328 2158
-4427 -7312
2075 -12023
5791 -7328
7555 -1081
1785 4279
3059 -5778
12608 2464
-3391 11353
-7148 -614
-4789 -5089
3143 -7747
4456 -7624
7480 188
3798 205
1745 -1642
-1727 554
1603 -6818
8213 -3768
3486 3151
-6223 2332
-4774 -14910
6548 -16247
15803 -3574
13328 3774
2849 2137
7960 -1146
2683 -1625
3870 -5030
9892 -1227
9416 7335
7149 7662
2064 2856
10475 280
4458 6764
3861 3871
3536 -4447
7109 4990
4027 10639
3755 6060
-83 11055
-11312 9798
-7964 -2024
-5750 -3277
-2709 2474
-4758 4247
1545 -4674
-668 -3333
1043 4148
-6852 5090
-2713 -8051
-2756 -3084
-5996 -1532
-2155 -7699
2267 -8835
-1399 -4671
12118 -2885
11316 3662
2686 6184
312 4729
9469 7958
-2909 12602
-10687 2562
-5314 -902
-7772 -1555
-8667 -10377
-682 -11840
3829 -6836
8323 4962
-2588 1045
2833 -13382
11184 4305
-5778 8513
-6946 -6445
-3702 -1086
4913 -5807
8018 -2092
6619 2501
4203 -357
1025 -1593
-2304 -6102
4382 -8055
9386 -899
2980 5111
-6254 843
-6674 -14625
9936 -15331
15084 1085
9100 6329
1437 3846
3782 -3304
1717 -4548
10618 -1258
9061 5335
11930 8992
4135 3034
3604 -1595
2111 8768
904 2399
3402 242
7827 482
8713 5977
3544 10623
7598 6895
-1248 12571
-11735 8997
-6374 -1324
1350 -299
-2981 -692
-2306 146
-1366 -1320
3782 -3718
1184 4580
-8732 4103
-5121 -6585
-2122 -2079
-1205 -5708
-2234 -6343
-665 -10404
6957 -8355
11455 774
10725 3800
890 6722
7019 4794
6481 10598
-4912 9351
-8487 873
-3837 3150
-8334 1178
-9688 -6837
1917 -11801
6299 -6200
5989 2027
-4392 1283
6226 -9084
11496 3264
-6733 8990
-7669 -4892
-265 -10968
7230 -8646
3397 -7552
1538 15
-2161 -1250
1916 -5541
-774 -3986
3172 -6471
6805 -1320
-3165 4670
-5938 -4661
-1666 -13027
8023 -14220
14833 -2623
4201 8476
-2620 -1880
5160 -3369
3359 21
9614 -4615
10646 5363
10894 5661
271 2016
7384 -2086
6681 4463
3917 6986
1694 2560
5744 -676
7868 4810
1688 11307
4404 10724
-267 13680
-10566 7607
-3732 -5100
3695 2846
-6635 713
-1056 154
-3896 1005
1110 -2439
1676 8542
-9105 -60
-5901 -8469
2197 -1491
-5643 -4778
-1628 -8111
1593 -5372
6246 -6705
12905 5213
-5706 2563
-68 1219
7285 9864
2111 23115
-11687 5150
-14933 -175
-15146 -2269
-1236 1039
-8497 -841
-15138 10295
-20320 -10562
-13143 -17949
10844 -14935
7054 -4515
6454 11145
-294 4886
-7038 -7612
-18771 -6914
-8045 -6201
-4514 -288
-10989 -13747
-12624 -8117
-539 -215
4340 -3750
654 1224
-6978 -10486
-660 -15351
12310 -13772
-787 3132
6445 -586
17005 6093
327 7493
-697 4707
3875 -13433
15010 -6587
10605 12856
-4488 15769
-1398 14170
-11889 17229
-18486 7917
-3490 1893
-7953 3485
-1896 3232
-14413 8423
-7417 5552
-9241 412
-9637 1957
-21238 -3188
-13187 -2986
-13590 6214
-1245 -1851
-9258 -1842
-1087 -13907
-12101 -2434
-9603 3618
-26974 -8802
-10978 3796
-16152 7443
-10804 -14868
1183 -9430
918 8706
-13754 1326
3552 -20609
12608 7672
1485 644
-9105 1352
-5985 -3948
-3896 7887
-9142 7912
-7230 816
1574 8401
-7668 -2152
-7336 4945
-20010 3794
-10910 -13553
-5668 -27764
11307 -7065
15468 62
329 17564
1283 6811
-10566 -8164
-5648 -5689
-2545 -5314
-17970 10424
-10407 5022
6098 -16035
4493 590
-285 -910
-6800 2598
124 7148
2996 -4986
-3149 -10294
15071 -4367
639 -3577
3149 8853
4398 15308
-807 -7486
12234 -1235
13429 8530
4507 17760
2500 20865
-7551 22121
-11155 -1403
3936 -4102
-1989 7609
2094 10916
-6839 16026
-18594 10095
-17743 2551
-5001 -11855
-14969 -1063
-9641 -4919
-1306 -2565
-14532 4266
-7401 3250
-5933 -5003
-11254 223
-6648 -2287
-8599 3520
-25391 -8172
-10108 -13
-16812 -5417
-11295 -9842
358 -4657
-7416 -4357
-760 -6958
9118 -12561
1080 -5514
8586 -6990
8106 3124
213 6913
-14699 12251
545 3380
1142 2031
-2813 4112
-15563 -1162
-11463 9270
-9780 8836
-18399 -4335
839 -16713
11847 -1528
9277 -5123
2464 16660
-3631 3017
-11938 -1461
-7268 1119
542 2209
-13715 -4252
-11006 -15408
3888 -9602
-5522 -6362
-5213 563
-5439 4231
-11628 -5665
9729 -15554
5532 -4067
-2862 -6074
-2793 -9550
9683 6070
-3282 5934
-488 -5215
6261 8597
2061 5554
2938 15578
-2439 20623
-6046 13648
-21065 8138
-9719 4570
-2886 -1851
8055 12584
-10450 12171
-13412 6166
-15469 -13107
-17156 8301
-18897 -7597
-12059 -4373
14698 7092
865 6008
-5998 3633
-15604 2507
4387 -3045
-3438 1125
-8293 1577
-869 -2643
2209 732
-16261 -8714
-11142 -19441
-2175 -10055
-11082 -10090
-3483 -10734
-1731 -2949
1218 14482
-5096 6523
-131 -1216
12154 15803
-13711 16069
3174 112
-81 9236
-14883 -11842
-9374 10725
-4815 7176
-23642 1374
-8220 -6404
-10321 -12045
8398 -15232
-8433 -5148
-443 12373
-5457 1421
-856 1287
-8896 7096
-12019 -7069
-8130 1121
-1202 -15897
3339 -6209
-1077 -14005
-2872 4104
-7363 -430
-5844 -6519
3838 -23472
11715 1475
3841 -8019
10982 2896
7384 3249
-2342 -5996
5837 -30
12647 1083
9385 -3715
10207 21248
11777 16528
-330 15016
-17113 888
-16458 -131
2964 -5098
-9184 10900
-13655 15945
-17912 9639
-4567 -2544
-3886 8835
-28787 -5931
-3855 -10923
-7279 -4828
-3515 5056
1000 5127
-6542 3550
-456 5496
-20227 -1465
-26179 -1708
-11732 -12826
5753 560
-13692 -8607
-4777 -16819
-6658 -13962
-2527 494
-15956 -30683
2993 3964
6376 6941
-11811 -2954
4882 6597
231 3716
-9445 2994
-20779 10066
3087 -6907
-9983 5361
-12292 10178
-2266 7964
139 -12926
-10880 -21401
-3141 -20194
3451 957
743 2213
-4190 18375
1344 -3223
-12079 5894
3087 -11411
-9010 -11031
-19504 -11435
-15309 -10546
-9398 -14536
-3011 -3842
-2128 -12254
-8186 4998
-3362 -463
16542 -10694
438 1346
-4894 -11212
3401 223
-5876 13839
484 -915
-11946 13678
23234 -7725
6789 10389
5008 7283
-3885 19613
-6478 25780
-17665 15096
-7144 4816
1736 8032
1445 13844
-13433 7341
-17614 6608
-12623 7383
-15246 9403
-18260 -4772
-15740 -8471
-14258 -1782
-6570 -8787
-9915 4542
-5015 -378
-2585 528
-13850 8056
-23911 4626
-14844 -17656
-13688 1233
-20511 -3505
-2130 -19835
-3838 -3624
-2909 -2331
4165 -28528
9951 -13789
6555 3739
5810 5137
-1242 802
6793 6698
-7546 8749
-8772 -164
384 -9018
-14444 1411
-817 15584
-8980 4457
-27827 8870
-9949 -15286
1640 -22285
-9082 -7316
20610 -3152
5475 7276
-13443 4071
-4180 -8542
-2282 -1634
4337 -528
-11995 1829
-10114 -12038
1500 -6785
-7563 -3694
-90 -7125
-10707 -1068
-6108 -6563
-490 -14968
7807 -3720
2817 -432
6016 -1957
-2635 8088
-8469 -1229
-172 -1536
19360 -1245
5443 4235
2118 19362
-7047 10230
-15130 13526
-22370 316
3603 -7542
-4986 9961
-4950 6520
-6265 8737
-5663 10817
-10846 5135
-4072 10812
-20221 -2420
2605 -4165
542 674
2748 -547
-1602 4948
-2738 -1612
-8390 3478
-14411 -8596
-8553 7809
-8064 -16029
-6710 -8629
-17179 -5059
-620 -19395
7664 1620
-3903 4413
-1529 -20854
13991 -5020
-4735 -1389
-3834 -1023
-2641 5891
8426 15327
-912 -1554
-8866 5101
-10409 191
-2483 27
-1481 6791
-7468 3030
-18933 -1085
-2036 -19663
-6024 -18898
3628 4337
7747 3759
-1989 16505
-1520 1904
-3458 9859
-2914 -10121
-13462 7737
-15402 -10109
-17389 -10062
-2887 -8562
-1433 -2489
-4506 -286
-4142 4729
-1803 -6588
8664 -14540
9436 -5878
795 -4565
4975 3685
3784 4528
-14625 -1141
-1257 -10747
12862 526
22140 12758
3025 16431
379 4962
-16084 14032
-11321 9074
3543 -5791
165 5960
-7499 13483
-5064 7373
-9055 2052
-20909 10468
-16954 -4717
-13743 101
-7120 282
-3190 1935
-4650 883
-6172 -1161
-10579 -2379
-11031 -4726
-1309 -38
-21448 -1033
-21524 -5130
-8406 -8250
-14310 -6996
-2146 -13079
5271 2663
-3337 -9617
8394 650
2412 2456
5888 14067
2725 78
5377 1589
-818 3521
-941 10571
-16931 1269
1819 1697
-2401 -6021
-12132 2522
-14298 4809
-23989 -8872
-7113 -15597
-1448 -18256
7703 -4248
3575 4471
-2778 21688
-2714 3137
-5828 -1363
-1532 5827
-12885 6645
-17529 5232
-873 -16440
7559 -1204
-11759 5107
662 -2755
-15414 -2118
-6454 -9819
17595 -14821
9266 -3987
5789 -865
10649 3131
-449 21116
6080 -7089
6084 3886
12731 7930
8186 6843
2596 13456
990 18343
-12057 7717
-1697 -2347
-2564 11084
-9530 16008
-5414 958
-13342 10622
-6242 6272
-26212 16818
-18685 1813
-11731 -3017
-10154 -3715
2196 2595
-4847 2332
-21884 -871
-5107 -13387
-12192 -187
-6313 -3341
-14672 -2675
-8154 -12251
-10753 937
-4559 -14560
2238 -11851
10780 6123
-7936 -9793
2303 -20228
11446 -12999
11474 -8228
-6107 6005
10342 -1811
5105 -14180
-2974 -3852
-2607 6610
-16716 -8379
8205 4488
-13817 -9922
302 714
14535 -13055
11049 9653
4384 2236
-462 9492
-4825 -5488
5207 -8116
-1297 5577
17787 24671
26439 27419
4517 14037
-16515 20802
-4212 5620
-2322 -3634
-11503 -2241
-9226 -6443
-589 -10249
7214 13090
19040 7117
8020 13283
23396 -2656
-1707 4590
-7523 -18565
2490 -1574
14026 23356
-15293 17224
-13554 17123
4050 -2920
11138 -1964
-75 5830
12620 -2721
10245 2508
1605 13365
-1496 1610
-8184 -3770
13195 -11093
13075 7599
7139 12784
10193 7050
13117 -2291
13908 3903
16471 -13024
-10740 38838
-6581 218
-12738 29931
-26609 23095
-10672 -13731
14894 13309
4314 -20106
9883 -5149
-14916 -3190
-5155 5335
-5300 -9635
-4134 -13263
6483 3696
-9541 -1037
-6063 18588
21168 2048
7201 17779
10645 6124
-1124 974
-1951 -3709
-25079 -4648
2808 -7445
8212 -17014
16061 1161
1136 -836
16438 7126
14621 -975
-14418 -3043
-688 -16009
-2380 -4746
9824 17874
4225 16776
-10926 7355
1100 -1571
-3326 -11495
-10130 5983
-6593 -11040
-3257 -19307
2602 -18974
-9103 155
419 -5950
28762 -7857
1569 3396
32534 -1325
5265 -11589
9063 5501
6160 18176
-4973 4649
-17203 -2483
13376 -398
-8003 -6712
11077 -2587
1842 18134
-21512 8067
3105 10911
-10558 -3205
-11765 -11540
20953 -18596
29460 -9122
-6385 27953
2429 17773
5058 -4622
5989 14719
-1791 -14085
11946 14678
-25657 15485
-1038 7374
-28566 20959
-33400 -18865
9153 -10907
-4352 -10792
8811 2837
9151 -8765
7359 1543
-9444 7713
-5233 -14727
-520 -16219
16827 -1840
-6004 15650
-10441 -7925
12963 16951
16350 4360
-27904 15323
-3068 -15396
-6901 -14156
148 1057
374 -16553
5098 -18552
-1011 -24008
10615 -715
-1670 -6100
-1841 -5013
3920 -7265
8652 15733
4994 13312
7663 11805
-11753 12803
-7405 1608
-14866 14748
-19498 -993
-6871 1752
19429 -16031
15833 -4134
3942 2161
-10030 -5304
10036 -9569
11307 -9605
15059 21042
6766 2121
10967 -342
11887 15135
-8403 2978
4672 976
4914 -1331
10228 -10323
13720 -13
10434 3846
7026 9017
-376 11984
-28248 -10984
1539 -15032
8987 -2100
7574 21380
6167 -3202
-8567 24361
4998 3613
-13653 -9777
-3999 -2458
-1054 15892
12146 12542
-24160 30835
-33972 2189
-15282 -915
-14271 -14183
-16804 -14487
-1844 -1193
750 -2018
3655 6788
-1784 15026
-7648 -4174
8742 -20740
6346 -8195
11922 -10204
13050 1707
-9688 -17232
4344 -4113
-20825 11670
-11892 -31375
15134 4487
15618 -17106
-18257 4019
12390 -10191
-7035 -9460
12462 -3452
4707 17892
1706 16124
11314 -9703
16845 14988
6958 22042
6606 11181
-1526 30768
-22800 3688
-21690 14994
-1398 6835
-9420 10469
9886 -25034
7027 -10987
7868 -13471
-5418 17602
-732 1801
18343 8658
-7085 932
2783 -2679
6998 20387
7510 -509
-12154 7681
5223 3028
10830 -16305
5927 -4706
591 475
8596 16440
-158 3790
-12352 18217
-5727 7703
-6479 -15540
11368 -17916
2443 8198
441 -2315
12194 18388
-365 19004
-793 19391
1229 5746
-19966 2762
-14301 6955
-7499 18716
-1447 11398
4112 -5521
-15682 7878
-14477 -22493
-11942 3763
6170 9538
2846 6783
-4446 1133
2050 17599
18788 -21446
10719 -4459
18871 -1092
-18630 -18110
4582 6460
-3282 9584
10885 -6779
-18041 -2547
5885 -2119
12254 -25423
-11117 -13241
-16759 13316
-10811 10084
6194 9341
2878 -11962
4416 -5195
6567 -35114
11042 12722
9440 -9270
-19337 31062
-878 12893
12404 14227
3451 2471
-1521 -627
-3434 -13048
9621 -3929
9655 -17271
1327 -17075
-23296 -6302
18391 -14129
20471 11414
14632 18890
32201 6249
-4741 -277
26431 4330
-11161 7829
-4441 -2116
4166 7305
8162 5365
15073 -4157
-3727 -7011
-11504 -6477
-13676 3523
-21342 -4155
-1153 -19929
15008 -3251
14522 2719
3539 4801
13696 7469
21312 9414
20569 732
6193 20687
-7725 9927
-14089 11720
-19703 24964
-11793 -7846
-327 -20132
13945 5749
1278 -12257
7126 -10347
-5335 6610
671 1659
-19605 -173
-5625 11169
-1308 1006
-4353 16649
-4248 12946
8013 581
7684 14113
-2240 -12905
-19130 8283
-9316 7879
7667 413
-6366 -32501
-9143 -12751
10601 -8477
-7633 -7343
9816 9403
26094 7183
-21102 795
4176 -10956
22064 10940
-2456 22556
-6035 3539
-11668 12528
-1721 1663
-8165 -5022
705 -1786
5029 -12666
-7758 -16903
5538 10485
-4978 -11639
15313 -4797
-4400 -4433
14369 6569
13147 6353
26176 -5646
1715 16371
737 1129
-27656 29
9350 -568
7001 -18546
11561 9159
23292 4631
17288 12204
-13128 9901
-11201 5105
-11638 -6817
-11989 -9984
14204 -17488
19306 5970
-9135 8903
9654 10803
-13978 9300
-1372 2878
-8357 10600
1505 2974
-27340 9691
329 8013
-10673 18703
-11965 -25719
-10684 7259
3487 -1830
14546 9273
12234 19343
-17231 -21538
-18073 -9536
186 7465
16316 -5738
7363 8365
3992 -225
5665 -2576
-2630 -3955
-24295 34934
-5734 -3406
7862 -2182
-19275 -519
-12210 -7020
-7574 -4348
12630 8505
1545 7228
11999 -13152
-1771 -9235
7454 5942
9178 -12609
-6497 23927
-16659 -9006
-3148 7683
1402 -1480
-6043 300
-2650 212
-2412 5369
-10567 -16508
12180 -16961
-5483 -1488
-6662 -7343
8628 -3002
-3 7214
28091 4411
376 -9829
1993 10735
20805 12299
2448 15475
-2147 10180
-13632 -160
2943 -18416
7887 843
15520 -866
345 777
-13724 15458
10568 -11369
-5333 -2899
-8668 361
11839 -9310
26559 4583
-7269 26417
-9108 -985
2517 -1095
9028 9303
4602 13169
-2216 8939
-3596 19259
-9180 28311
-30829 14433
-12052 271
3158 -5669
-1300 -9390
14129 1033
838 5682
-11971 7147
-9853 2016
-12167 -26011
21018 -9161
2455 -17175
-12109 11815
2200 -7235
-16276 13722
-27241 -5024
-4890 961
-18107 -8186
-12224 -8124
2940 -8065
8271 -8640
15004 9228
1604 -10663
7953 -4520
10277 -3165
-7792 -1842
5339 -16913
4509 15639
-8365 12160
-9702 11720
-3490 9073
1729 -323
-8016 6854
3002 2228
7172 -11631
-867 -18645
20609 4493
10319 -6321
-10855 -4576
897 6869
5042 -10979
12946 -5918
25272 -13638
-11411 17395
1480 1195
-11112 -6524
5894 -2525
481 -1423
-2943 -18301
2768 20556
8461 30873
-7874 -2245
-4540 -8428
-22808 7170
-6426 -18032
12375 -2752
25117 4487
14375 950
3830 4680
2599 1537
-9094 7518
-7375 22067
2752 11077
-5169 28606
-14226 14979
-11882 367
-9720 -17658
-17103 -5745
5665 -19552
-7878 17000
-2045 -6893
-17200 -4465
-12710 2794
-518 -10570
9973 7132
-7087 1371
31060 -4031
-27378 7844
-11047 13698
10357 -9537
-547 -5162
19300 28953
-2827 -8892
2553 19233
-25198 -13463
-19345 -9949
-4976 -15993
11879 -5679
-7696 -2746
8626 23128
-11224 4769
15566 -7228
-48147 -21746
-47381 -29189
-14316 -20882
9714 -29615
-19201 -1894
-5321 4041
2223 -3587
-21306 -21086
-6990 -18878
-7764 -31298
-38789 -29204
-16248 -33533
-19257 -19320
3812 -19480
17396 10975
16337 16721
-6306 -17520
12672 9199
3473 -731
-25225 549
-11041 -22925
2765 -22171
-9541 12816
-21357 11949
-10821 -6555
-555 1533
-18671 -6276
-13122 -9834
4177 -33662
23734 -16629
-8894 617
-1824 16040
-13824 -2478
-22343 24943
12594 -39986
-679 30835
2193 -5000
13664 -8260
-17923 22666
-13346 -39128
-2903 1094
-9328 -17068
29292 8689
12475 -16258
-11259 -3026
15676 610
-11377 -15623
22286 1293
8826 -8219
-39438 -5241
-6065 -21982
-10587 2138
-1605 3241
-18838 1543
29546 -6153
-20016 18786
-35848 8633
-5003 -28871
-4662 -4296
-15068 8434
-21960 -1976
12042 15449
-2295 3914
12493 15324
-23695 8633
-27287 -9685
20417 -10906
13534 4417
-10800 9761
-13060 -8641
-31369 10282
-12366 -5135
14887 18694
3817 -46169
6491 -17093
-20124 9180
-4237 -17668
-33232 -6975
18593 10313
-7180 -10507
-7559 8234
-16797 7529
1628 6582
-39029 -11082
3955 -11629
-5019 -22749
-3110 -12048
28556 19822
-18204 -13550
-12404 -4
12134 -11319
-26296 568
-10869 4335
41391 -15442
866 -20658
-12127 27118
-11988 -18910
17242 34434
-25638 -3134
39083 3963
-1390 5579
8275 -20342
15099 16099
-3062 12963
9914 -24258
-12210 -11441
-8710 7959
-9216 -6002
14046 -7012
-9415 10893
6946 19784
-2156 23820
-5122 1388
-3678 22198
-16641 -31525
-16049 -5927
18611 -16422
-23844 21216
876 5380
-1463 2781
-14358 -1711
-12552 -3682
8670 23499
-22359 -1358
10078 1600
-5 14613
-7619 -16522
1154 -9536
-9165 -1221
-27120 -19881
17829 -36388
13126 14334
14049 -22771
2989 5610
-11263 -2807
-35700 -17464
-22452 -27455
6557 -30986
-67 8918
6761 -2268
6827 1591
11932 -36060
3917 -5888
466 542
-11706 15311
6031 -5778
-7858 676
-11259 -12397
-10839 -13870
-11276 -2324
-5546 13408
-26511 -723
-19584 -5907
17446 2519
-2521 9875
463 -32430
25373 -29143
29693 17148
26902 -8196
-8920 -2706
-18393 148
4818 1839
8211 -1752
-17234 -5946
8548 -23764
7323 21014
-14853 -19067
-6542 -6530
7683 -12307
10970 1282
12439 894
-1425 -2721
13668 -21339
-4949 -5146
20771 12393
15081 2648
-23003 37380
-13185 8149
1348 9146
3860 9073
-3135 -13314
-2426 35273
-30120 17696
-36329 172
24523 -27051
-2113 664
-9471 -12182
3415 768
-2960 -4251
14679 -17432
-25361 -8124
-27000 -3797
-29656 -25852
-13563 -31862
5756 -34805
29552 -5039
7702 -7997
-18979 -14473
-13943 -17551
-38149 12299
-4294 1386
125 -3780
-2195 -38765
3159 -14988
-11159 -15828
19935 -7786
20515 9531
-8025 -4436
-18011 18241
-4368 14746
-35454 8144
-32469 4460
-18422 -14746
4677 -9
-12242 -9036
3161 10112
-6929 -9288
-1036 -27158
3526 -16301
6297 -10842
15843 -8925
6383 15381
14882 -5352
-7180 -10819
21784 -35320
11751 8122
1984 7966
11753 3106
-10400 -16984
-17448 -10130
-16412 -9066
19857 -21347
10793 12066
29349 -9066
-10429 -28256
3001 -714
-3924 -14716
15659 -31199
-2447 2617
-8189 12959
-17726 19577
22561 23837
710 -10381
4923 6206
-7881 5452
555 7734
-18946 2444
-37648 23693
1735 -7348
16091 -18532
15120 -4059
7854 2567
-12494 18029
-1934 6164
18969 30801
-25471 7871
-6814 26761
10224 -44265
11577 7391
-26657 7341
-3674 -13365
-3 4880
-13086 13381
-35207 -14584
4013 2073
10251 -4390
29201 -8303
-3711 -10753
-6411 -12970
-7655 -42686
-9825 -25064
16007 16475
-21553 -16129
-35353 19705
-27783 3436
-20677 -12381
355 -31434
-11501 -723
14059 11128
15464 24055
937 -9492
9879 -13263
-7158 241
11671 -33807
20873 -15663
19782 356
-18525 4051
-32895 3439
-18077 5636
13962 -7879
19399 -3089
-2253 3678
16922 -13899
-6056 -2531
-1164 16837
-35597 1532
-4027 -11727
6914 14001
7058 -12347
15489 4078
7279 -5294
3356 -16457
19802 -8531
11817 -26292
-17452 -13279
-26924 12216
-9134 -11589
-6300 44604
6835 1718
-2723 -8454
-10832 1168
-16463 23457
13894 1685
24515 -9306
25322 9805
-20797 -8614
-10982 7496
15268 4744
-10147 8439
-32659 11046
-3858 -21000
-8396 -835
10913 -10188
-12425 504
9400 6484
-23469 -11097
-15300 -2214
3392 2710
2935 -32180
8881 4790
-22134 -694
12280 -904
-1840 -32969
-7114 -6983
-13940 15570
28713 -2036
-2077 27628
30159 17263
-31797 14179
-15809 19366
5261 -25806
-20722 9695
-6042 10928
-4949 10585
3534 -21748
8985 -10220
718 -18066
-4358 -11530
-5661 -14883
11785 -10956
-11033 4844
7181 -10330
-9921 -2434
15546 5187
-31549 9389
24078 -193
-32089 25747
-15735 -18206
-4294 12033
3032 -16860
65 8456
-24069 -19095
-34421 -30800
9203 26712
12339 -1075
7983 -27047
-10300 8012
5484 6339
-20046 23868
-20613 165
-1020 8638
27724 -34463
-6911 16611
-15570 -7595
11253 -6660
1273 -10931
2506 -11551
-8522 -11798
-8944 -15574
4056 19801
4690 6610
-16682 -13394
-7241 -14866
-5447 -18316
9450 13618
-3681 5456
-9606 -13770
2097 18293
1098 -3023
1025 6417
-9369 -7632
-31037 -4982
4614 -31289
19320 -3009
-19107 5091
5210 -6336
-32144 -14023
14246 7507
13099 -8354
3948 -15839
-3275 19308
-21894 4029
-12387 -4169
-20115 14451
-10189 -259
916 10952
-3188 -3102
-10503 -19019
-56981 18089
-6941 -24802
8635 -29992
-9139 2958
7169 -9758
23950 -22632
26483 20359
-4241 4236
-13975 -6316
-3174 5483
-564 10392
4430 -3252
-16923 -16689
8560 -19364
20159 -22674
-8357 -1912
-10304 2410
-24335 -4428
-5032 -19916
21897 -20179
-43 -11158
9699 -1821
-7603 -1098
1866 44090
8761 -896
-15735 17524
39244 -2611
30933 18142
2997 -3443
8801 17310
3201 23679
-4122 7441
-16278 -466
-1578 -15092
-161 10844
5656 17814
-32716 14093
5665 7399
-1472 -5101
-30583 2835
5859 -11234
16587 -23685
13723 -24513
-3679 -8579
-12903 -2982
-45072 -26149
-9481 -26306
-2793 10062
-8658 -32470
-16576 -6757
914 7107
14204 -18759
16310 6480
-13478 4803
-7434 5287
31976 1010
-12466 12009
-15135 20343
-33900 7646
-13307 -5422
9702 14429
8320 -26584
-35934 -25331
-3864 6839
4599 -6946
23746 -14035
11965 -8686
-1030 -24864
7917 -22601
-6535 13062
-6512 8893
7901 9493
4246 -7606
8875 -16450
15868 12130
-2290 -5905
206 -5236
-16195 -6445
3030 7201
15779 7390
-9605 13757
-2617 -24671
3679 3198
-4069 -9267
5084 -7256
557 10978
-12794 5457
