5349 -10477
11187 491
8665 7031
4571 1446
6471 1221
1939 11272
-6996 15152
-8694 -706
-3989 2170
-8679 -1542
-4553 -12822
3140 -10987
9348 -6446
4691 -492
-2674 -4184
8269 -8190
11775 9131
-6880 10286
-10831 -8298
-1874 -7572
3216 -13427
2679 -4377
3718 -3147
-119 61
2232 1854
-1997 -1915
2690 -4960
5393 1445
-2602 6356
-8590 -4972
-1375 -14033
12210 -12454
17389 211
8215 6679
3966 -2405
3700 -1449
3522 -7207
10636 3
13894 -427
7660 5156
3735 5824
6442 -1036
5547 4442
3617 -2682
5724 -462
12317 748
6167 10892
1063 10961
5675 9123
-2762 11687
-11785 875
-4233 -4228
424 -1299
-3300 -1574
-7535 36
-5722 -4597
2066 1012
795 6382
-10394 -199
-3432 -4144
2802 -4015
-566 -2136
-423 -6930
-574 -8650
8705 -9757
12381 -2509
10936 7064
3398 1091
8340 -609
4481 18181
-7250 10474
-8882 -115
870 5218
-12440 -1839
-4166 -9199
6399 -10854
6993 -6315
6087 2077
-3732 -4465
10647 -2584
5595 7445
-11888 6904
-5880 -5811
1540 -7058
-442 -5966
1900 -1897
4731 -763
2852 813
2177 3220
1821 -5505
6739 -4816
6359 4405
-5598 4104
-4028 -3978
-880 -13538
14016 -9353
12271 2857
3454 5023
3415 -3217
5080 -3054
8644 -4600
11960 -2501
8892 -489
7353 5732
5314 2110
9269 2471
4351 13349
728 4032
2074 -847
13356 1247
3886 12641
-1421 8316
4593 9195
-5216 11023
-10898 3987
-6103 -2130
-319 6951
-7003 -1874
-3942 1281
-2573 -887
3291 -3784
-819 7539
-10736 -20
-2573 -7690
-3165 -3301
-708 -6682
40 -11917
2973 -7928
8929 -7281
13390 1613
4960 8661
3853 3339
6403 4098
906 15200
-12848 8505
-6800 1774
-4640 544
-9340 -4632
-3271 -13120
3073 -5217
9732 -4633
486 3069
-3643 -5397
11983 -5533
5465 11447
-11356 2726
153 -8404
5659 -5972
1372 -2849
6748 -2638
8077 -883
212 4308
-2633 1884
-420 -4654
5793 -5132
6805 954
-1994 2065
-5987 -4808
2736 -13700
13442 -12690
14389 5531
95 1764
583 -3657
5040 -1674
5607 -3130
9022 -1383
8569 -342
7444 5218
6572 632
8302 4032
3421 8074
1478 -1772
7190 450
8262 1533
3431 10418
3268 6272
4681 12011
-3432 11373
-12436 904
-5110 1035
-2258 1217
-1331 -1348
-3333 865
-28 -4092
-211 3176
-6227 5865
-12858 -6645
39 -5327
-828 -282
-4332 -3984
1149 -8930
3354 -5503
10421 -5270
13869 -776
7042 8149
3391 8389
3443 5359
-1386 11968
-8336 9680
-7103 -1435
-5684 3950
-10475 -5990
-1527 -12445
2835 -6312
6629 -2255
1807 214
-2855 -9503
10179 -493
21 10326
-9463 -988
430 -9720
1942 -7949
5182 -6310
8972 -1189
2265 -1809
4118 -1778
-6793 5024
-1024 -6370
6679 -8301
5151 3377
-809 3391
-4997 -5375
4398 -14932
15366 -7985
11583 2248
506 2441
1540 -6119
2001 -4266
6600 -6453
7608 -4783
12140 2473
8221 7851
3024 3308
6843 3266
3387 3985
5193 270
2879 -1100
7555 7075
7258 12516
4285 4405
2451 15384
-8130 9441
-12864 -3021
-4609 -2457
-2477 -84
-5081 -1182
-1737 -3752
-3595 362
3841 -50
-7677 3030
-5319 -5695
-224 -5646
-1687 -716
-5535 -6669
2250 -10304
8928 -7501
12185 -3542
13915 -664
4645 7784
6354 3630
6889 7317
634 12208
-9453 4734
-8531 1398
-8318 426
-9379 -6362
-3449 -12840
5294 -8733
7154 -299
-259 3655
-3146 -5338
9344 -134
-2356 9031
-11706 -1804
-2990 -7011
-1271 -6046
6657 -6515
5691 775
3810 -1694
10 -824
-6265 -2366
2782 -7841
6686 -6180
2334 2228
-3174 3343
-6315 -10077
-191 -15288
13659 -6186
8625 7136
-631 165
6206 -6566
1738 -3321
5358 -8376
9585 -1830
10798 1026
9050 3658
5074 2234
6927 4588
4930 1943
3982 1581
7461 1557
8164 8846
6474 11252
3359 6870
2310 10647
-7652 12025
-6243 647
-3187 -1579
-760 1154
-6953 -1062
-3919 -3755
-3763 -4826
4569 4706
-6420 2477
-6792 -4480
2651 -4219
-6753 555
-3727 -9499
2619 -10889
7009 -5033
8407 -628
9384 1814
1466 6567
1968 730
8480 5518
-3769 14637
-8043 -227
-6582 1093
-8815 618
-10912 -8094
-955 -13819
2315 -10408
7414 -2871
610 2400
912 -8877
10800 783
-2322 9637
-10380 -3301
589 -8658
3588 -6702
8180 -6826
9076 1318
1321 -1651
-3376 -2786
-3509 -257
4171 -7054
10378 -5786
6671 3709
-4047 -1857
-4868 -10755
1963 -16055
18151 -5079
8657 6884
-1008 297
5865 971
1170 -829
7855 -7361
7022 -2327
11424 3755
5494 850
829 -800
7844 1431
5668 4639
1202 4281
5801 54
10150 5758
6423 12223
1054 8558
1318 10187
-10479 10580
-7049 -1746
-1796 -2560
-2058 1314
-4960 1200
-1518 -2858
1761 -1135
3259 5911
-11888 3879
-3434 -9017
-2047 -4703
-6681 -3202
-3018 -6502
3055 -6086
5069 -7113
6292 -3621
13806 1612
-1516 5871
542 3402
9118 7105
-8791 14300
-14663 -757
571 155
-9284 1512
-4917 -8084
849 -11323
2714 -7153
6626 2981
-1261 -652
3989 -10390
11513 5445
-4221 9634
-10754 -4572
-1009 -9755
-1123 -10100
7306 -4837
2208 720
2814 4932
-4390 -3494
803 -1115
1214 -5682
8991 -931
2722 4344
-3863 -148
-8409 -13737
6838 -15873
16405 -3824
4220 6969
3175 -1035
6992 3863
3084 -2079
6360 -6912
10742 -115
12586 8687
7598 6731
5050 4294
5399 784
3508 2899
5639 2987
9940 -2287
9167 10532
-1929 11719
2005 5863
-19 13198
-13571 7164
-4878 -377
-270 -442
-6528 343
-1982 1429
1166 -438
-58 -1631
-1721 -1391
-10688 1863
-3521 -12743
469 -1691
-1024 -5694
-1322 -9056
3719 -5367
2931 -6367
14104 -2026
13110 5303
472 3458
4178 4561
3229 11643
-6201 11058
-9842 6205
-5992 -4743
-7885 -1586
-6240 -11115
-916 -10613
5176 -6071
5470 2092
-3687 -3379
6422 -8693
12479 6675
-6186 11788
-10242 -6578
1885 -7643
4290 -8755
3932 -5978
2682 2154
790 870
4415 -4543
-2723 -3516
1268 -2830
8826 1483
-1373 5238
-8730 -1198
38 -12085
11690 -17218
11542 -1365
6240 8422
4190 -1059
3500 -623
969 -4608
7951 -6374
6913 1128
11860 5700
7697 8750
1479 2000
7195 3621
-1512 5309
6697 -1967
9952 1960
10085 9816
5291 10642
7540 11450
-1046 12676
-12497 7244
-2763 -4751
-1219 -1738
-4736 3217
-4134 -3292
-6068 -5316
687 -8853
-4519 5122
-9019 3495
-500 -7220
-1835 -1149
-2020 -2898
-4933 -6378
2944 -8725
3644 -6689
19174 8320
2379 3034
-686 961
8748 10183
1659 6891
-714 6379
-3584 -14021
-7958 2960
-6695 5645
-1160 1964
-20083 4544
-15481 -3157
-9331 -11522
3363 -24038
4207 -2051
19520 13069
-13569 11333
-11681 4811
-10223 -7555
-6725 2756
-16036 13537
-7634 -11947
253 -2451
-1390 -10411
-2210 -6147
-2271 -12902
-7483 2436
6803 -13457
12072 -18643
-5673 5225
11102 -8133
11972 5327
-6266 2954
-1660 -1186
13387 -2396
16053 3293
16891 19207
-8427 5040
-5413 14025
-13711 8428
-11581 10249
-754 2017
-9347 4037
-11330 17099
-8519 -1314
-18879 8054
-13541 -87
-13958 4855
-6959 -9111
-15060 -880
-4733 538
341 2534
-10662 18285
-18208 4745
-1138 2763
-8823 15813
-14438 -7395
-9107 -7119
-6015 1010
-19318 -11749
-1819 -12945
-2961 2436
-21311 -24245
5862 -19800
15056 -735
4904 8777
-3113 7441
7981 -1124
1166 18135
-7055 4329
-20795 -4131
1174 4314
-13912 4526
-8906 -5528
-364 -2202
-22476 240
-11348 -26150
-833 -16035
11550 2299
7446 671
-12234 13567
-6207 -2249
-267 -3803
-1449 6545
1847 3635
-3923 -6848
-4231 -7888
2448 -8946
-4914 -7543
-4343 -3000
-6205 -860
1773 -18418
22247 -12617
-4830 -4095
13431 -1792
11501 -6443
202 -4529
-529 7664
15808 -5695
25826 -1763
3502 11311
2653 15961
-4110 26950
-10151 14309
-7570 4378
-1983 -2135
-2554 1996
-161 1981
-12481 3784
-5576 4043
-13752 1201
-18813 1374
-11100 -3703
-15707 -4123
-51 383
-4656 11780
-11207 -2321
-9984 4367
-9685 10088
-16037 7214
-6200 -11025
-6176 -10796
-6389 3148
-15256 -9625
11714 -10217
-1570 7365
-9592 -10800
8084 -10591
12275 6389
-12239 -836
5166 -3984
10229 1134
-8357 20019
-7477 -5030
-5799 -1299
-7905 4261
-6468 8208
-10071 2169
-12760 6422
-8861 -10595
-7438 -22966
15202 -22047
10338 -3321
-10468 20428
5126 10516
70 100
-19837 -3059
-4571 -5632
-6866 -5039
-19350 -10677
-15560 -6214
-883 -15240
-3426 -5991
-1821 5027
-20353 -11571
-14400 -20930
3682 -7744
2492 -3516
11561 3374
9597 15065
-8289 10619
3730 -2571
3696 -1991
19483 8983
8796 16627
4882 19045
2810 19748
-14449 3480
-21268 -4278
-3310 -2289
30 5040
-4809 15192
-15498 15420
-18269 -2110
-15965 370
-19487 1201
-10372 6032
-7113 -10761
-7882 -8096
-7978 1496
-8096 4845
-1470 1486
-16022 4463
-16014 13704
894 -13599
33 -13220
-6388 -1409
-10165 -27078
-4582 -12210
-16168 334
-12107 -20200
2695 -9981
-6048 673
-7113 2864
-2311 878
-3310 1609
1461 19436
2564 4184
-6604 -395
8918 1845
-1529 4132
-8216 11648
-16773 1579
-21338 -4589
5455 -19606
11021 -6265
18939 6368
839 5831
-1539 15388
138 3544
-14602 8
-182 5235
-18928 -2449
-3659 -7885
9677 -11264
-4198 -1383
-2428 2250
-7360 254
-21630 -7858
-4819 -14061
9612 -1025
4001 -5899
9696 7567
6705 1877
-3542 1697
-6090 -162
3765 -1387
14011 17247
4786 17743
4272 17848
-3724 21753
-25100 7440
-12971 872
1314 8509
-2439 8365
-2541 6834
-4195 8483
-7190 1770
-10946 -2209
-19437 4320
-6863 -13210
16315 54
541 3207
-4229 7537
-9488 -878
-2580 5476
-16224 8005
-16949 -8232
-4448 -13754
-8024 61
-10391 -4177
-8031 -16783
-888 -5767
-5187 5969
-10319 -21515
5694 -14903
9501 3935
-1984 2897
4613 -6829
6426 6722
-3056 17491
-6693 5790
-4509 -4946
-354 -7049
-1112 -6478
-2025 2932
-18766 -6994
-21288 -13794
1160 -14298
11257 -10044
13424 8340
13545 8202
-1922 8694
-15541 -368
-11529 1534
1451 4132
-14482 -3807
-5166 -12559
3448 -13876
-3870 -10858
5121 3843
-5996 -5909
-6794 -12068
3206 -10258
-1830 -6807
2123 4439
4678 -1104
13410 2073
4349 -2187
8170 2466
954 6134
13450 14859
4935 15682
8523 12699
-9200 20890
-18497 14756
-18868 -5308
-5254 6590
-4325 13078
-4074 11111
-14220 11000
-1425 881
-14585 -656
-18488 -3580
-6996 3074
-16142 -8682
-9013 2565
1175 -5419
-18273 -2298
988 6273
-14442 1884
-15524 5461
-21425 -14381
-2029 -3033
-7141 -21294
-14512 -25511
-145 -5307
-6566 828
-7053 -8581
15464 -6991
9854 -43
-4450 -1095
12084 4740
4756 9580
-8046 17639
-9517 2417
-7073 8460
-5412 10684
-6937 1048
-5478 2082
-21372 1144
-5365 -16444
2189 -18101
10088 355
11041 6732
7732 10445
-6014 623
-8617 8289
-15925 -4252
-3459 7364
-9446 899
-14501 -16252
9859 -4558
3455 -9678
500 1125
-5657 -4310
-3392 -3933
-8114 -18269
10814 2164
5323 -7228
11975 6314
-3404 13713
-8678 -1071
-1299 4236
3596 -12393
7797 2610
5219 19805
-2225 13296
-13081 14935
-14133 9024
-3987 -338
-1011 -3043
-9996 17654
-9712 8567
-16834 9038
-13819 3091
-17985 3544
-13557 -11081
-7610 5527
2119 5221
-10714 3356
-11397 -3159
-12003 6394
4636 -544
-8012 6669
-24665 -3860
-14176 -8639
-5580 -3002
-10610 -9267
-5088 -13620
6898 -3477
-8330 -1802
1365 -16985
4197 -13813
13008 -4777
-6184 -7214
5603 4165
3667 7682
-12987 11386
-6876 8781
-2849 -2618
-16390 -5306
-10350 649
-272 -13626
-20783 9
-9293 -17599
3175 -16381
5495 -2744
15116 6279
247 172
-14481 2174
-2992 -4020
-9090 475
-6146 4802
-21374 -5709
890 -19002
-4121 -11170
10853 -5657
-6377 -4854
-6402 -3100
-7006 -20601
-2660 -6701
3429 -7184
15360 -2314
40 2903
3221 679
-7182 -1197
5327 -3610
18094 -6212
12198 517
-1951 9518
-4741 18820
-12790 15681
-19789 7486
-5750 -3717
-12 -42
-4208 13675
-10821 13976
-20474 14403
-21327 4390
-3018 8846
-11936 -2866
-9921 668
-3073 -632
-6327 3494
-16120 -5927
-4864 -2127
-4018 1167
-9469 -3000
-26104 -10230
-15491 -4666
-1574 -6078
-20297 4426
5193 -18555
5845 7975
-6255 -4473
-9214 -15425
8153 727
-3252 5276
-1996 -3414
-5571 -1943
8617 6335
-5006 5800
-12231 1466
-1814 -2820
-476 6478
-20243 7346
-21134 2634
-23364 2319
-8770 -14600
1620 -15774
1921 -14105
6581 7472
-13691 13930
-11944 2198
-6639 400
-8813 -7370
3335 6522
-18308 -856
-5828 -9869
7148 -8775
3533 -2883
-9528 -3859
-17245 -9876
-10109 -5043
16686 -9555
9301 3435
7726 -2102
7663 3535
-2658 16631
-3096 -3932
-12736 2502
9768 -5603
11532 14559
-744 27996
3559 22596
-12177 16570
-11648 -2321
-5505 2086
-1530 8454
-7250 7060
-13755 11317
-12778 1837
-17915 8103
-17469 7096
-13165 662
-5200 -5986
-13439 -6018
-6986 189
-6482 -4196
4921 -516
-2325 7608
-12077 4197
-20193 -5482
-5736 -26713
-6349 -2993
-20259 -13672
2968 -10353
-247 -5697
-8639 -19947
-1671 -7850
7670 -11939
-3800 -10921
-6548 6436
3218 -5471
-18577 -10471
-15458 17162
-5317 9163
-17516 5855
8376 -9097
-6684 -14019
-12780 47
15706 -1360
-1141 -11862
-2382 -1402
1798 11809
1837 -1134
-26769 -13141
18933 -18510
22463 9336
12502 26497
3060 11262
8334 -1097
-6666 17217
-9535 -15055
5575 6316
7060 720
9330 -7502
-452 -15507
-16295 2662
47 3071
28123 -10401
2548 12093
9324 -19017
22352 12957
3337 5389
-25742 18649
-5518 7482
-12946 -14111
14844 8413
7216 -510
-2936 16196
9988 2099
-12537 8099
5835 6118
-8691 2758
-11133 102
17331 -5747
15099 18096
899 -2739
-4777 18358
23884 8559
6990 6612
-12588 24253
-9014 -3726
2917 11066
-25672 12887
-6828 -24022
-2856 -11828
-9737 -14586
5702 -11842
4134 -2986
-13744 18681
3381 -9890
14951 30440
2984 -1193
-7555 5426
-16264 1318
920 -18816
-18867 14004
-20556 -5960
-15362 -17329
1868 -388
-14471 -15012
-6197 -12688
2823 10693
-15492 -6094
8055 -11392
4799 2855
5676 -2460
6311 -6068
1173 -8931
29282 -22413
14520 19066
-7348 12196
-13334 -4371
-14077 9361
-12731 -11462
-5645 -16024
-8618 10520
-5181 2082
10033 2467
1167 -12035
9075 -12428
-6761 -652
13837 -819
-9099 -2490
6025 1255
23607 25766
2586 -3614
-26783 16001
-22777 12525
8011 -1423
-12197 -3341
13058 -21020
1788 -6644
5187 11258
-14107 19731
-8699 -2779
-16620 -9339
1836 -13971
4046 1273
28613 15799
5050 8198
1426 10873
16920 8724
9410 369
418 -6261
-10718 1950
9562 6465
-18783 -6579
-10787 -19316
-18601 -5904
2132 -15597
4128 -36178
9321 6998
-18789 8575
910 -8315
-8746 9994
-711 -24176
-3299 -1366
9665 8189
-7815 -4268
-10243 8373
7046 -4104
1392 13699
6753 -10511
3018 -5199
-2765 -10435
-11462 -2256
6447 -9610
-8025 -65
1901 1026
541 8370
-671 9841
10044 -27681
-9151 -14984
230 12266
11535 16328
-11352 12112
-16063 11833
2170 1421
8552 -6625
-12457 -1371
-3466 -2924
12859 -12034
16129 -5025
15281 10769
20505 2252
8855 2369
2907 -3404
4406 -18485
10059 -8584
14886 25238
-4324 7906
-20411 -1549
-2919 -7600
-3802 1330
-2558 3545
7186 14345
14243 33335
1749 11536
-12611 3801
-15570 -18170
-6332 -29701
23807 13915
12905 11680
2431 5625
915 -12542
639 9131
11786 25233
3685 13050
-4341 11714
-28135 18640
-14134 -4801
-12113 -22381
-12608 -10572
-6384 2382
14974 -5413
-685 19383
6067 171
25229 2109
-1186 10635
4243 -20355
26773 2452
65 7444
-5534 2720
12143 1015
-5307 -332
-31405 12055
-20722 -8582
-18739 -1641
-13751 -2450
-6819 -27873
13857 -13125
8122 -17425
-602 1669
1986 -9015
-15291 -11785
3329 -14235
15876 -4881
-5678 13791
-2858 15259
-8389 5444
4485 786
-16208 -6645
-25789 11781
-10595 -3062
9171 -23023
20014 -2208
28040 -1233
15389 -7915
2480 -14684
-6452 7802
4609 -9245
14772 -608
10331 12100
13057 5929
8611 4968
-234 -9453
12720 1677
-5129 12002
-5149 2099
14627 -3576
-5661 13738
-18463 6609
-7907 -5009
-15175 -2329
-3544 -25207
20295 -3172
496 17981
1649 7466
-404 9713
-36288 14583
5043 24121
-3874 6427
-3266 28334
-8948 -419
-23896 1398
404 5596
-18911 20047
1366 -14735
-8420 1370
-3558 4150
10938 -6002
-4195 -290
-10035 17473
4000 -3759
-849 -1938
-18410 2788
-1383 13832
-11176 3065
-9434 -13875
-5819 569
-14422 1396
-4433 2353
-18801 12257
-2911 -6598
8603 2244
4883 2548
12098 -3852
10387 4435
2513 -11164
-15531 -5717
18082 5045
21926 23836
-3910 4004
-609 12235
4138 14987
-8554 -6103
-3590 2719
2381 2791
3177 -30334
9297 3697
556 5003
-47 -6168
21563 -10304
19782 -7604
18401 -1382
2850 7259
-595 10414
-5206 5253
-4425 5046
-8683 -12263
3174 1554
-4821 640
13315 -8409
13200 -9717
3793 15479
-12109 -257
-23278 5603
-15533 -9513
4512 -37440
8023 12442
4160 15314
642 -1708
-8058 -6925
29036 13341
1989 5130
-26552 30608
1414 18275
-9559 14217
-14115 4537
6450 -14031
8595 2594
-2475 -11753
9352 19937
807 21603
2248 -8128
-3099 12617
1018 -14596
934 -11072
10658 -1839
10762 4224
-10001 11369
-1176 8550
-7954 -10777
-1874 -5824
-10414 -12121
10246 -26734
-5825 -5001
3282 -14717
10015 -169
2181 4907
-3706 7692
-8876 -14647
-9208 -17140
197 -3630
3225 11606
13631 7495
11238 14705
-7442 -2690
-24935 -143
-4214 4963
-15446 -7579
-1466 2654
-11016 -13513
-6928 4323
-4249 -10201
19929 -5963
-4050 -8312
12412 7852
20183 -13316
14388 -12494
12106 2827
4728 -11399
6719 12048
2783 -632
-13181 -4580
11650 10378
10819 7633
10601 9240
5731 8707
-14172 21883
-3438 -10902
3755 -25687
23646 -16822
19816 139
1217 4512
4256 14330
51 1682
1369 -10335
9102 1914
413 25712
2485 -2313
-21518 11756
-16848 -3740
7507 -11137
-5378 -6829
2720 -9898
-1019 6029
4350 9570
-8257 -866
-15220 -9170
178 -9233
6487 2101
7093 12422
1488 27009
-8211 -11632
2241 7632
-4673 3293
-1013 -10346
8766 3388
-1696 6250
-904 -4571
-17279 10473
3391 -9621
5499 -4209
190 -4103
8565 889
-7730 -6677
-1282 3691
13174 12929
9912 19797
8493 10662
5876 2927
-1420 14501
-17430 20050
5118 -15987
-23364 -10420
1811 -1035
12336 3683
1305 16178
21859 -20289
10396 10050
-11379 -11488
18837 -12033
13651 19882
23077 5336
-9487 12501
-21976 -7590
-11797 2955
6297 6540
7019 531
761 -10075
17101 -857
-3914 3873
-6220 22241
-3168 -4310
-11994 -21964
14065 -21959
19696 8498
-8485 2529
7433 18495
-3984 -10943
8483 10220
4726 9868
12797 20413
-9956 17626
-22799 10658
-11806 -5247
12874 690
4191 7701
-5531 5240
16463 8925
-11474 2368
-25891 -13564
-12105 -3364
-7205 -20745
9061 -17260
4336 -6276
-4238 1946
5891 6603
-9161 9981
7194 -6238
-4317 -10053
-2239 -12387
-10421 2673
15149 -8822
11221 -5096
26995 -9248
6073 2002
13153 -11985
18509 26184
3387 -14527
25896 -5559
13714 2390
3215 5162
3422 18893
-16627 -4065
2099 -662
-4727 2131
-11185 -8594
-7920 2771
13136 -13612
22287 11831
-4003 -7391
-10856 -8862
4134 -3740
-2759 -2695
-952 4347
38108 -5494
13726 13250
10315 11047
6316 10959
-2092 576
-15 -22382
2764 -12077
-4624 -2253
6881 14250
4469 200
-10406 5144
-535 -294
132 -18330
17832 -11268
29379 -346
11259 7540
-6488 -18290
-1980 10112
14833 13268
-3920 29484
-4283 34048
-16898 -1354
-19363 20861
-4749 1791
-7368 9964
8370 24926
-5502 -8866
-2341 15635
-3606 -7865
-14483 -908
4261 12840
6558 -18046
20869 1977
4135 1009
7376 10940
-13236 16316
18325 2782
29257 -10917
-9638 -4977
1665 15620
-28273 2629
10538 26589
-694 -17055
-21844 -20549
11528 5163
22984 -12423
14714 5481
-9450 -6545
7878 8079
-11498 21756
-36524 -4149
-31798 -28445
-10114 -24044
-7447 -18161
-13764 -23809
8751 8975
-50929 -10205
-38271 -20374
-21455 13108
-9654 4599
14163 -13890
334 -8397
-21486 -20067
-9103 -22970
-9501 25420
-12455 -1755
4528 20456
15628 -13136
-25425 2708
-10789 5220
-13694 -8958
10724 -15237
27088 -11914
-25726 12961
-682 -3299
-19884 -11671
11810 -32025
24474 -24034
5256 -18910
5827 -11527
14791 25200
11022 -9458
-24585 -23521
-9847 -11672
4307 -14952
22103 -5022
-3266 675
-4792 -1032
-23917 10468
-1073 11072
4984 10516
-13021 -1282
-5458 1724
34460 -32529
-10928 10211
-21998 -37396
-2209 2139
22427 -5730
28157 -7861
-6 25868
22051 -25986
42701 4445
23301 63689
881 9336
8333 28854
10936 28889
-16398 -19557
11675 8971
-4987 8528
14109 3034
14138 15526
-33097 -4346
-11071 16944
-29082 21935
-42604 -7846
-11129 -14566
13344 -4152
-1124 -12991
-14307 28682
-4612 35111
-25379 -22166
-16478 -15465
-17426 -26225
573 -4987
-21719 17802
-4220 -16426
14596 -1738
21678 -9555
-2399 6430
-21563 -22250
8864 18551
19743 4544
-4877 -123
-10399 -6189
17891 -24071
-11333 4893
4292 14110
-12654 -10339
3207 -4949
-9164 21319
2319 1164
-7516 -12107
22784 -15030
-13756 -9006
8827 155
4670 -11515
-19018 -7419
-12997 -249
-8611 20622
3282 24046
-32863 11737
-11486 16387
-2462 27026
13528 -3941
-10246 11164
-7711 50652
4443 -10762
19415 -7205
-4043 7442
-956 -23156
2183 18307
-318 -7563
6003 8468
-10941 6724
4306 -14912
-3020 8359
-14015 5025
-28411 22352
-16688 -2435
-10009 5550
14066 -12432
-6821 665
6601 6361
16320 9584
-314 -2345
-1223 -10887
-10681 25914
13977 25922
-7386 -2016
-12089 -18232
33793 -7661
15114 -4546
4209 10945
-11675 16890
-7436 19168
-30827 -9594
-9038 -15560
-3396 -8276
-1218 -13473
-8500 -14731
-1733 -10564
-8708 -18740
8250 1145
14268 19333
-33666 -22796
-4504 1774
-251 6147
-13305 -4470
9452 -30617
2664 -8797
-3502 -36
-22337 -34972
-12220 -13192
3512 -9182
5833 -6147
29631 -2863
-20461 -33936
8734 95
15983 9460
2377 25508
6234 -3969
-16646 -19719
-15065 3573
-3969 -12987
15963 -8321
-5712 11173
1684 9653
-9347 4744
-3712 -11126
-30963 2775
8416 -16390
-14070 14743
-26598 1715
3572 -20711
9528 23650
-3191 10656
4811 11577
14200 6335
-17182 7025
-2285 -9584
27554 -10177
14406 21237
-5144 795
761 -2117
-1571 19529
-3286 4338
-4878 10677
6200 543
-7210 9954
-1462 2556
-5994 18442
-27951 8648
-1496 -17110
10739 -24353
-861 -11715
-16377 23225
12785 15872
10000 -12232
270 -2671
-31592 15766
-15869 -25931
-12297 -17015
-9117 10058
10864 13305
19250 -18095
1966 -5604
-647 2468
-543 -13364
3912 17197
-22265 8192
-31377 8299
-34653 -25796
10838 -42335
27149 -22631
12418 24608
13741 3729
11890 -10424
-9037 -2211
2385 -22194
6754 6735
-22499 -6911
24301 -522
19221 -1829
1125 15560
37884 -24409
-15019 -28680
-1866 4776
2667 -29241
-14809 15893
9475 2473
-26593 -17614
8314 -32462
-6122 9890
13837 -15982
9393 -17314
-23066 17788
-389 -8456
28543 -31997
-557 -4403
8661 15574
24430 14128
-1942 -14482
15881 -3719
11538 21172
9005 4838
12470 -6491
-1054 8344
8094 -24678
-8171 334
8055 -5306
5699 -6899
-15286 5366
-24948 17806
-16329 15913
5848 -3861
-28893 -4218
-28347 -20000
2940 -11450
-4827 -11138
-6353 -15207
-35 7987
-20647 -3360
-21673 -6692
-34941 4833
-6460 -21692
-3955 -32830
-5997 -9271
-11161 20340
-22914 -4936
-16829 5261
3495 -4678
-3011 5674
2961 11331
822 -14545
-14791 -328
-14684 -27690
1398 -16592
-513 10312
-8841 9011
-8378 -11724
-2335 -1626
22803 -36686
9164 -6086
13636 18863
471 -20195
26661 1815
25462 21882
6051 7874
-24253 -17086
18230 8192
29592 -23088
-8082 -1111
-27406 1685
-19732 -6357
-36430 1474
-15255 2745
-2293 -6202
-22777 -28677
21778 -34437
-3888 15947
-10575 -37731
7959 -14974
9351 7998
-18362 19947
-20487 15503
-9507 -8914
-4970 -19065
1557 19997
-11753 19623
10120 8040
-34955 40682
-4172 -3867
-29325 13236
-6255 -19603
-14262 -11413
8407 -11011
11148 28727
6840 11483
-1672 -13112
-2550 -5963
-36518 -21783
-14298 -24488
13532 -11650
23219 5143
-5153 3336
-4381 -5444
-30571 -13202
-5454 -10759
16133 -29400
20335 -2518
-7657 3694
12520 -5635
-15219 -11087
-38300 18005
9056 17433
11142 7671
-5653 28813
-20437 16303
-25158 7808
14048 -15827
-27131 -37540
7128 493
-13300 -4691
-28740 -8243
-2706 -21451
17861 2066
-23200 13443
-15597 1371
7093 -11339
31874 14306
-17186 10843
-7186 -7287
-9773 14818
-6333 3701
232 -12757
-2081 10307
-9571 -1524
-9780 647
-14559 11942
10322 1565
-26723 4168
-702 -4764
368 -30304
6350 1375
14981 2892
5179 1887
15054 -2322
-20738 -6974
-4969 -19817
-14615 18028
2364 -8601
7775 -12839
-38615 24366
-36489 -5841
13237 8820
-10065 9593
14092 -6614
2863 -3513
-1955 -2564
10002 8678
-24051 -4396
543 6301
5530 -4747
-14571 10847
-31698 -13915
-15565 -22022
-24105 2686
-2496 -2110
3335 -30189
-11749 22281
-16441 -727
747 -32211
-9841 -15062
11650 -27677
-27686 7990
1063 -20021
9522 7762
-18013 21980
-12839 -26466
-7522 19380
15870 20020
6591 40485
-4851 -291
-11062 -22982
7569 -20355
23028 21563
3213 12715
-10083 11605
-17466 -40056
-11606 -9965
18149 -1052
12377 4263
26089 1793
-284 -4756
-18561 -12820
-1137 22703
-13062 -12399
-5949 14517
-2712 2414
4306 -5484
5461 -5444
-10781 7256
-21717 -4936
-19823 -36583
-17472 -15519
-21352 -41661
22654 -7884
41946 5673
2067 -4480
29841 13966
9511 18087
19922 24500
-3397 17043
-10258 -594
9004 -13731
-21374 28004
-13623 22172
-10376 27765
-6533 -14990
-26525 -12346
-12045 -17331
-19813 4918
-11254 -6634
-22508 21019
-26581 -24494
-6396 14365
-16822 3067
-17779 19765
-9445 2482
5411 -17717
9644 3822
-11858 -2436
-10961 6932
-13942 9633
-17933 -24038
-21142 -2442
-26549 -28743
32258 -14312
524 -8174
4340 -9540
15947 2229
12783 -29404
-39439 1897
4536 10876
6307 -4074
-19019 11355
-23445 -12562
-4591 3609
-16442 7438
15270 9068
-2460 10645
-18739 11304
-17499 -21594
-265 -12488
-1206 -8263
2598 2781
3523 3638
-6475 -1180
16475 35602
-819 -3977
-16961 -253
23493 -31561
-5853 -33944
12794 15939
-13788 -22680
-24922 -17154
-3584 -42122
-43878 -18248
14918 5182
24816 -23457
6165 8426
24814 15960
-21019 -8347
3306 8908
-8065 6295
