-322 -1387
-163 -1093
-433 -873
-724 -1189
-364 -1403
-62 -1136
-204 -1172
-576 -1612
-389 -1829
-13 -1325
-93 -1140
-381 -1571
-526 -1795
-233 -1426
-435 -1420
-106 -1610
-373 -1162
-298 -1427
83 -1737
271 -1769
260 -1711
187 -1353
141 -1425
400 -1212
223 -1399
219 -1712
436 -2190
909 -1875
419 -1738
349 -2018
41 -2098
37 -2208
199 -1963
340 -1330
-71 -1494
619 -1975
662 -1665
310 -1759
70 -1671
318 -1964
483 -1716
-134 -1723
213 -1792
358 -1238
356 -1436
319 -1721
13 -1877
83 -1770
420 -2020
820 -1949
567 -1201
356 -997
673 -1089
669 -992
704 -1176
1228 -1237
1320 -1428
661 -1526
316 -1751
823 -1617
842 -1547
850 -1534
812 -1119
546 -1099
224 414
-198 274
-128 -279
-92 -446
-217 -263
-390 -233
-247 -490
-316 -637
-500 -796
-263 -610
-267 -312
-291 -413
-451 -464
-332 -132
-413 -55
-472 -289
-622 -781
-213 -646
-434 -359
-162 -750
-33 -697
-206 -1030
113 -1013
-41 -117
-267 -521
267 -428
-176 -520
-127 -574
172 -448
279 -305
44 -591
107 -563
150 -50
-103 -16
-35 -130
285 -302
300 -474
396 -509
21 -338
-110 -520
-30 -282
0 57
133 68
281 297
-82 303
-43 135
230 78
241 -43
-256 -248
-23 27
50 389
112 97
92 -78
255 -45
379 -242
473 -427
96 -23
-268 -167
603 -361
502 -50
47 -307
-44 -244
8 85
-226 439
-1204 254
-766 503
-939 437
-712 224
-448 245
-903 25
-1014 -265
-953 -320
-685 -328
-972 -117
-1362 -348
-1172 -103
-1327 214
-895 381
-647 519
-467 746
-777 309
-251 79
-618 272
-994 -243
-1143 -114
-1144 -313
-446 -192
-789 -102
-966 -323
-852 -300
-1082 -377
-984 -571
-1012 -280
-738 -535
-651 -337
-1005 -906
-737 -1021
-876 -415
-963 -878
-429 -1242
-609 -923
-773 -810
-580 -741
-619 -397
-1070 -390
-914 -928
-513 -911
-572 -1160
-158 -1045
-300 -887
-463 -1223
-600 -1071
-569 -1129
-234 -1376
-101 -1791
-17 -1455
-158 -1008
-61 -1002
-1 -983
-64 -838
134 -811
400 -711
418 -530
298 -715
491 -829
531 -847
279 -980
267 -1542
282 -317
119 -63
108 -112
180 317
-82 432
-70 527
-284 405
223 19
708 480
272 286
425 -150
572 -13
159 315
49 -182
447 -112
175 -11
-387 -225
-300 -380
-73 -25
57 -48
31 -114
-1 -440
49 -285
-245 -61
-31 -362
324 -385
345 -257
156 -101
209 -369
292 -53
343 -225
499 397
-309 139
372 -4
27 515
-98 -42
-20 -93
-103 -153
-74 -67
119 -282
-29 -187
-84 -64
200 125
271 -259
422 -75
188 -203
356 -789
54 -529
-137 -603
321 -61
-201 257
-441 -290
-140 15
-774 272
-403 -135
-304 -82
-151 -123
-21 -403
338 -222
-76 144
148 207
87 109
-131 -84
-292 136
-138 -109
272 -296
209 -111
-361 -217
-82 -352
160 -175
-10 -196
-245 -455
-25 -427
-82 -196
61 -114
-71 207
100 -95
282 -87
-201 -525
116 -684
-107 -173
-40 -182
95 455
-219 184
-10 -388
449 -629
255 -295
-2 -322
286 153
139 230
307 -78
439 -29
131 -246
127 -425
175 -222
132 -227
22 -598
6 -594
316 -485
529 155
-154 -66
-172 -407
-235 -389
33 -624
-120 -22
-537 -72
213 74
176 162
298 -269
396 111
-313 -23
55 -18
29 54
64 -132
-103 -141
-56 -280
56 -308
-143 -54
-96 146
-91 398
25 229
61 -72
-355 -222
-448 65
-365 223
84 62
-134 124
94 -67
-210 -32
99 -437
114 -112
220 -221
346 -544
93 -548
-249 -409
-65 -419
138 -302
29 -99
-50 9
140 -424
-130 -158
-518 -262
90 -27
84 -124
386 -456
180 4
-26 -129
288 -215
491 -129
728 6
484 108
265 -379
389 -513
466 -484
99 -166
-55 -72
-85 -180
107 -59
65 343
298 163
360 213
-11 -15
111 32
137 100
372 431
88 638
106 228
66 0
338 148
162 534
-66 440
-378 239
-49 92
188 425
93 774
-302 555
167 291
274 477
132 474
-287 386
10 54
191 361
96 513
-72 515
-101 411
-291 430
149 239
217 195
217 15
27 306
-134 143
206 -142
-186 155
-462 -1
-265 -49
-279 16
-117 232
-341 298
87 68
216 565
261 619
168 144
252 -38
-116 131
55 55
228 36
145 144
22 32
114 83
-51 -22
-229 -41
-78 -78
-105 -247
-193 -474
234 36
30 380
134 -372
163 -95
-13 -164
-7 -368
-108 -249
-279 -45
-525 -56
-279 -222
-56 21
99 -236
353 154
79 -152
385 -485
-84 -430
-79 -484
129 202
98 386
3 206
-146 -292
163 -404
69 -342
48 -573
229 -722
-33 -581
-392 -348
-439 -155
-129 -255
-5 -194
-103 26
-63 321
-179 129
72 -175
-115 -301
-1 -441
-30 -81
69 48
-254 227
-311 219
-149 302
106 72
506 95
118 -31
-43 -129
-187 -123
-190 -182
-110 -242
-5 219
126 -54
70 287
-284 112
-293 223
-96 -101
319 -6
70 -110
-115 -490
115 -335
-505 0
-656 -67
-418 339
-430 317
-174 43
-147 148
-130 -1
-112 -8
-82 -177
196 66
105 373
-179 245
170 170
-5 485
-2 -90
764 126
547 166
-36 223
-348 -25
84 -136
85 -363
208 -394
135 161
-250 247
-110 -125
37 68
-305 395
-96 189
562 81
745 -1
280 443
-535 333
53 112
111 433
-195 52
-226 -430
-39 -571
-45 -304
-261 -204
-114 -238
196 48
199 55
223 -182
-197 -241
-331 -181
-225 155
302 166
438 222
-2056 1641
-2833 1109
-1143 548
-869 1488
-1578 2517
-1358 1701
-1196 998
15 859
-2012 1617
-2855 1009
-971 587
-527 1291
-1292 1893
-2682 1647
-129 695
-2359 1293
-1544 393
-1170 1960
-1262 1970
-2154 1177
-2191 1918
-2444 258
-1712 1296
-1944 365
-552 1418
-968 1165
-1047 2554
-2950 833
-789 -257
-1678 172
-992 169
-1858 1104
-1567 1252
-2937 -88
-245 577
-2428 1938
-1964 38
-1609 691
-1639 536
-1275 1949
-1991 -250
-1565 287
-2106 2219
-1971 -255
-1424 1334
-576 327
-2090 369
-1853 1769
-1326 1480
-3804 870
-3013 294
-1778 26
-2138 1128
-1903 -513
-2227 826
-2295 1505
-1652 -257
-1816 -931
-1561 1300
-1995 886
-1889 592
-2549 232
-2334 -109
-1552 -315
-429 -1166
718 -1118
1036 417
541 -581
-762 -528
973 -222
611 -730
543 -453
538 -212
-1845 318
-222 -859
-461 -752
-621 -223
-1101 -345
889 -176
618 -452
772 658
-1648 642
80 -362
425 1138
-96 -447
321 387
-927 774
-1311 -1126
1460 1765
-735 -160
910 1102
59 -61
-811 1394
602 172
-81 -8
-778 772
-534 -452
85 -233
-100 299
-119 788
572 -44
-1074 813
384 -368
-556 428
-652 436
-660 -387
-322 373
-386 -576
163 -625
-377 394
-224 271
-50 -146
424 -389
-1711 620
738 -11
635 -477
212 236
315 -155
111 65
-63 -150
-882 -1047
684 233
-401 679
-566 -1930
-751 -717
-366 -434
-865 -94
504 -624
391 1802
135 346
580 672
17 998
-292 -9
1225 -326
-203 991
252 1021
-259 501
-41 33
484 586
-1181 140
618 346
-1324 950
-120 701
-1248 -836
888 839
-1265 841
54 17
681 740
-117 -398
793 2050
-1169 516
29 -643
-571 643
-268 667
290 -109
-1169 1075
-462 151
-571 1612
-757 -570
599 576
-833 853
-1272 9
1367 1440
-681 283
-888 -244
-823 622
-1308 547
-1030 -59
259 -478
364 1162
-276 216
429 304
-1448 37
239 -281
-299 -624
-899 -724
367 959
-73 804
-37 1429
-1561 -567
-950 -118
-98 97
-1408 -555
-619 34
-255 157
-591 95
-175 -253
39 -499
-945 -259
100 -490
-207 -651
307 1046
-267 283
-886 -600
-463 511
-1090 -1695
-240 -399
200 -707
330 102
-112 1715
-815 -831
672 -528
509 -158
-459 -376
-15 -1499
625 635
-1052 -284
-213 -274
859 -726
-439 1227
640 302
649 35
623 169
704 277
-739 -630
557 -371
764 494
-800 471
-1025 376
-611 -154
-77 1005
-1047 -593
-910 1244
-1832 -1864
1280 -671
-1397 507
509 -1925
187 469
774 -244
-195 -122
183 229
372 462
-481 -1173
-547 972
111 386
487 57
-1048 -681
762 334
138 103
-1505 -620
-280 1100
-1720 -552
-177 -980
793 -132
-1896 -576
1108 -463
-608 877
930 11
-114 117
1180 1284
-1069 35
-536 -195
-579 -21
725 -1031
-168 -701
-438 202
800 822
326 514
-195 -1246
976 -748
-113 147
582 143
767 -981
592 -57
251 -339
77 -1310
-422 -593
472 -1581
-103 493
264 -1076
1037 -726
-831 1353
770 -1065
-262 343
405 -869
1545 -717
885 -5
215 771
-439 -1763
-167 413
-440 -511
533 -878
396 194
-431 -1154
984 -583
374 669
-7 510
1224 265
1248 98
-130 -71
-83 992
-1192 -1467
1258 -533
504 -74
796 777
746 1520
-579 -1644
767 1275
-702 870
479 -126
157 1126
-712 -580
1602 -266
-615 1040
1411 762
120 -520
273 456
960 378
-668 993
-191 383
-636 512
-18 525
496 818
629 -134
282 -644
-1243 904
785 888
-452 220
104 131
-978 1620
1345 -8
-602 378
-650 252
22 1109
121 308
-477 -372
-210 408
-327 1107
-802 -273
-678 -417
-279 -225
742 594
-455 -2291
359 1018
-595 703
313 -319
-320 864
-709 -877
-13 1046
631 373
-720 74
-615 719
907 -1809
491 502
315 112
-1221 -236
-505 -408
-403 319
541 582
-459 276
53 393
772 643
144 -891
742 345
-564 512
-239 860
-1025 142
517 -603
303 974
-204 196
-1216 671
375 -145
107 -309
850 36
-572 541
-1216 311
-817 -716
839 -238
-1076 1038
-354 -395
-687 -317
627 233
-709 953
-904 -402
-841 23
174 -114
-260 -208
134 -151
-584 1447
599 -402
-638 -204
110 -395
485 -175
-88 1041
323 -339
408 -256
245 648
290 -416
-1578 -181
841 -125
-685 930
-1194 377
-389 176
879 -569
-820 -519
337 -744
-797 -131
157 -43
-553 -929
208 510
675 -642
440 -275
721 -429
-405 603
537 324
-441 121
-1822 986
1458 -940
60 453
-840 -340
532 213
954 173
-615 -86
417 -251
407 -620
-745 1108
426 70
317 1020
-547 -187
1676 549
-596 58
496 -707
-432 583
-1447 -363
191 -630
462 -1090
739 371
53 335
190 158
87 419
389 530
-96 -473
-551 -81
391 400
302 291
-9 -368
-536 -712
-232 -281
1319 -348
-306 102
681 -217
-956 -194
-653 -358
-500 -128
-31 -1217
-648 -63
541 -437
-18 -219
-715 -249
877 -1430
-290 -751
385 685
-31 -344
-626 828
-873 -617
-288 1002
-769 -1578
374 363
697 -1300
-220 1019
-255 -120
426 -566
98 366
-987 -140
378 -1345
-188 661
83 81
552 -583
-31 876
-379 -186
-269 405
599 -268
-366 363
-1247 208
-519 -749
-207 -430
-557 1204
454 -722
412 1590
-1093 628
451 -864
-397 -2055
665 1269
453 181
581 427
25 389
-584 -870
944 -350
717 190
-839 -439
24 -690
445 849
-541 959
-703 -907
-1366 -2097
1101 -422
-37 385
470 -1362
924 -424
1087 691
-239 800
-205 138
-99 -161
-258 500
-665 50
71 -52
-540 -201
-293 -1521
-958 -217
-32 331
-717 970
-325 -839
233 -3411
3051 -1363
148 -2450
268 -2396
1822 -2212
565 -3678
646 -1992
877 -851
2407 -3627
2000 -2277
-1827 -2081
-480 -1209
1923 -2825
3259 -3144
-819 -1692
1468 -2888
1195 -1831
-735 -3735
900 -2824
518 -1733
834 -2709
3254 -910
487 -3426
-211 -864
-1103 -2371
1283 -1542
-677 -3480
2761 -15
445 -43
782 -927
-65 609
3079 -54
2262 -2675
3762 -1897
-386 -1622
1605 -3238
156 977
1572 -417
1798 -456
1850 -2167
1980 -571
2227 94
2874 -2127
3507 -28
788 -2922
0 821
4698 460
2939 -2359
1196 -2131
3474 921
4265 -851
2135 -1209
1770 -3786
2401 -186
1330 -2743
217 -2698
-129 726
799 1701
3039 -805
1158 -1096
733 -863
3363 925
1788 -1918
2252 -1078
-1337 1507
-262 2578
-1918 1012
-900 2422
1566 1685
-944 1418
-725 2006
-1653 869
-1599 1172
2989 -238
-320 1978
-969 1012
0 2492
1539 519
-1994 825
74 895
-1462 665
2238 275
-41 2199
-873 -388
924 1194
-1493 1494
656 2024
1698 2613
-2858 -1703
260 3361
750 -220
180 1533
478 -1236
-2340 1148
176 2177
597 1497
-173 681
-61 1002
-586 599
-1243 186
-2784 2624
657 -315
-1998 1582
708 1381
985 342
-65 522
-375 187
-741 -356
-1146 798
500 -1153
-1745 -1408
-1690 1198
-195 1635
1912 -1500
-2527 -569
-1648 504
21 -756
-1603 -26
-1288 -466
-2845 1155
1671 1147
-415 -246
-1449 -2608
-1596 1526
-625 852
-1325 1068
-206 1035
246 144
-357 -2796
753 483
1109 -1839
1177 -2264
320 489
-1480 1487
1702 -835
880 203
341 955
1272 392
1183 489
4566 661
-726 -1422
2716 -1574
312 -1671
1315 -309
-2548 -656
859 -474
-904 733
748 1081
2205 1413
-165 -2975
2288 -123
-1187 1576
836 0
764 455
369 412
1806 -407
1076 1293
670 -1428
1172 1740
-1200 1639
650 1678
3451 371
-2697 86
2015 3064
471 829
551 -690
1835 1530
1490 379
851 1362
331 -721
880 586
-344 267
1658 347
-2191 441
968 1740
1274 1835
-1511 -1087
-1245 1579
-515 1430
3198 2747
1058 -171
-1255 -167
2102 1633
63 501
-687 842
-84 393
4 -525
-319 -297
286 1
-2645 1484
-586 958
-1225 1874
628 -945
1081 834
1326 -1472
1270 1924
307 -755
-1000 -181
-598 -956
444 -1973
-278 128
-1317 651
-1756 773
-587 -132
-613 868
-1962 -1554
41 604
-826 1000
-496 3375
2444 -781
621 308
-320 -298
-450 -448
-482 691
856 2160
-292 151
-1367 -972
-166 -972
-363 861
416 1257
-233 -585
1311 853
418 -1796
1922 2339
-1466 1197
2079 -1946
-1505 1882
62 -209
-1492 835
1562 940
-437 -137
-905 -432
1182 2472
-14 -1885
72 -10
-801 -447
349 839
-2099 -1098
-2699 2016
1878 1586
-442 342
818 1196
148 1079
-1444 739
2851 1787
-1858 -206
1422 984
-793 1577
746 855
-2252 -382
1189 828
2136 12
883 -382
-1736 932
-536 2126
1135 -485
-2091 -1631
-368 -1017
275 1291
-652 -872
119 544
-238 -1298
-1087 824
1350 478
1392 162
1300 -108
568 -57
-825 307
-157 -2529
-859 1234
-1816 2232
1315 -563
256 2911
1746 -1324
-663 -1035
-312 -1075
-1021 -212
-738 -1169
406 3123
356 -334
942 -1225
-739 247
-638 -1934
222 910
-2556 1467
-597 330
1912 630
-211 -499
-339 1390
2467 1239
915 -1694
1512 1193
-1448 1470
1174 1665
-537 1
555 -606
2652 2781
-174 -2055
1223 -905
-1216 1083
-177 -86
801 1979
-598 1937
1424 -813
-360 -233
1038 2338
489 -463
-1857 839
977 -74
1163 1355
1635 -858
-419 -625
338 -66
319 -287
-1025 2092
3342 611
815 -793
64 469
-1173 293
2202 -1158
-1632 -413
-54 357
-625 -597
-1741 -1221
-1503 1330
-700 1647
1171 940
363 -1941
745 1189
952 -376
267 -136
-1208 587
2104 3242
-784 -2135
1265 -1542
-705 141
-1543 -1504
346 917
-294 -825
-1053 -783
-488 -950
-794 -1328
-2042 3074
-653 -1130
-1982 127
913 640
-312 1173
1453 298
-408 -62
756 1477
1414 -1228
-1242 -996
-940 792
-1240 -21
676 -1673
-648 32
3254 307
-1253 -526
-2291 -1370
1452 1396
680 94
-764 365
541 950
843 -1174
-318 -1137
740 -1182
-218 107
-616 -478
54 -3027
-2372 1157
-420 258
-1714 -773
1321 -1186
-962 -1117
-318 44
108 -713
658 -941
-408 -1220
60 -2329
-834 635
416 1102
-344 -238
-1001 179
-1062 -1040
-369 635
1742 721
183 -1075
446 -429
1044 -1323
-1723 825
-317 -2179
1653 -1331
960 -1736
-1820 647
1611 936
-256 -688
527 -231
-2118 -787
-12 1334
0 -575
-1507 504
48 -541
-303 -253
500 -2267
-2013 295
1200 1660
3284 -1472
-2314 -287
-858 -284
-141 900
-563 1436
-1456 327
2702 1096
640 475
468 -225
1245 -186
-1116 1418
-603 -924
367 315
-2002 -955
163 624
-243 2448
619 -986
2217 -611
-959 -989
-1637 705
-594 -19
-864 -155
-671 -220
0 1543
-1429 1090
618 1744
2285 585
948 -269
557 15
-367 -69
1191 981
354 -1463
-2083 -399
1058 -957
-1013 -69
1919 1440
636 -130
-380 23
628 1306
2568 -57
-623 -1115
-1327 129
-1437 948
-963 2803
-1015 223
-563 -316
620 960
1135 -1205
1305 332
-925 -1699
802 3029
1536 -694
-372 656
-757 -2241
-546 1174
-1805 1002
332 657
409 976
140 3159
1939 -311
1405 -1311
309 -133
-1152 -2035
1063 916
1668 6
-899 375
547 -219
1442 -796
-440 -78
538 1069
-976 -1317
-63 1457
-72 -2468
121 -445
-1827 745
-338 2773
-713 -1981
-1152 1800
-726 547
-418 985
1207 1015
-836 -248
-1230 -957
1629 -239
579 -177
-526 -1517
-202 -3681
-934 1248
188 1444
-568 1071
1748 -1640
-1169 -661
-1646 105
-1290 334
1644 402
438 537
1863 808
124 84
1143 -132
-1130 -1279
421 414
1011 2081
905 403
-200 54
630 -2698
-1075 548
2583 658
-913 -2442
816 962
-682 -2024
-1869 -2206
280 -400
469 -942
-3339 -3945
-1970 -661
-310 348
5568 -755
-132 -5137
-3846 -2653
-2695 -875
1076 -2459
-767 -916
-1765 80
3203 731
-118 -1443
2796 -2994
2159 -1859
-1466 -1935
1848 -325
2330 -1154
3397 -1442
-592 -3575
2753 -2047
208 -4776
506 -2840
1791 -561
3243 -3911
-1136 -5758
-1463 -687
-792 -107
911 -810
1997 -373
3932 -4386
-952 -3085
1315 -1779
-421 -1894
1281 -2043
-2806 -3241
-1390 -1255
-1702 -811
1869 155
982 -3165
-2879 -3451
-769 -1390
1453 -602
1926 -5390
-1902 -2268
-1317 640
1535 3606
765 -647
2383 -228
3576 1110
5416 -3841
1255 -5366
-3016 -2560
1934 -1493
2782 -1608
-1142 -4598
2101 1981
-408 -612
5993 2124
151 1283
4075 88
3530 -1033
-55 -20
2884 953
2820 -1412
2501 979
3060 253
-893 2229
2427 1345
3157 2438
3564 -1714
284 2327
2661 1135
-1232 1604
3241 487
1586 934
2072 -256
1869 1064
240 968
2445 -1715
839 -2748
-223 969
3632 3556
2376 -2556
-1634 805
907 -1388
-524 1829
3023 1243
-426 -1168
-348 -890
1400 3698
-1398 1691
810 2034
2409 2456
3634 -1127
300 1797
1687 -24
-2318 563
-1155 1064
213 3163
976 1917
716 4725
48 2818
223 4008
2815 4018
1466 2
-1495 429
-2433 3614
944 4504
467 3510
-2092 2873
1035 3727
1311 3399
5700 1156
-2980 631
-2438 1149
1756 6630
2450 963
660 2451
548 683
-597 1018
-3125 3344
-13 3473
-315 -898
-2212 2534
-56 4119
1446 -1312
1297 -1615
-2143 271
-1301 -1416
625 -992
-1257 -267
-1653 -2368
-6548 -374
-197 2939
-3935 3667
402 4665
179 3993
2886 1694
2420 1630
1685 -843
-1328 -2113
-4918 -295
-1176 4006
-2531 43
2326 433
-214 -214
-1608 -124
-1094 708
-823 177
-1337 -1459
-757 1565
136 -109
1491 -2951
20 -3571
-3520 728
1724 -913
-2494 -3799
869 -245
-8 1825
-1180 -3718
-742 94
-2804 -879
-868 329
-959 -1509
-572 -1036
-2395 57
3324 684
-2297 -1132
-2148 -1416
172 1274
142 -3549
678 -3805
-3895 -3243
-2063 1796
2012 1019
-2223 -2154
-1422 251
896 -321
528 1225
-43 1257
802 429
-822 -48
3563 -1428
-397 15
933 -5094
908 637
252 -2578
-2381 2452
-83 -370
-276 2355
1337 1846
44 1719
41 1637
1359 2088
3090 1378
2065 -1182
1428 1481
2168 1350
2108 152
773 -463
2334 -234
21 -5459
-3183 14
-1753 -1915
-594 -198
-1220 509
132 -1926
-738 -3676
-1808 2061
1263 1827
2158 20
2616 -2352
1294 -1350
860 -771
-583 -248
3946 727
470 -1071
253 -707
-1181 3659
2059 431
404 -382
824 -966
-2664 -1230
901 350
2042 -109
-1166 -3537
948 2214
968 -1614
942 -544
796 -1440
1602 -197
4283 -4121
-2153 -4299
-530 -3443
208 -837
-30 172
477 -715
-2848 -2519
-70 2243
-1903 -1985
-1060 -1791
-2242 -183
1953 -1179
-326 -2363
-2910 627
950 1422
1672 250
-81 -3390
-1756 437
2320 138
1291 -1612
-1255 -2602
-348 2488
-8 -1929
186 535
-55 -1191
-2750 -4
-933 -37
-2112 1161
1144 916
1148 1003
1383 3783
2771 -991
2028 -3967
537 -1750
-1386 -5314
-1983 1752
1301 2253
-1038 2408
888 625
1785 559
374 -2468
893 464
347 3324
1549 920
2017 3329
2203 348
3507 -585
938 -1953
-735 -1758
-458 -357
276 -3272
-2507 -1884
542 1884
1547 -158
2160 -1305
-1942 -3612
544 -1736
-1002 -2728
-4922 -3213
-1225 3013
-732 564
1773 -376
137 -262
300 -298
-2144 -1943
-1597 1844
62 424
-2033 -3728
-655 2023
1314 -2097
-782 -1724
-1364 -2067
-1453 1893
106 818
-1428 -311
-1492 2072
-5 -3266
-5270 -443
-2863 2790
899 -1088
1648 1612
-1893 -937
79 1345
2174 -1796
2115 339
2860 -179
2522 -3266
499 -1442
-2392 -805
2124 1066
485 -1067
-682 1476
-220 1297
1164 -1882
-2547 -1816
361 2252
-439 1383
2001 -111
3121 1021
-1042 -1130
664 -81
-811 674
663 2038
1912 1387
894 -1093
-875 363
3321 -714
-261 -826
1061 -2109
-3564 -1221
-1565 -1376
-1758 -2775
-3726 1628
348 -191
-51 -550
-890 -1158
-1457 1722
502 -852
-4810 -894
1123 1639
2590 -195
-2477 -2397
-352 -828
759 -127
-405 -1717
-3144 1389
504 702
-225 395
1120 1815
-1491 -408
559 1545
3035 -2182
1571 176
1434 -1253
-1465 -841
3041 2264
1455 -716
-107 402
-66 894
770 847
1261 1066
433 -1537
-496 -1809
1168 779
1080 -1399
1455 -1255
65 -1715
-4380 -1015
-568 -55
-645 -483
-1266 2805
890 424
1951 2639
-298 1554
1194 2693
3480 -323
711 -1178
1051 1297
444 -393
3997 2158
1178 -1757
-252 -511
1631 -1125
-1332 407
-521 536
280 512
2686 -2357
-50 -2399
-1392 144
2590 1676
1076 -1766
1796 -950
356 -2084
596 -1038
-3062 -1581
-1298 -741
-1201 1761
-746 -1262
1563 -1656
169 125
392 1105
993 493
1966 -1230
146 -3771
-1298 -191
-1938 1903
1780 3902
2861 560
-216 -1294
1493 -590
-217 -490
-1026 -3671
1746 -2267
-536 -4182
-4650 -1121
-3045 -983
-2381 -603
-676 1804
-1546 448
-318 3901
1748 697
-2173 1507
458 -140
-1915 -1427
-1060 900
773 223
-2320 222
-2863 1663
112 2914
1521 1212
3691 -858
-27 -1951
930 3515
1664 -1086
-493 -1738
-1933 314
55 1607
3581 843
-334 -2358
-3427 1122
-833 805
2338 2939
1835 -1286
2481 -1169
-1287 -1601
578 -1130
-1230 -2487
-3959 131
-3639 3347
-2375 2775
2441 3404
-1212 -903
-1300 394
741 270
-372 -153
496 2525
2988 1824
-1654 -838
3000 1139
-1193 -826
664 2158
1931 -1582
1954 -24
665 -369
-1050 1242
1769 -2129
423 -860
342 -2968
-2430 596
5 1789
2045 1724
-2699 1193
-666 2830
909 1610
2377 3657
3158 -789
2226 1007
-1473 259
-1925 3682
1957 2203
802 336
1 -2364
-1605 -3003
-673 -2286
-2481 -1204
993 -809
-118 362
3006 2833
1582 -2082
-1261 -1352
-642 530
-1151 -1140
473 3638
1671 1632
