1070 -3176
-78 -21
-9 33
12 24
13 -46
-45 -22
-26 21
-128 -50
-20 -32
35 66
29 28
-12 -37
-38 -2
-8 -15
14 23
19 -33
-41 78
23 18
24 11
5 -11
-17 67
-23 2
-23 -17
-37 7
34 -18
-14 -20
-30 -4
11 -13
-10 25
19 3
29 19
6 21
-6 -31
-7 3
-2 2
5 15
-2 -2
-2 5
0 -1
0 0
3 0
4 0
-7 -1
-15 11
23 -22
-12 12
12 -12
-27 19
-4 -1
-28 -1
-37 32
-28 44
5 -8
-10 -17
42 44
44 -18
8 8
29 26
74 43
-1 105
40 -43
88 93
26 -41
-26 -42
294 -283
-55 -111
-14 -11
43 -16
15 40
-37 -53
8 -30
45 -7
-30 -16
-26 -24
-34 46
-79 9
-48 -43
48 14
81 -2
4 -40
-31 56
13 -49
15 -11
-30 14
55 2
-37 -47
-59 5
43 12
9 26
-16 -9
-31 16
-34 3
21 1
4 1
22 -12
19 20
9 -2
11 18
4 1
4 6
1 -3
9 0
-1 -2
0 0
0 -3
4 -4
14 -3
1 -2
4 -9
6 2
-9 -25
-4 8
12 23
-22 46
-3 -22
5 47
-51 -33
-1 -21
38 -56
-4 21
-1 -24
17 73
60 7
49 -11
-98 -97
6 -69
-77 52
-74 14
-1024 198
-57 9
99 -15
24 -4
-6 -45
-23 24
13 3
-17 15
32 -9
38 3
-39 -15
-38 82
9 -40
59 -35
47 25
-17 29
-9 5
42 -63
48 -8
4 51
13 -8
-32 33
17 10
25 -8
-24 -3
-36 -25
-41 -26
-6 -1
13 -5
-7 6
4 -15
25 -6
6 -2
-1 -7
-10 0
-6 5
12 -3
0 -1
-2 0
-1 0
-3 -4
-5 -6
1 8
9 23
-22 -16
4 -3
-3 10
-11 46
4 41
6 -19
-13 -30
10 10
-11 -52
0 65
-19 30
-44 -7
84 38
32 -90
44 38
25 130
-36 -16
-39 6
74 -59
-61 -24
-147 -97
-10 41
58 16
-12 -2
21 -10
-54 43
38 -48
-49 -21
-31 -77
13 11
8 15
1 -9
-20 59
24 26
-22 -23
-2 14
34 -11
-8 -80
38 -35
-13 24
-11 -24
25 19
-2 37
18 31
53 -5
10 33
-41 8
14 -38
8 13
26 -10
12 -12
9 -16
2 7
14 6
-8 1
4 -1
-2 8
-1 0
-1 -2
0 1
6 1
-2 -1
-11 7
14 -8
29 2
-4 18
26 -11
-22 12
3 20
5 37
-58 -19
-24 -54
-16 0
-22 -25
-28 27
-27 12
-15 -75
5 18
42 -87
27 -59
-104 -59
71 -42
40 -104
-23 -11
75 139
-8 -2
-3 -11
79 -7
-22 -40
36 33
1 -20
16 -11
-27 -21
8 4
36 -8
15 -18
33 11
19 -29
64 49
-24 -35
18 -22
19 23
5 -6
25 -48
-2 25
36 19
-31 16
-23 25
15 -39
35 -29
28 23
10 -27
-1 33
-11 -33
11 14
21 -6
-15 4
-12 6
-1 1
5 -2
6 7
3 -4
0 -1
-1 0
1 1
3 0
-11 -6
-27 -16
7 -3
0 -18
-39 41
7 -17
11 44
-6 -55
6 -59
25 -31
-20 6
-39 47
0 -58
4 100
57 138
-28 20
41 9
-44 77
51 22
-146 -99
-140 20
14 -10
-206 -178
7 -6
-3 26
-24 1
-39 19
-18 -13
56 43
31 37
-26 -12
5 25
4 35
-9 3
-55 -61
20 -4
3 -23
2 9
37 -32
53 5
56 21
1 0
21 -59
31 -40
-28 19
-15 -4
7 11
-16 14
-7 -16
-4 15
-36 -5
-7 -17
4 3
3 -31
-3 4
-11 2
15 4
-8 3
4 7
1 1
-1 0
-2 -2
1 -5
-3 16
13 -11
-8 0
-1 2
-3 19
-12 -1
23 21
-8 6
14 35
19 9
-24 1
-59 -47
-5 -30
69 45
33 4
-28 -52
54 50
107 43
-1 13
58 -2
-30 8
-46 47
-14 122
-208 -30
1 0
-2 16
-5 -1
29 -50
28 15
48 -18
0 -5
-19 3
40 -29
18 6
42 8
-39 64
7 81
84 61
-94 -41
-42 23
25 -43
-27 -21
6 0
79 89
12 22
-23 24
-34 59
35 -53
-23 41
-40 -5
36 3
-18 1
1 -21
-38 20
-7 1
-4 2
6 12
-5 -6
-4 -6
-1 -3
5 3
0 0
-3 -4
-12 -2
-9 0
-16 10
7 -2
1 -19
-35 13
4 -33
14 -1
-43 -27
22 -31
0 5
8 -46
9 23
-34 -10
0 14
5 -1
44 -71
-9 92
-20 52
47 -42
12 -143
-29 97
-29 42
-11 7
0 14
-4 30
45 27
-37 6
24 -5
34 -17
32 -24
66 -3
43 -12
-74 33
4 -26
-12 -53
-27 -15
-11 44
-16 -68
-14 7
33 -79
-15 -22
2 14
6 -6
11 -44
-10 -22
46 -12
27 -33
-5 22
35 19
-9 0
27 -3
18 -14
-5 19
16 0
-25 -7
24 -13
7 -16
-4 7
6 -3
3 -1
3 0
0 0
1 -1
-2 -3
-3 -10
3 14
3 25
6 11
12 22
12 -4
34 1
-17 -41
6 -6
3 18
24 -56
-9 -2
-30 -62
-1 -15
-74 -30
-84 84
28 27
65 7
35 27
-71 14
-17 117
2 127
-184 7
201 -763
-16 -6
-40 -94
-32 -22
-4 39
102 45
29 1
306 112
-49 57
-100 -186
-13 -32
9 56
39 41
47 9
-66 -61
-92 106
87 -267
-7 -66
-67 -21
19 69
42 -237
37 -44
53 84
153 -50
-180 96
55 89
132 64
-63 69
31 -122
-120 -28
-168 -122
-20 -149
16 227
69 -18
18 -16
-48 -171
21 28
39 -97
10 56
124 3
110 -15
68 10
-79 -14
-135 104
142 -135
-55 34
51 -47
-86 95
15 -3
-47 -26
-55 82
-8 141
46 -43
-37 -80
69 83
87 -3
-13 13
-32 5
27 53
-21 20
70 40
11 3
-70 -21
7 9
2007 90
-9 -69
70 37
14 67
-141 -71
56 112
-2 102
-59 24
113 81
86 22
154 -88
147 -46
153 83
-124 13
-235 23
-7 142
112 -154
18 103
-18 -6
99 -73
-167 7
83 154
219 -41
-125 -69
-5 -129
60 79
123 -96
140 0
-87 -19
-14 15
-137 77
-92 -127
-86 10
-94 -178
-19 1
-63 -73
4 42
-200 10
37 99
-28 -58
-1 -91
75 -72
184 -40
9 -30
38 -83
13 6
8 -91
-6 33
-3 74
-58 120
26 -79
-7 128
-40 -63
41 -55
34 -32
-68 -41
49 -15
46 63
99 -54
80 41
8 -139
-12 -15
-71 18
21 25
-31 1000
-20 42
-158 56
-7 50
19 106
32 -77
-61 -7
42 -46
-74 78
-62 12
80 41
101 -148
-79 133
-175 91
-153 -90
61 -109
36 3
-107 157
-145 79
-48 -175
-61 19
73 -32
-60 -41
-84 29
41 19
123 84
170 99
4 -19
-42 29
70 -37
17 108
-160 26
-58 11
5 39
113 4
69 -59
-196 51
5 35
132 12
-106 -81
-96 -118
-76 -105
8 95
82 186
-125 -129
14 -25
-12 52
-39 127
19 115
7 -94
-40 -61
0 18
-12 -78
16 34
12 -47
-16 -30
102 45
54 -68
55 51
0 69
-30 58
-181 6
45 51
-62 42
205 -107
23 -184
-213 76
49 -1
-73 -6
161 -84
-129 44
75 -3
49 151
-28 33
30 -32
-30 19
43 -153
-75 -15
123 30
25 -37
-34 18
-16 207
-128 108
17 -128
25 55
-88 -16
7 -106
-41 -140
-210 55
-57 -119
174 -45
-75 201
-54 -117
-148 66
-84 92
-36 113
-7 -54
-108 -71
93 -11
-59 21
50 -131
30 13
62 101
-5 121
172 25
-29 -23
-101 83
107 -52
172 4
-44 102
113 -33
-56 58
35 29
27 78
-111 -31
-110 -89
-3 25
-37 39
-75 29
-85 50
-5 -91
-54 -57
-87 -45
61 2
-24 50
19 33
-28 -78
62 106
-47 187
136 29
-13 59
-211 11
61 98
-74 -42
-26 -1
-64 9
43 -10
-96 -115
-44 65
-28 20
-66 -52
-54 59
-183 -126
77 84
-6 98
-88 -93
-41 46
-69 183
-16 -112
-135 -35
104 -23
117 -65
-104 183
-183 134
-140 -95
-63 167
9 -191
94 155
-48 -96
-148 55
88 -29
122 -46
7 -2
-73 34
-94 -124
-82 116
9 76
-59 13
33 15
36 1
-122 -71
-199 -131
23 -23
-12 -94
-172 141
38 -62
69 123
4 -142
22 -117
26 -85
-32 11
-30 88
-26 -61
-27 39
65 161
-88 119
40 -109
-58 73
-6 -30
-35 -11
57 -76
13 -12
-300 66
35 -44
37 -79
102 22
86 -29
56 27
-131 -67
-54 -51
127 55
9 -60
9 -123
4 -11
167 175
19 24
-25 113
-37 -73
-154 113
-164 29
-141 -77
-37 48
-107 224
-114 162
133 -56
27 15
-47 -41
128 -20
55 61
15 -75
199 40
33 97
-27 -3
-32 210
29 -38
103 -30
-176 -49
105 -42
-59 -121
-48 -14
132 -20
-142 -91
25 -108
-44 221
112 -112
-54 5
-39 18
-18 90
-23 1
80 85
-29 11
2 72
38 26
19 30
-65 -94
21 -22
91 20
19 14
-28 -48
88 16
107 -14
-82 0
49 23
119 -45
121 86
-74 -27
-246 -3
59 -17
9 -98
17 -4
-40 143
-33 -46
-92 69
42 48
78 32
-120 88
-28 0
-149 -35
100 -187
-86 -191
-239 -203
171 20
121 -88
-91 184
77 51
-45 74
-227 -284
-67 -36
93 -78
129 -224
-130 198
104 -182
204 60
-163 -20
99 2
14 108
213 -114
62 -14
31 2
-49 -83
64 56
56 89
30 49
-189 -110
-45 44
-128 -205
-252 -46
-120 -8
-149 83
47 -7
3 -104
-195 69
13 -131
40 32
-119 -70
23 -90
0 16
44 -53
29 19
-74 79
-27 -6
-23 22
16 -52
39 32
7 48
-39 18
35 -58
54 -38
1 -31
-49 -51
9 -98
8 -74
-148 -48
93 -8
-2 -3
-126 6
-118 61
-195 -31
-102 87
199 -67
-18 115
12 121
97 48
-13 -63
93 223
6 -76
-90 227
96 83
96 -19
8 34
-63 141
53 56
-187 39
-120 134
23 -93
-189 -131
36 1
-111 -6
-103 108
47 -137
-114 12
184 32
-185 114
-58 130
47 -82
-95 54
-55 29
-122 -14
-35 144
55 -63
-38 -61
-49 -145
13 137
20 167
45 64
39 102
31 17
80 21
-61 -144
5 -19
1 67
-47 -99
-92 2
-135 -70
61 40
-19 -25
-63 50
97 -4
-32 2
-25 -13
-32 -77
170 -2
-27 31
32 57
-2604 66
212 86
111 34
-22 -41
-5 8
-17 -5
42 -17
-199 -45
186 51
150 76
-94 -72
29 42
86 -161
-85 177
107 24
139 -114
49 370
-79 99
75 4
-75 -180
-51 272
97 71
7 -170
-237 53
332 -224
-48 -92
-170 -256
94 -87
11 126
248 64
231 248
-94 296
122 -358
-173 -1
5 -7
-24 277
3 -99
-12 70
20 -121
-198 -80
-206 -91
-160 104
254 -43
322 -120
-425 428
165 -313
-130 106
240 -75
118 -12
263 -54
335 -206
211 -129
83 -25
8 37
-162 -176
-132 104
39 8
-222 -137
-234 -112
-20 -268
-57 160
-152 -162
-169 132
148 -18
402 1233
127 218
-212 -84
-107 -125
129 60
35 -126
25 -102
-61 52
-139 -84
-94 80
-241 20
-25 68
-161 34
91 -78
173 -55
22 -208
-125 153
-133 26
-13 99
-124 99
111 -36
29 -134
-300 70
6 138
-60 199
-79 -236
-113 205
-144 -15
28 77
27 -103
237 -158
-51 170
255 26
154 460
-124 -105
200 140
-210 49
367 -47
-151 -271
70 -79
45 336
-95 217
-194 -8
-37 -62
34 -6
-163 -25
317 285
54 -19
-223 -225
113 -311
96 33
-82 -147
383 170
25 50
-135 211
-18 -177
35 197
-99 -211
-192 -121
-146 6
347 320
-117 71
127 -228
96 -80
-301 -332
139 12
128 -52
-136 -90
-3 -90
-9 160
128 14
13 15
49 -207
59 -6
-43 18
-89 75
83 -139
140 -87
135 167
-70 135
-96 -25
52 -19
134 -162
140 193
33 -57
-16 -140
68 39
42 -41
124 -79
-50 -60
-142 -72
88 117
-32 -42
-228 82
-240 -222
241 -3
167 -15
19 61
-281 -47
-40 61
284 -96
97 -123
-238 16
241 -3
57 190
282 283
-3 -121
-75 -422
402 67
-60 -67
24 -94
71 -510
-6 -317
-78 -5
2 183
-84 -51
81 277
59 -368
73 -194
201 15
-344 -121
-31 304
-177 -144
-51 -298
83 50
73 -17
-176 152
78 83
-122 174
32 141
194 -124
-76 47
65 70
-129 -9
81 53
63 87
38 -30
0 -145
-128 49
15 -39
11 95
39 -86
-196 41
-32 68
-103 81
118 -107
107 -51
26 247
60 9
140 -122
27 96
-35 211
234 -127
121 111
-151 117
138 -327
111 334
247 -131
173 -225
-57 -180
-32 69
74 250
-261 -19
233 -84
-226 139
-103 -58
-112 -161
10 -365
-443 -195
34 14
434 -127
-259 198
-458 -107
-80 -156
-207 150
244 -17
104 -239
-21 -285
336 117
16 282
118 52
109 209
98 -91
-17 -5
82 211
-158 -91
-231 318
-16 185
229 114
-229 119
-29 202
-69 98
-12 -55
29 -32
63 -46
140 -16
-50 -69
-59 -110
19 62
70 35
36 80
191 263
-70 -141
16 13
-40 52
53 1
198 93
-150 -81
-95 -99
145 142
94 -151
44 -198
103 214
159 8
-76 -98
-190 11
260 -311
291 -181
196 111
138 -324
-28 340
-269 -49
-21 189
236 -160
17 27
-282 0
-3 -56
171 -122
-46 224
135 -207
-38 -36
175 21
-179 -143
-105 -29
192 57
475 178
-224 37
-24 211
316 -492
0 133
83 -334
123 360
10 383
-208 128
69 -59
174 -180
-20 281
-148 -505
-148 -451
-3 20
-150 -108
202 -154
-146 -105
368 241
292 -43
12 5
11 125
2 -62
-107 -174
-118 -101
30 9
-43 45
62 -83
28 -81
-198 -84
-53 43
-72 141
50 19
-188 -134
-196 -91
63 -250
103 164
168 -67
149 -134
58 70
95 -152
180 -286
143 -196
-235 -2
65 7
100 9
-322 -107
-121 10
8 103
-311 -134
-19 -113
70 -83
84 -250
-78 84
-189 116
367 167
-107 32
-46 109
265 -44
-190 103
386 120
-92 252
139 -432
-378 161
182 55
-186 -9
-11 -191
225 16
-164 -111
72 -15
-127 -203
-91 -10
280 29
352 211
39 75
-273 -227
-170 -94
60 185
-90 -131
-378 -216
0 -13
-151 -40
154 -10
95 -73
87 -203
-59 -24
69 -25
-6 164
6 38
-107 -118
-66 -32
-36 -73
-84 -29
-163 -105
174 -89
-1 -42
185 56
-61 169
196 52
182 245
73 218
-66 132
95 -240
-28 18
68 -286
59 204
65 -30
-173 51
-162 220
58 -148
-138 251
-316 -184
179 52
-152 -42
-94 -82
-161 109
-159 84
-48 -84
54 -56
-121 -1
-14 -176
-92 -50
256 177
37 -180
309 376
510 -36
306 -142
297 -274
-90 60
-57 235
230 -102
-19 278
-162 154
309 212
-203 126
9 -17
33 263
59 -136
32 182
-77 -100
-107 -57
-44 161
130 -307
89 -132
-237 174
-23 322
52 -267
122 -170
87 -7
-29 -18
-8 39
78 -54
14 0
-53 17
182 36
87 -38
185 105
74 -188
-137 38
-30 -164
53 -32
-154 4
85 -18
-191 -237
88 261
73 -212
-200 -106
-309 -92
-65 -32
190 -98
-103 -36
246 -45
135 -132
-63 121
301 309
20 -16
69 78
111 -311
-145 300
208 -72
-279 78
249 -253
-12 -35
-140 162
178 -120
59 -64
33 55
-41 -23
-115 28
78 282
20 81
-193 -215
-61 -388
5 -93
-185 -247
-159 147
-385 72
102 212
-25 21
-41 -40
-288 298
-62 -9
-9 200
99 112
314 105
345 -266
-58 -70
-276 -15
-35 -90
177 -87
-2 -379
-19 -224
375 63
1462 973
29 -9
-70 194
94 75
35 -63
-197 -63
-91 -23
-319 -216
-137 -227
-132 261
117 114
-47 -115
-193 189
18 -354
-99 66
-53 57
-289 -219
111 -103
-63 20
59 211
140 -99
-242 66
-41 147
171 109
-268 294
-32 -83
101 414
15 -25
-32 17
-321 -13
-165 -340
360 -315
-266 158
192 39
41 11
56 -189
-135 152
-92 -72
-60 97
331 143
-103 261
-10 -150
-162 244
-234 137
665 -572
-456 386
139 -375
-568 7
-288 -40
-454 191
-438 117
-538 72
-36 57
51 214
220 106
121 -213
231 47
346 177
453 228
23 573
62 -383
536 539
227 -226
-123 -250
-939 -2275
-73 19
169 136
83 86
81 119
-202 49
-91 2
203 -222
-24 -31
15 -186
149 97
-183 -6
7 -141
112 106
150 73
-75 122
-12 -20
144 -261
-30 -99
42 8
107 -11
-175 -6
208 -45
252 -73
-15 -85
65 274
-12 -167
130 -110
154 -89
-178 239
-232 174
293 -76
-319 -53
-121 -465
351 297
-228 -265
365 -169
-378 5
215 212
-233 314
-31 -389
-139 -372
24 70
28 172
50 287
251 323
-404 -576
-156 152
437 17
-309 385
-196 -125
120 214
-547 -206
-271 -70
298 -628
280 303
-238 -56
-110 437
126 141
98 -215
-611 -198
83 -412
-285 287
-489 82
-574 578
-238 -126
151 -96
254 73
61 -34
-124 -182
-20 16
-135 49
79 232
7 -66
-93 -90
48 -15
104 -90
138 9
45 -158
-36 17
226 -42
46 -291
-5 58
-210 28
255 156
-11 199
-15 29
118 35
-297 134
-168 51
-108 50
-146 -164
129 32
331 -88
527 211
-357 40
-167 103
-71 -178
288 61
107 -54
-124 1
-177 152
195 -127
-391 203
6 -103
-281 -441
-167 42
-24 535
-402 65
110 -79
-61 -82
-258 836
13 479
79 75
-172 -245
232 107
-77 -390
-63 704
-371 555
-405 95
334 221
131 -638
114 89
177 790
-168 -193
256 37
257 -510
-274 -135
-35 -171
-103 183
215 22
82 -75
33 -63
-129 235
179 -119
-238 -77
-166 -185
34 223
145 -5
108 34
-130 135
109 145
14 -91
-8 -105
191 -273
-189 -193
138 -176
-88 -141
-287 -107
-138 211
-106 -112
75 -114
-45 37
-97 -66
-97 -209
-138 269
-48 -317
-325 113
-140 288
90 149
23 -12
29 -479
319 171
-223 205
102 -96
74 29
111 191
-85 503
607 337
-134 -71
-689 4
161 -166
534 53
109 -27
321 -255
-445 114
14 402
-133 416
-653 -230
138 -528
-161 -150
-117 -466
102 303
48 -69
-72 -390
193 417
541 -489
-12 -430
-573 -514
440 -271
337 -462
-257 -230
-207 -265
-266 -12
-6 -108
82 50
-80 -67
289 318
-3 -68
-18 -63
-101 -59
-56 -128
199 102
2 0
205 -25
47 -68
-41 26
265 21
166 -161
-110 -34
-50 225
24 -65
-237 -251
-101 -59
-38 267
75 -1
-281 279
-146 54
1 -152
-189 269
66 -316
311 -216
102 -180
-216 228
-76 -20
274 153
140 180
-258 161
212 -259
-233 88
66 -92
-286 -62
282 372
231 -87
-275 -117
-649 -394
448 26
249 -34
-330 666
58 -151
-14 449
-61 -396
85 -459
271 -88
-155 6
-358 254
93 -451
32 812
291 728
13 -245
233 401
-60 357
353 177
-748 -479
-902 205
-62 -66
238 201
-16 50
-40 144
-56 95
-150 -66
-49 -178
58 246
-17 141
30 7
46 -20
117 -47
-74 58
-22 -168
251 165
-54 235
-125 -128
93 -210
24 142
93 4
-59 139
-95 113
-90 -9
158 81
-163 -98
-38 134
287 190
15 -189
-33 -48
245 276
34 -6
-199 205
-54 97
72 -3
243 -59
-296 -205
-7 -51
175 -17
-344 93
105 -367
-400 -147
72 -309
-266 380
489 -299
-228 -35
347 -219
-94 292
-322 -93
227 165
126 164
467 522
175 82
-437 -198
-457 -198
-196 -320
412 373
215 -151
-254 -310
131 317
410 310
241 50
203 -19
-443 283
-477 16
144 653
168 44
-133 -85
3 40
-129 -85
207 -111
112 138
150 -10
67 -120
135 103
-141 -45
31 38
-16 -6
-69 49
-119 269
86 -31
-323 -395
-146 -81
-5 34
-71 -192
-1 361
385 138
121 -27
243 2
135 11
233 -88
84 -199
204 184
-225 -68
157 114
54 -26
-97 -38
250 -193
116 -37
-37 165
17 -149
-30 122
36 22
-112 -224
58 392
-276 -467
-604 40
-582 293
-276 337
181 25
43 -481
-103 130
209 -373
52 -192
-368 -307
416 -178
50 9
-83 -540
165 239
-133 -520
12 237
66 -145
447 -616
-129 637
-175 232
374 -384
-88 -739
-358 610
-189 211
-8 147
-135 218
81 57
297 171
-269 40
-81 13
-97 -81
120 -92
68 -141
50 137
-134 50
146 40
-61 -185
105 -187
-124 44
131 -51
-166 -386
-1 23
158 18
302 189
57 -87
-294 -62
79 42
-119 38
22 -95
122 -84
-65 -271
-219 67
9 -77
150 511
147 -248
-122 89
116 -320
-279 303
129 -53
355 -99
-154 -24
-18 248
104 -109
99 -345
81 72
-47 -517
-66 50
229 196
-15 618
10 211
278 92
297 -303
494 -68
3 -100
165 -34
-17 -68
616 -328
298 -107
192 -461
-275 -333
-649 -214
-471 545
-180 216
557 62
304 242
-387 371
-516 568
120 599
-941 -83
