2407 1002
-90 -91
15 115
-5 32
5 -27
-17 -14
-2 25
32 -5
-61 -67
26 -25
37 20
0 -55
6 -28
-56 -72
2 48
18 0
-6 -7
86 50
19 12
-87 22
-9 -10
25 53
72 19
26 38
41 -53
-15 15
24 -5
-37 -6
-8 8
-1 -3
-16 6
-1 -20
7 9
19 4
-15 0
-1 16
4 13
2 -2
3 -2
0 0
3 2
0 -1
6 -3
8 -2
0 1
2 13
12 -18
16 14
-42 2
35 30
-52 -23
-39 21
29 -41
53 -17
14 82
-18 3
-4 78
-30 -86
46 -51
18 -19
-28 -56
21 -105
9 -44
-84 -34
-1180 508
-108 -90
107 -66
-55 -20
-30 -5
-1 20
35 -99
3 -38
119 -36
39 25
27 -21
55 -49
-63 -71
-28 53
29 51
-19 3
-5 31
24 -9
41 19
16 19
30 -11
-60 6
27 8
10 18
-27 -6
-64 35
-30 -2
1 39
7 34
-20 -11
20 9
-16 -22
-5 -29
10 2
7 11
2 3
8 5
1 -1
0 0
0 0
-2 -1
0 6
-11 0
2 9
-14 -6
-25 -10
0 -6
7 -16
1 -13
-8 10
47 10
-40 -29
75 30
39 24
32 -16
-29 -69
-7 -51
-60 -12
-27 -44
-63 -8
-86 -2
-11 -45
-17 11
-32 78
-1618 -248
39 -127
26 69
-133 49
8 43
-49 -30
-43 -9
34 49
-25 33
-25 -63
-117 25
20 -5
-18 -61
-15 32
-24 24
-33 -10
-40 -31
-25 -28
-11 19
18 -14
4 -13
3 17
84 23
-3 19
-10 41
15 -21
27 0
-7 -12
-21 24
-23 -10
4 16
-13 -4
-10 -14
-7 0
-12 -23
8 -2
1 9
-1 0
0 0
1 0
3 -3
5 0
-3 -11
-1 8
2 -11
3 -4
-13 -15
8 6
-23 -13
-64 4
29 -5
64 -15
9 -29
-31 -31
-2 -15
-37 -34
-20 50
41 -2
-49 11
-8 81
85 -23
25 39
64 31
89 -113
-369 35
-114 98
1 -3
-48 38
-9 40
-36 8
70 -21
-6 -12
25 12
10 16
-19 16
61 78
24 15
-44 15
35 -7
24 14
-36 46
-11 -26
-74 -44
6 -55
13 49
12 -9
8 40
-25 -43
-37 -10
-18 -17
-4 16
-35 16
15 15
-13 -9
-22 3
9 -17
-6 -3
0 7
13 6
14 12
1 2
4 0
2 0
1 -2
1 -2
-3 -2
-4 -5
11 8
-13 28
2 -8
43 10
14 17
-16 -27
-28 -22
15 -53
43 13
-18 12
-28 -7
-34 -7
-11 15
-13 -14
-1 26
-10 -10
41 -1
99 -101
-14 31
-7 40
-36 -29
56 -77
-31 0
-6 -43
12 -41
25 -21
-99 -60
11 -16
-52 -11
-32 16
-52 29
30 2
-1 -50
9 30
7 20
-67 10
47 23
-53 18
38 15
-72 75
0 15
-8 32
31 22
-32 19
19 8
24 -18
-18 -11
-19 -2
27 10
3 6
2 -29
-21 -7
-14 37
-9 4
-2 -2
-8 0
21 -13
7 -5
-1 3
-2 0
1 1
2 2
12 3
-14 13
-4 18
13 4
-16 -2
-40 -17
1 6
-16 -28
-23 33
26 -1
-40 -14
28 34
-23 15
-43 -26
-10 -37
-15 -13
-14 -19
33 2
16 14
10 -82
-21 70
61 4
-74 -20
108 -289
6 -2
6 7
-44 -2
37 -5
36 18
-10 1
-6 -50
-41 -28
66 -13
26 -20
-1 -33
38 30
25 -8
2 -31
8 79
-36 29
37 -38
6 57
-24 -63
-19 2
22 29
35 9
6 64
-39 14
-12 26
23 -24
-9 -15
-30 3
7 14
5 -49
19 16
0 7
-10 -18
-9 -6
-4 -4
6 -2
-2 -7
0 0
0 0
5 0
5 -1
12 15
13 -8
-14 0
21 2
-8 -12
25 -23
9 5
-4 -5
-15 -6
-2 22
37 -29
-27 -12
-45 -17
10 40
2 27
-13 17
26 -31
-8 -11
-34 -48
-3 -23
-79 8
-85 66
-4 182
-6 -7
-9 1
-35 33
0 -16
-47 -33
-54 -48
35 51
11 -4
-3 -18
-14 64
15 20
43 1
-11 62
-4 3
1 38
-11 -1
25 2
-46 -14
9 16
-42 6
19 21
-31 25
-16 18
-4 -16
-47 29
32 32
-20 17
-32 -2
-7 22
-3 -32
5 5
8 15
-27 -18
-4 -2
-5 -2
-1 7
1 -1
0 0
1 0
-2 3
5 -1
-10 -2
4 -1
-14 -5
-14 8
-19 11
26 9
-57 -21
12 -17
-22 -40
17 -23
64 39
52 -11
-1 32
29 -18
47 -7
10 -27
14 -62
8 -3
-66 7
-106 -68
57 -92
98 -71
19 -57
5 1
-29 12
-10 -3
65 54
39 -31
-18 -45
-40 -56
6 -12
69 31
2 -17
-15 28
-1 17
32 -5
-4 18
12 16
6 19
-21 -3
-21 -23
-13 -12
-27 -11
-46 -58
-6 -4
11 -25
-35 -17
-58 -34
15 -17
-10 -25
29 -20
-23 -17
-1 3
12 -4
37 15
-14 23
-11 1
-7 -2
6 3
1 1
0 0
1 0
-4 1
6 10
2 2
-10 -8
2 -1
9 9
-43 -7
3 -3
29 -16
-10 50
47 7
-31 -22
-6 27
16 71
52 -43
75 48
-20 -89
72 11
29 36
-74 58
34 -9
-4 0
81 -27
-48 39
-698 803
125 55
45 -214
-31 -105
-10 15
-25 50
-58 -13
-107 15
123 100
-127 30
-93 -48
4 145
30 60
129 187
27 -95
-85 24
12 12
-238 -140
-58 -56
274 -82
7 15
-48 -124
-254 -77
-69 -137
-147 197
32 -43
-119 31
166 22
28 -1
-41 15
84 -17
-12 132
-47 -75
-143 -37
130 -17
27 -199
-58 -177
-34 49
-113 98
-47 -78
123 70
-4 -26
89 -41
76 -30
15 11
19 100
51 -84
63 42
-160 -28
88 65
-94 -63
-35 66
127 -48
136 36
26 116
13 -12
40 120
52 -6
66 15
-6 18
52 -61
-4 -47
-69 -18
139 -72
255 -2382
35 -86
-43 115
205 -3
100 7
-10 -7
-35 198
-46 52
-243 81
-73 -41
-105 21
-110 135
84 168
104 -166
-102 -103
75 38
-5 -106
-80 47
-145 -48
-60 -85
-64 30
192 -45
-99 -27
-40 -107
54 52
197 -117
143 -27
-21 -221
-22 -168
88 44
-151 -82
77 134
49 185
-70 -4
-61 -121
-18 -38
-124 -64
-18 22
18 -19
-163 86
-71 -25
-3 115
-134 -5
18 83
-100 -37
-140 -54
-21 -32
67 -45
53 -27
-23 62
127 7
-83 -48
80 58
14 44
-29 -68
-81 -61
-65 14
-94 27
-15 -52
11 -2
4 -33
31 -98
-151 136
-44 26
1104 377
94 -131
-22 -109
111 -62
-14 -107
110 77
122 30
44 -101
34 -149
87 141
266 -17
-14 -6
26 127
4 -85
70 -87
31 58
68 113
50 58
45 -8
-85 15
4 27
-1 -77
-298 -151
-8 -33
80 -144
-60 125
-115 6
17 42
116 -111
156 41
-35 -105
68 38
90 125
66 10
130 224
-85 27
-13 -135
19 2
-24 20
283 74
110 -100
91 1
-41 -127
3 67
30 -61
9 -33
-46 -68
27 34
-94 -46
-199 11
30 14
124 -3
16 -45
-31 -44
74 14
-16 -69
-80 127
56 -38
-87 -53
64 -42
127 -8
128 -32
-10 136
-4 -59
6 -180
233 -205
20 -15
96 -32
42 -84
59 11
-149 2
41 40
-31 89
-59 -14
89 -100
-193 -206
-20 -80
113 -42
-77 23
-80 -57
136 -137
30 77
227 151
-23 159
-67 -168
-26 46
-33 -153
76 182
118 17
89 81
-10 -65
135 -85
-85 -47
71 73
144 -19
-56 130
36 28
-10 -43
-127 -62
-177 -153
-14 -35
-93 -1
-141 -30
118 -242
35 -75
-40 -19
-54 -66
82 71
-95 187
6 -63
200 17
73 18
-26 -61
-24 -58
71 -111
116 21
-46 53
-19 -88
-125 -92
-30 -62
-132 17
-73 20
-23 -2
102 67
38 48
112 -27
47 -46
14 -47
76 -38
89 -23
34 103
-15 91
-61 52
214 155
-5 16
88 43
108 -22
158 -76
-23 -73
-7 92
22 -111
16 -36
247 -87
-151 -77
181 -20
-95 -62
207 -261
-4 -72
78 -122
-128 -63
55 -40
-104 -41
-110 80
95 45
87 -16
-127 -59
-22 -17
-26 142
132 28
100 -241
54 -7
26 12
79 -22
-255 178
-131 94
38 -90
123 -16
115 49
42 65
187 30
-148 135
-28 145
100 53
-93 -11
-155 -77
11 62
-35 -73
-28 81
42 -3
-63 -55
-7 80
22 47
-70 -6
-16 -31
47 12
-39 79
14 -69
44 -2
-32 -27
12 -85
66 74
37 47
142 -34
33 -17
-30 -66
137 3
-114 11
-117 -90
44 -16
-26 100
118 41
-135 67
-51 55
-27 112
-106 -127
-50 -11
-29 107
-65 -223
119 -81
-93 138
-27 -134
59 194
27 6
-82 -92
-107 -46
-38 -248
184 -96
49 -87
-136 97
22 77
164 -13
-49 -80
-43 311
-129 -111
-5 -38
80 173
97 57
47 46
-115 45
71 203
39 -51
2 -9
133 -2
83 -26
122 166
101 -61
-51 5
141 30
-36 -58
98 -120
17 47
-18 -18
28 -4
-54 12
61 -38
-27 -23
-128 -43
-51 24
21 -87
-13 -18
77 17
-100 17
17 -41
23 37
14 -105
-75 -5
-107 103
-46 -66
43 -18
119 -85
16 19
137 45
130 96
-84 -158
-44 35
89 22
-5 -204
-76 -132
-83 -72
55 -139
-18 -1
-34 -114
14 -7
-8 43
144 12
-25 -62
162 24
-70 -56
96 -127
76 -80
-40 87
195 -89
-166 -129
101 -45
184 3
62 -128
-19 166
-27 -43
-61 -138
240 160
42 36
76 30
8 -149
-45 49
57 -12
41 7
-39 59
74 -14
-102 -21
42 -11
-78 -22
-59 39
-88 37
105 35
-125 -45
65 -78
-45 -108
31 5
106 21
63 -60
29 -37
7 -42
-46 11
47 43
9 -25
-39 19
-54 -3
-59 -1
-25 72
44 17
105 -110
-12 -32
60 -34
54 7
-225 -109
-86 38
16 116
102 127
-55 -1
-164 -22
-5 -21
41 -68
49 -41
-90 1
10 -65
-23 -84
-9 -66
62 -26
63 77
43 10
84 13
166 216
32 -23
-34 103
179 62
287 214
-63 68
22 134
-157 75
118 83
-16 -33
-67 15
-299 -105
132 -216
109 -5
86 27
-113 -71
-54 -48
14 45
35 -14
-88 15
76 136
14 16
-88 -58
9 -2
46 16
-167 -58
26 15
66 -32
-70 133
107 -10
-90 1
7 6
42 33
35 -25
104 29
2 -78
171 7
88 12
-27 -7
-47 100
-27 -12
40 46
-29 84
-696 -527
42 78
-121 58
111 46
22 124
103 -45
139 7
102 45
-14 -8
257 40
59 -15
-43 -132
-84 -44
-72 -99
-58 0
90 -105
43 54
135 138
57 128
-231 104
60 32
-27 12
217 80
-28 122
72 -218
72 -16
201 -67
-222 2
33 -135
216 9
-53 -84
108 -237
39 168
116 118
-151 119
-202 471
61 156
-43 -104
243 -273
-9 286
-261 36
9 107
35 52
-68 -111
106 37
-5 -5
-158 189
-139 -171
248 -58
-266 -230
382 119
302 -73
11 266
-248 180
-49 -342
82 -2
32 -218
140 341
-113 177
-50 98
182 103
-105 346
55 7
87 19
621 1920
132 274
-81 -23
-215 25
-43 71
-26 -15
-31 -74
104 88
77 -90
-13 -49
88 88
12 -115
85 -86
-81 189
87 16
-110 -106
1 59
95 -45
126 -6
51 182
-37 -22
-127 112
146 52
103 224
25 -96
-61 79
-209 135
126 412
-25 197
-55 -17
388 241
38 -148
-134 -114
14 -55
59 346
26 60
132 -46
103 -128
10 83
321 -276
-214 183
60 -229
186 -5
-46 -169
151 109
233 98
-58 0
106 188
147 133
58 40
-291 -92
209 168
-440 -190
-249 -99
-235 32
100 317
-34 222
178 120
45 99
144 14
282 -106
33 68
-100 82
46 -288
-425 -6
-159 138
66 32
-36 43
50 102
-72 -102
-68 -48
-184 -11
-56 232
-97 -150
-95 -69
-33 108
-46 3
-3 66
-94 120
48 -38
24 -107
17 57
-90 -88
163 39
-66 0
-4 152
280 336
72 -113
-216 46
39 -265
147 -56
15 -17
-179 121
-357 -59
94 207
-17 -132
-223 -351
-157 -78
-343 -315
31 -36
12 217
80 15
66 14
-662 -80
-12 103
-112 -4
26 256
114 -144
57 185
-44 22
172 127
-74 12
127 101
296 35
-220 78
-340 190
-14 132
185 174
140 110
145 135
63 -95
-17 -125
81 -28
14 -277
-211 89
-48 -105
-219 -100
-227 277
-33 -114
-183 123
-96 14
-98 -103
-16 68
-57 -43
99 30
-72 -13
-60 -159
140 -37
-102 190
157 176
-46 125
-26 36
34 -2
38 41
-209 102
-26 -7
-236 -209
53 -179
143 203
12 -67
18 184
17 -264
-37 35
-151 -145
144 37
-59 117
105 -58
-95 -218
-230 19
64 -258
-22 -69
64 -65
186 131
279 218
-1 49
94 80
342 34
-218 376
68 84
287 143
51 -17
-240 -56
91 -289
-36 -20
-317 -194
-32 -323
190 282
298 177
-17 322
-96 -44
56 -34
148 -110
87 -90
39 -186
-43 191
-1 -43
61 20
-21 53
-185 264
22 -48
70 -236
78 85
99 114
126 94
-92 23
-24 2
12 -70
-53 -7
-74 30
7 -49
-74 21
-152 67
-45 210
54 102
-136 152
-103 -35
-282 174
186 12
-257 28
78 117
-206 308
10 106
-234 117
155 5
122 -28
201 69
170 -163
-178 -77
-129 108
167 91
31 -54
107 -94
-175 19
-181 281
37 -138
-70 40
-71 189
237 -386
243 -225
-118 331
-140 -82
-135 -116
8 -41
-187 -219
251 -349
92 -234
-14 131
96 0
418 148
-3 37
145 206
264 -249
-236 28
203 14
-201 -67
235 -35
155 139
-8 159
120 56
-9 110
-117 -68
63 37
-105 212
89 -172
-67 13
271 -25
267 -129
-60 -14
-7 152
-6 11
91 -12
126 104
-4 7
122 -6
-61 -11
-38 -114
-34 1
62 -169
-17 154
-28 128
52 -151
175 171
-116 93
82 -165
32 30
-31 -164
45 -34
21 109
67 111
53 277
-248 214
-28 43
268 -72
34 -113
-259 16
121 83
112 -491
188 159
32 -47
-40 -339
-177 -35
-35 -13
312 -77
-143 -219
79 68
-90 56
-260 -102
-14 -62
-220 -159
-193 162
378 63
-51 49
82 79
-125 60
-80 61
-19 76
207 41
-101 -151
-129 127
129 27
50 7
-153 -259
-5 -139
50 -61
-18 218
-87 41
78 203
-9 19
270 -141
166 -183
-1 99
67 -18
-10 66
-37 9
-42 56
-77 114
-72 -30
24 125
47 -55
-271 -4
86 196
168 193
5 113
-119 35
79 -30
34 174
30 1
-147 -109
-90 125
7 97
-170 -94
43 8
-11 192
-126 104
194 -202
-168 -26
258 141
-145 -80
-266 -20
-196 162
203 -66
-6 120
68 330
-263 -171
-84 -165
-117 -96
122 235
159 -206
-29 -105
-21 -107
272 -40
-68 84
127 -5
-2 -39
191 106
136 -103
114 -138
-173 -16
515 188
-36 -1
104 206
-129 179
-282 -233
-253 -1
34 -167
-145 71
-261 55
-1 151
-55 175
-48 -26
150 -82
218 220
-119 250
-120 83
153 -48
-36 132
-8 52
-47 -27
214 21
16 19
18 -113
-18 -56
146 60
82 -109
120 148
-60 60
-48 17
90 3
4 174
50 132
-18 153
-38 103
-81 -65
-53 51
-58 44
-217 -232
-122 129
42 -136
-278 -5
-495 -497
68 -44
115 -240
203 71
-114 -56
90 157
-30 31
443 74
-223 365
-37 -15
36 -75
178 157
87 199
-139 -15
-132 50
108 -186
-253 -200
-77 -23
28 123
-22 50
-81 -200
340 -58
21 127
-234 151
-60 -257
-173 -55
64 191
10 -152
14 -332
-303 209
-258 -93
29 319
-119 -88
-38 -131
177 -242
-106 179
-36 -178
-175 135
48 -97
1290 -1979
-164 -136
14 327
-157 146
-36 -251
-92 -54
-103 -45
108 -51
-225 -125
-121 -109
102 191
108 16
25 17
-160 -199
-33 122
25 143
-64 -168
223 -32
8 -185
-118 -1
-188 -50
99 64
179 82
240 33
261 119
-220 128
-177 69
219 -67
-153 176
-250 -85
-95 238
-75 322
11 -127
73 -213
190 -30
280 -587
191 136
64 22
-301 335
20 -368
142 -78
-119 -100
-94 -111
-90 199
-205 35
-94 -160
76 -145
200 212
-230 457
348 401
-628 -170
-559 76
-123 -444
-62 -445
76 495
-220 149
-308 298
-477 -715
131 -413
92 -56
-240 -237
140 -397
416 -223
-735 -28
-1041 2293
-322 -478
250 -135
-134 -3
-159 -145
72 54
108 -272
-83 -191
264 -28
118 188
66 -166
128 -63
-205 -148
-114 -53
41 188
56 147
95 144
-46 -77
117 159
64 -248
161 -23
-183 -105
-144 -49
-204 -205
17 -41
-117 17
139 -152
-322 -345
85 11
49 106
-492 -331
-190 91
20 -91
186 53
15 -410
-89 -138
26 317
-174 218
21 92
-335 358
385 -364
-128 438
0 23
29 27
-268 -96
-399 -226
234 -150
-207 -329
-335 -217
-100 -132
168 153
-322 -337
840 153
426 88
450 156
31 -424
218 -554
-244 -194
-253 -89
-506 -64
-463 53
-114 40
293 -258
-19 479
521 940
-2 -183
7 243
-214 48
-79 70
-81 137
-124 7
131 169
80 -95
-24 14
-318 110
25 -200
93 -228
105 91
86 -85
-27 -101
-118 -110
-159 -249
141 92
-152 -22
133 -32
-16 -149
17 -269
-67 336
262 321
83 246
-63 122
-6 39
90 -28
427 237
-134 -280
-6 224
172 534
236 86
466 289
7 21
-30 -223
-243 5
-76 -113
876 66
-347 79
98 -29
96 -405
-218 91
-207 -434
106 224
-123 -140
54 -10
90 -51
-481 185
521 -237
516 -222
85 -222
-174 -140
-311 -328
-412 -140
158 51
207 65
-40 336
-228 697
155 -162
-193 345
284 -194
531 -557
-409 -155
-228 272
14 -33
-37 150
-144 63
-25 34
106 -29
46 -119
161 -68
-178 85
-82 -149
157 56
-8 -28
-164 -8
91 -109
60 47
171 47
21 -165
94 122
-167 156
-191 -133
-9 -5
69 -75
-238 141
-113 -85
147 183
-321 94
-84 12
55 241
44 334
60 5
-56 120
71 145
-131 247
-100 -173
-114 45
24 -153
35 -207
-440 -6
398 -386
-118 -59
-439 -279
-40 69
264 -27
175 215
254 293
322 308
-22 368
-252 -289
-596 -61
-150 -453
256 192
-62 -152
-268 285
223 287
-16 285
394 -131
293 104
121 -51
49 -237
589 -662
-399 255
-90 143
-298 -47
-26 228
-209 18
64 -257
62 -158
83 45
-357 -372
102 -54
-142 -11
-118 -81
-72 13
41 -209
-114 -334
223 -74
149 21
-37 -207
-103 206
168 -105
6 -114
100 -105
2 -73
311 109
-27 142
-257 110
-166 11
-144 241
192 155
127 -132
-153 0
20 160
-205 -79
46 -66
252 -75
-257 167
-18 -165
7 -169
20 348
-85 274
200 -383
73 225
11 -2
106 -72
158 207
-333 386
-115 191
49 -312
-122 -33
-585 -49
-89 -429
-210 -352
-279 155
135 -20
-387 34
477 191
-253 -16
-190 -255
-43 -273
-252 -202
-34 -526
142 190
122 217
-36 -420
-90 590
283 -171
-473 -253
47 451
-69 -24
114 19
-369 -6
104 23
-29 71
-211 16
-131 -163
-107 -21
360 50
226 -163
-25 47
325 33
186 -242
58 68
-180 108
-64 -74
-14 20
-20 121
-21 -43
-66 51
249 -137
74 -137
36 -61
41 -136
-54 -47
-214 -44
-64 89
248 -34
-239 92
-32 508
-201 -183
-43 201
-17 350
92 31
61 -117
-438 70
276 116
-143 9
376 18
203 172
-98 37
180 85
118 -128
-520 -22
-239 -241
30 -16
238 104
202 -192
-32 102
-512 -38
230 311
324 -307
-190 -95
-12 -21
190 196
-92 538
-80 162
49 -211
221 -30
-277 -144
-121 -232
-534 283
-275 341
-21 -200
260 207
-131 -45
-237 19
49 -114
-171 -268
-40 -39
188 97
-16 -30
205 13
-94 118
-117 29
112 33
117 155
-60 44
76 -197
-40 110
248 54
-129 -235
-30 -94
-84 64
157 118
-178 16
118 -16
-244 328
-94 199
-138 -150
100 195
20 247
312 9
-288 -76
112 -292
-45 -523
150 28
124 330
-2 28
-234 -296
-290 324
27 148
22 -61
-347 -55
-68 -191
-288 36
-118 86
-253 -165
-387 33
-52 123
12 131
-730 -258
-265 54
-180 -98
3 -456
451 543
366 195
-168 577
212 14
569 -123
-196 -320
109 -405
178 -13
-281 109
-484 -434
314 -606
288 -352
-71 112
44 -64
-6 -40
-82 30
230 154
141 -22
-21 -26
-238 -163
-134 -36
201 214
-294 -79
51 -20
-128 74
-79 5
-11 -260
-88 -23
-24 -259
-116 -110
94 -64
24 -4
-52 -28
208 -6
247 -158
-86 110
121 -189
453 564
-62 -66
-374 255
-55 -371
53 -33
10 -374
168 -5
-217 -29
289 -422
27 -75
-8 84
-224 -88
-39 -334
228 1
343 -162
110 287
239 150
369 263
162 -149
102 -75
87 527
-593 172
-120 -89
334 -201
161 337
433 283
-71 -344
-251 341
84 775
371 -309
340 362
-240 -502
106 -97
-33 204
-460 308
303 -251
-6 95
211 -225
-198 -33
