1147 -925
156 48
-36 -81
-33 -21
3 -7
-4 -52
-71 -31
17 51
-50 14
18 66
-24 41
59 -25
19 29
-16 2
62 67
-67 39
-8 -40
-3 -64
-62 1
0 8
-4 37
-54 31
30 -18
37 -12
14 10
-3 29
27 10
-18 -6
-1 18
4 -43
35 13
-3 -36
4 6
-10 15
-1 7
5 -15
-3 -8
6 -6
1 -5
0 0
1 -1
-1 3
-4 15
15 -7
7 6
-24 -8
-9 13
17 -20
-15 28
-16 26
-44 -4
9 3
-22 -36
21 -8
-25 -15
-36 -10
0 42
19 -31
40 -92
61 -14
-83 0
-122 -85
-38 116
-32 41
-1137 -1399
-179 -158
-15 20
-24 9
2 31
-49 65
50 43
-80 -26
1 28
-59 -89
97 -9
-8 -55
-7 -14
-38 -36
0 25
-16 -43
40 3
21 -30
-9 32
-40 7
53 -5
-2 -33
-18 2
-11 19
-11 -3
61 6
5 -7
-25 16
-4 13
17 -28
-1 21
19 20
15 23
25 -26
-6 -1
-7 -6
12 1
-4 4
0 0
0 0
-5 5
2 1
-9 -2
-13 -8
-20 -21
2 -11
16 0
-13 -34
26 42
-36 2
43 -4
17 -14
-21 -12
5 -10
-22 53
-4 84
-100 48
-49 24
16 -39
34 65
13 66
-51 -28
39 -76
-7 -36
-390 101
170 96
-27 33
71 -1
-51 12
-69 -29
-32 27
-7 93
-35 -12
1 35
-29 -69
-78 51
40 46
28 -62
38 -9
9 2
1 -70
-21 -12
-13 -17
-78 -6
-4 -55
-47 24
29 -2
-10 -6
39 -26
-37 27
24 20
-36 -35
17 22
1 25
17 27
20 -7
-22 5
-35 -11
6 -4
6 9
7 -4
1 -9
2 1
1 0
1 5
-5 11
6 0
0 7
-18 -13
9 10
30 -12
-8 2
-11 0
30 -20
7 4
-71 -29
-40 -28
-12 20
-78 10
-12 32
40 -63
-11 25
-54 31
14 60
-14 -53
-74 -21
99 20
21 13
47 364
113 46
-71 96
-33 26
6 -38
-12 -26
5 -71
-3 -9
-1 30
-22 24
-14 6
-36 -9
-15 16
-3 38
38 11
-11 51
47 -73
-23 -13
17 -13
27 31
-52 -56
-44 19
0 42
-24 2
-33 20
-36 24
10 0
-38 2
-11 -20
16 -17
3 -8
24 -11
16 -4
4 17
10 -2
4 1
2 1
1 2
-1 -1
0 0
-6 -4
0 12
3 7
-9 -2
-4 -28
-13 3
19 -18
-24 5
22 6
-3 -24
-18 30
-45 -85
-15 15
49 16
-57 7
13 -29
-35 3
16 -32
-29 -16
-14 -96
44 -71
36 -56
-63 -55
-55 -80
193 -100
9 -18
-19 20
-7 -7
-16 -22
-4 -8
3 37
-53 56
-23 -13
-18 -61
26 -14
-90 36
18 50
-47 31
-47 24
-25 -18
-32 -45
14 4
22 -19
14 -13
92 -50
14 -22
40 -2
-12 -20
44 20
-6 -16
-11 45
29 -4
1 -19
-27 -16
15 -2
5 29
-2 18
-2 -3
9 -4
-1 3
14 5
1 3
1 -1
0 0
-2 -4
-8 0
5 -1
3 7
-1 30
-10 1
28 33
-37 35
0 31
20 0
-9 -36
-12 -32
-33 -25
21 -48
-48 -12
45 27
11 -19
-60 54
16 61
18 112
23 -42
-86 -6
-63 103
29 72
-62 88
10 2
4 23
15 10
9 32
-50 14
-15 -22
-20 4
-15 16
32 -37
7 30
-51 -33
-1 11
95 -18
-30 -7
44 2
-3 32
19 24
-46 -18
-35 16
52 -33
-22 -51
24 18
0 18
-8 -1
35 -6
7 15
-3 34
3 -10
-12 9
-19 -1
7 25
0 -8
0 -8
-5 0
-12 -6
0 -4
-2 3
-1 -1
-1 1
8 5
-10 8
-5 0
6 18
-38 1
3 7
17 -11
-24 -5
26 3
8 3
-39 -29
-33 -14
25 34
-31 5
-44 12
39 26
-46 -6
18 71
21 14
5 -34
-40 3
90 17
69 -32
-65 15
30 37
-1 0
-9 -3
-18 17
27 -37
17 -26
40 51
-10 45
23 12
26 -59
6 20
17 -27
38 10
-47 -8
-27 -12
-88 1
-4 38
4 45
44 -14
-31 -14
-66 -5
58 -18
-6 3
47 -34
17 30
-19 -21
6 -9
-24 6
-16 -1
11 22
14 3
14 -3
-1 -5
-1 -1
-6 -15
-1 6
3 1
0 -2
0 0
-2 1
-5 -1
-4 4
5 -8
-10 1
-4 -9
9 -18
10 -6
-59 26
18 -16
27 51
79 30
-11 -11
21 41
-36 130
-57 -16
-13 -47
-88 -14
17 -33
12 -55
70 -37
-54 31
20 -62
-98 -40
18 42
-8 6
-32 -1
-50 33
-13 -47
2 -21
22 -20
12 43
-12 -24
-28 -29
60 6
22 -10
-29 -14
-60 24
37 28
39 -42
-55 -4
-18 -54
-50 17
-14 -18
27 26
1 -1
-29 15
21 53
-9 28
-12 5
-38 -8
31 31
-17 8
-28 -3
-8 25
8 6
1 -6
-8 10
-3 5
-2 3
7 -1
9 7
3 3
0 0
1 -2
6 -1
-7 -9
-15 -4
-5 5
-26 -17
20 -11
3 -24
19 31
-13 5
42 -20
-31 9
24 59
-28 6
-67 22
8 38
-31 -28
58 -37
-36 53
-24 -23
32 -24
36 -105
-4 40
6 -38
3 -9
2301 -1159
-95 -137
88 40
102 75
-30 -28
23 134
60 104
-28 -168
104 -99
-44 -172
64 -61
-158 38
-59 -18
119 -5
-173 -127
223 -118
-38 91
8 167
280 -53
17 -21
-22 -137
198 -103
-112 49
-117 4
-48 -75
7 -65
-83 -82
83 16
40 -85
8 205
-192 -73
18 215
-12 -45
68 -119
16 -70
-78 171
34 136
-127 129
-59 206
79 -86
35 -49
-39 56
-51 189
132 -45
53 53
-127 -40
-43 72
84 -58
-34 86
-31 31
-46 -53
19 28
-66 -19
22 -37
-44 -10
-14 3
29 25
11 -93
97 -31
-7 63
-12 8
-1 -27
-26 66
-83 24
624 933
189 136
-16 -53
8 4
3 -57
65 -243
-78 -69
195 71
8 -59
157 261
-219 -32
-26 115
-3 55
-13 118
-52 -47
29 63
-134 -13
-43 57
47 -90
147 -10
-140 25
-45 58
27 44
57 -88
31 28
-220 -41
-38 51
115 -92
6 -77
-105 124
-52 -86
-128 -131
-91 -136
-206 213
63 12
75 89
-187 -28
82 -83
-2 -11
-26 21
-164 185
29 21
-95 -25
-132 -78
-124 -133
-1 -70
41 -7
-61 -137
95 123
-57 31
91 -38
48 -12
-12 -27
6 7
-45 46
16 55
-44 35
-103 20
86 -11
60 32
-73 10
-14 -30
4 29
9 -163
567 -53
-69 78
36 28
-112 60
118 -76
60 151
66 -57
20 -183
38 15
17 -95
65 186
173 -115
-61 -158
21 175
-145 -35
1 -25
-6 129
-9 37
31 50
222 21
28 157
138 -63
-127 -60
28 10
-149 109
111 -150
-113 -79
177 153
-92 -119
23 -105
-110 -162
-112 61
163 -57
286 111
-65 50
-66 -110
-118 65
-28 215
-112 -50
109 5
34 174
-89 178
64 5
2 69
-109 -109
36 71
136 -11
-14 44
-36 5
38 -60
95 -23
-166 5
-166 -36
-93 15
-102 50
-11 12
13 -94
16 -60
-11 42
-60 38
-87 31
-2 2
-41 -54
-57 63
125 -51
-130 -150
133 -150
20 -64
-1 71
10 52
11 177
-15 -11
-38 -35
152 -77
2 -44
62 36
26 -12
81 -66
-118 -81
111 -173
-128 177
12 -10
-102 73
-100 -64
169 169
239 -38
9 -132
59 27
115 -78
86 -105
-35 3
155 -33
44 114
-94 67
-4 -8
-128 59
-107 38
-29 -149
-105 23
-49 -17
-45 -25
-43 -66
85 71
-34 47
-169 -109
-5 204
30 75
-70 -17
-23 -172
-88 30
89 -77
-89 -4
68 32
-42 -75
-70 101
-82 -181
-34 43
5 38
-53 45
81 38
-5 -12
-45 11
24 -27
-173 -54
22 -81
31 -20
-37 7
-47 34
217 -128
-71 139
85 -48
33 60
32 76
3 -17
9 -62
176 -78
6 5
27 112
-23 48
242 -99
-11 -180
202 -109
64 -59
64 66
89 89
-48 42
-28 25
-49 44
-291 175
-35 69
-121 62
50 118
-161 -76
8 76
55 -197
-110 43
3 49
156 101
-62 35
-42 -185
3 -143
15 22
-89 43
19 -32
-263 -79
-47 -89
-49 48
-6 7
-59 -92
-130 -10
53 -3
16 48
-4 177
-51 20
113 142
-86 108
13 100
64 -46
-32 -66
-29 -26
-43 -5
56 -21
-27 -43
56 -7
13 -24
2 5
-17 -22
-56 107
-64 54
-53 78
75 13
67 26
91 380
50 12
-29 -121
-50 -50
-22 -116
153 42
16 63
31 8
19 -51
-89 108
-45 -116
89 101
-3 -2
-259 7
49 17
-123 7
19 -40
-53 -74
125 102
85 -71
-158 167
88 172
-39 -99
32 -89
43 46
-183 4
-22 -72
21 -189
15 77
99 -57
95 7
-22 -178
0 48
22 53
70 15
163 79
10 83
60 -116
137 111
-86 57
199 122
-139 101
-56 -3
36 140
-219 7
16 29
68 -45
-61 2
74 -45
11 -38
-84 -37
-46 -43
80 78
-64 -1
-54 3
63 8
-64 -90
21 168
-50 40
17 -43
-28 112
49 -65
67 52
2 -30
81 34
-25 17
44 -20
37 -71
-66 103
-27 45
-131 -184
3 -125
-74 -16
-29 146
-68 -20
-29 83
-107 -23
64 -32
75 4
259 21
-19 -147
39 -137
-75 46
90 61
222 54
-197 68
50 -25
-139 147
-72 -163
78 63
-46 59
103 -26
110 16
-50 -143
-63 -15
-102 25
19 45
6 14
71 189
19 -87
-49 -21
10 71
85 -61
-88 36
-116 -7
-56 60
56 -66
-67 -2
-20 -33
38 -82
36 -26
-191 78
39 -27
76 112
175 0
11 -37
-4 117
-42 213
-44 -21
-21 -81
-118 -63
33 -94
-64 17
17 61
-66 -90
87 27
53 -25
120 63
-118 84
100 -32
111 -37
3 68
-9 23
-40 8
0 -80
8 21
106 126
-120 -34
-5 122
65 53
178 -107
-42 -62
-97 128
142 40
21 152
165 -62
74 9
-68 -68
24 35
127 -11
-82 -141
13 -110
69 12
159 10
-139 -125
103 -39
157 3
42 -145
-65 -38
-9 60
77 -81
42 -57
24 -19
-104 20
-174 -141
-133 -108
-48 40
35 -72
125 -17
-81 -117
-142 -26
-20 47
-164 -89
114 -39
26 -113
51 113
10 -9
92 -71
-95 30
46 91
-5 12
-132 13
30 37
-33 -11
105 -60
-38 68
-100 -40
83 47
-89 5
22 -33
-7 -52
-94 -1
463 116
-35 89
-82 29
-57 -106
5 40
16 -71
174 -173
32 225
-30 186
4 117
-35 -15
166 30
64 -149
-226 -36
154 -21
-269 99
143 -42
16 -92
-465 144
-106 36
106 154
-200 121
168 21
63 53
85 183
-62 -98
-43 219
-86 46
-194 95
-109 -120
217 82
-28 -258
-67 100
-12 188
-67 117
293 -278
27 -403
218 -293
142 -190
-226 -45
-106 1
-190 -12
3 -308
-295 225
-13 -11
298 138
99 -90
-86 249
196 -251
179 -289
428 -97
-65 40
73 259
-165 -10
49 87
229 71
83 -216
-67 17
-179 299
-195 82
284 64
273 263
145 -351
-28 -215
-466 -792
85 40
-102 207
231 -44
9 -2
47 289
-15 -19
-90 1
-5 63
-96 -232
178 116
74 -27
16 -50
212 -83
147 25
-37 26
154 60
23 60
-109 116
-206 -55
59 -56
135 69
59 -120
-102 157
12 -107
168 113
95 -129
-138 139
52 129
163 -90
317 -42
229 202
65 48
314 -326
-132 -1
-111 -343
302 131
-78 179
-3 120
35 37
440 -408
-228 65
403 95
64 80
335 328
-68 93
-286 -48
24 280
-187 -303
350 43
-295 -44
-54 164
246 17
-115 39
145 -314
40 -375
369 -240
120 14
-113 164
-21 -287
-54 -136
149 -17
-55 162
53 119
-723 -775
-65 -54
115 -49
36 -98
-28 107
86 -178
-65 39
-53 75
83 69
-77 103
-32 -142
-136 77
-9 249
-160 -127
160 135
-31 -18
48 56
173 -48
-12 -37
-157 -53
-60 -153
-93 -74
196 272
-27 54
144 -109
11 307
137 59
-240 -114
133 195
-163 -11
201 230
92 -154
-250 182
-410 -310
200 -176
101 238
257 -156
-125 -345
195 205
-99 36
72 -326
140 -461
-129 21
-13 -56
261 40
-121 -21
-275 291
145 114
53 -1
-270 107
148 -121
367 267
52 130
-91 -81
331 5
34 -126
-210 236
87 -140
209 -4
12 -176
23 136
136 50
-246 -55
-56 -164
-119 -488
-33 167
-17 10
58 14
-62 -64
15 6
-83 -130
-24 59
30 -5
-285 58
88 -3
23 -126
36 -52
-131 -55
103 146
-231 192
98 -101
81 140
223 -81
82 -68
-134 -105
-380 -101
-18 101
39 -134
-80 58
88 88
48 25
-112 114
-29 -176
115 38
-68 286
16 -9
88 -116
-11 219
171 -102
72 95
151 209
229 299
-13 -124
79 -32
198 252
-57 -226
-83 -199
161 57
50 377
54 44
-142 153
198 -113
-145 -3
-87 107
66 -118
219 436
67 -43
-301 -18
311 52
32 225
137 -47
-64 161
77 131
3 224
-156 44
-66 158
165 109
37 237
-131 -50
-58 102
-113 -7
-38 -103
13 -18
4 79
-10 59
-217 -38
37 49
-22 -7
-13 -81
-185 39
-112 245
-382 162
131 -10
-39 -84
-138 10
56 -136
-95 27
58 -36
232 -174
-39 -54
27 -209
-94 -267
140 33
45 -194
-109 242
43 -155
-21 126
-238 -185
-53 -146
111 200
63 226
-11 27
76 -29
-62 25
429 37
226 73
149 41
92 89
-13 272
123 -39
-46 127
-127 -177
31 -415
129 42
-245 -269
467 -341
23 -194
-69 -133
6 239
90 254
189 225
-91 312
285 17
-170 -231
-52 -40
210 -191
-40 -237
-71 -320
-70 149
184 59
249 -336
-125 -130
-238 -75
-28 21
65 37
28 72
56 96
-139 -154
47 -101
-4 -21
41 69
113 -52
58 157
44 -130
58 -83
213 62
45 -5
97 6
-70 -86
63 112
-108 -182
1 147
100 -278
-155 -164
-101 161
-137 161
-125 -143
297 62
-6 127
-46 323
-137 -175
-253 113
-20 -34
-102 280
4 44
-200 69
-204 -120
-313 -30
-150 -231
-81 259
-357 -237
228 -183
-247 -247
275 -306
21 -23
-149 -241
469 -10
-6 -117
-154 132
237 144
-236 -161
-75 -86
197 201
228 -3
-55 -96
-19 26
223 -16
-136 -98
123 -85
-86 -233
-95 -28
-124 123
-30 96
-191 -101
-215 64
120 -110
243 -24
43 262
-36 106
37 63
20 -71
4 -20
72 191
-2 149
31 -4
-56 3
151 -54
13 -40
134 14
110 139
-37 79
-187 -72
81 177
-129 186
-68 -55
-19 -115
-208 -187
172 -122
-166 67
41 -159
57 303
-100 8
119 -161
-93 42
-254 -124
-7 272
-55 9
159 -18
-90 -77
29 -30
-94 -475
-144 111
-43 49
54 -93
-252 191
80 -96
128 109
117 -24
-5 208
180 -89
55 247
-94 211
-62 50
475 -200
-148 151
-120 -306
-447 -283
102 72
-154 -92
221 -453
263 77
43 183
206 29
-5 138
-79 182
-214 156
146 2
-30 113
286 -10
-71 -68
80 -60
-15 105
0 -122
96 54
31 -68
-47 24
-33 -37
-23 27
-121 -110
9 116
-134 -278
-7 -88
-219 92
-56 43
54 -85
-73 -111
123 -136
-121 97
-133 101
16 2
-97 -109
-221 -67
73 -15
68 126
-167 -40
-188 71
165 126
-191 43
-223 33
-41 229
148 79
-1 -200
-188 141
-180 157
-89 -129
258 -98
186 261
150 145
112 -49
-182 3
-321 56
283 222
195 153
218 -11
240 237
-105 183
15 139
-208 -223
227 -103
-327 40
163 -52
-122 -276
271 -39
274 -56
35 -101
149 160
-133 76
53 -180
-7 43
-33 72
-81 280
64 -29
-121 73
17 37
-277 225
123 25
-139 -74
-91 -15
64 -17
-126 -172
-340 59
11 -16
-70 -139
101 155
-75 105
-21 -158
57 288
106 83
-9 255
65 44
-124 -15
-126 -77
268 -64
169 -21
-99 -27
-37 -82
-162 -104
33 30
-203 -160
303 261
248 -270
3 -95
301 -4
94 -273
-154 5
89 242
115 -117
44 -243
174 -157
-371 374
-130 475
-289 515
-272 46
347 53
171 150
371 -131
135 269
314 -511
151 -52
-384 -148
79 -10
-68 -335
-119 253
-128 480
-626 219
26 -106
5 -499
142 72
-196 -124
-267 -1
-88 287
103 62
-121 -512
397 -291
-564 -17
-679 -359
-146 452
-20 89
1228 166
-193 -33
-6 -166
-314 157
-1 120
-181 95
168 161
-227 -137
-18 -45
-173 -134
40 -87
-9 -135
-15 -59
-207 -133
-162 -4
38 -102
20 -123
3 -248
126 -120
173 176
78 33
-73 -172
-147 3
35 -159
-83 161
38 -128
-77 150
14 24
-149 -65
-6 63
-425 146
-286 -157
-81 104
-126 164
93 -84
154 453
-342 -282
-5 -221
71 -57
-78 -86
-540 265
279 -219
-606 -186
112 -16
-532 -306
192 -17
437 -50
-137 -180
73 549
-589 -174
376 137
90 -115
-66 -78
-127 -204
-39 400
-69 642
-739 238
-97 216
-147 -173
97 254
300 330
-316 23
185 -424
6 140
-316 -324
331 38
-310 79
181 155
-180 -40
-196 -70
17 -43
72 216
-240 -84
73 -18
-33 -49
-32 26
110 -133
100 -137
55 -157
25 176
-104 -271
-242 61
-41 15
-105 87
-17 25
-33 362
-120 -386
47 -176
-17 -108
-156 -304
13 63
129 -179
-83 -210
266 255
-197 -150
-74 137
244 -175
461 357
-499 200
-86 -238
-219 287
248 172
-233 -430
49 -54
-434 366
-192 509
203 -190
61 -101
-496 34
292 -150
208 -609
-73 -222
-102 -28
609 -122
-408 185
-307 -574
188 -299
307 204
-469 -105
-131 320
271 -222
-144 354
-259 121
382 286
123 -398
-442 -191
617 251
253 -131
115 439
270 19
-311 253
-98 151
45 25
-10 -124
138 -131
127 -73
124 -1
145 10
-158 107
-75 174
-53 21
-34 233
64 -69
95 -33
7 -151
-97 -265
-206 -153
118 300
-76 -179
74 310
-109 -22
-198 200
-53 86
-169 136
-115 -143
-19 -113
27 98
107 -232
101 -526
237 -48
48 296
-34 -109
-167 249
-221 -176
-293 -541
-155 -307
-85 182
-153 -39
-132 -230
294 198
-22 224
-42 24
-100 -385
84 -125
76 -195
-181 243
258 -60
153 -162
50 9
-463 -522
-93 46
645 46
-399 -79
-148 -368
-387 12
284 -233
-298 47
436 -561
153 -280
218 -297
-324 -288
-181 -406
-505 -11
115 -289
-27 37
-57 -41
-73 -161
2 -71
-68 -58
60 142
-1 -108
26 -135
-44 72
-179 111
278 -108
277 -135
-329 133
2 64
150 -106
-25 97
234 -36
-8 -65
53 -42
154 -15
216 198
95 316
21 130
-73 390
164 -169
34 190
-40 -267
241 125
239 151
-117 -14
-158 -121
-158 -177
60 11
238 -59
-421 5
-257 90
-184 -218
-52 -267
111 -340
48 16
48 -233
249 123
-7 495
-87 -220
391 364
-658 460
-88 292
149 247
-81 -409
39 -420
-285 -233
-23 -502
-345 85
196 201
78 -101
-558 432
139 448
286 285
223 -417
-318 -292
-437 505
23 383
-104 -402
-51 -2
-58 312
51 21
-75 138
-36 35
-113 49
-42 -34
-79 -28
-4 -167
84 -17
-226 58
-128 172
113 -76
-174 -55
62 -118
73 186
-35 -149
3 75
-131 -125
66 93
197 23
234 -11
119 -127
237 87
-149 -83
56 -187
56 -201
183 93
209 -134
-74 165
242 -123
-55 -127
223 -277
61 95
390 24
299 192
-32 -306
599 323
-337 81
153 452
-425 553
-18 49
328 179
-596 67
168 19
137 -38
-446 -89
119 473
133 391
-370 -405
-264 -111
35 205
-329 141
-260 171
219 228
-198 326
44 16
344 -115
-66 -81
-284 -239
426 280
258 -247
-414 129
96 2
-31 -72
-80 8
-88 87
76 -83
-2 48
182 156
80 -75
148 44
62 -322
-142 42
-23 -108
-44 68
-186 -170
-61 -172
-136 126
-51 29
122 -163
200 32
-164 87
-69 263
-1 166
205 -29
129 -57
69 -215
82 -69
-147 300
48 -118
271 382
153 -297
278 -40
-131 -141
139 50
-29 64
-14 595
360 -96
235 -48
-117 85
321 -293
37 200
-67 -256
1 105
-147 -206
-255 121
-49 -287
238 -233
296 44
-615 464
278 -289
211 607
481 654
-299 85
355 89
-138 811
-485 -96
-41 -98
-353 189
-3 98
407 -475
381 -484
-143 411
-58 -423
-623 -146
15 123
239 -157
-222 -39
-199 220
-194 -186
-65 158
159 25
-6 216
51 8
-102 -201
209 -199
302 181
-134 117
14 87
48 20
24 -207
-84 93
-312 82
-164 -68
-4 -122
42 85
91 125
232 47
98 284
-151 -34
233 -153
126 -83
-83 -165
117 11
81 24
-39 -291
-58 -187
45 380
271 -54
396 -171
250 170
-356 305
-163 -239
77 -70
-63 182
287 263
255 -54
-561 -126
-141 -218
-330 -78
-101 -258
-49 -278
-104 -66
150 106
-349 231
298 -87
16 1
168 582
-179 11
-187 240
-23 317
-57 -251
136 -221
-257 292
45 -72
-51 -191
544 -596
-40 394
53 -148
306 -52
