1581 -480
1557 -402
1394 -562
1755 -664
1518 -349
1308 -921
1678 -1110
1388 -662
1112 -380
1460 -59
1796 378
1832 14
1997 -571
1687 -914
1514 -758
1490 -611
1543 -596
1499 -611
1607 -349
1668 -79
1489 -479
1609 -501
1422 -374
1623 -728
1404 -444
958 -291
1282 -122
1607 -611
1860 -431
1502 -352
1652 -450
1462 -515
1631 -658
1251 -531
1391 -910
1427 -556
1140 -331
1217 -315
1881 -253
2152 125
1525 -24
1744 -370
1322 -322
1457 -724
1578 -398
1624 -449
1959 -202
1681 -197
1749 -514
1698 -604
1763 -610
1365 -349
1461 -441
1639 -518
1925 -544
1797 -130
1662 -520
1439 -579
1156 -622
1469 -289
1373 -184
1698 -788
1905 -373
1506 -247
489 1041
672 1208
459 1696
164 1677
518 1413
813 1929
176 1851
757 1480
806 1535
587 1507
222 1183
360 1359
75 1545
289 2137
-204 2203
140 1484
258 1458
193 1424
-154 1509
-69 1333
-86 1728
-515 1651
-328 1622
-390 1785
-339 1507
-544 1699
-568 1538
-330 1600
-197 1505
-211 1346
-77 1106
-167 1317
-364 1121
-98 1043
-217 1147
-420 990
-231 1019
-97 1499
-347 1636
-343 1656
-510 1766
-732 1728
-885 1413
-732 1422
-377 1509
-456 1773
-369 1197
-178 1284
-699 938
-481 1038
-650 1215
-862 1149
-916 1453
-622 1333
-338 1243
-453 1205
-397 1333
-599 1309
-586 963
-351 1274
-684 1453
-651 1267
-651 1253
-596 1137
2300 136
2097 717
1884 474
2518 178
2762 538
2697 195
2380 763
1625 492
2412 647
2304 1052
1956 726
1856 446
1882 794
2059 995
1974 1502
1835 1334
2103 1477
1712 1373
1621 1281
1811 1603
2178 1670
1765 1459
1463 889
1461 1599
1378 2011
1486 2183
1223 2063
768 2160
1013 1847
1576 2217
1076 2005
785 1779
503 1756
678 1991
607 2125
872 1985
800 1912
771 1479
679 1613
643 1971
544 2194
807 1726
881 1958
489 1897
275 1797
-175 1680
-253 1440
88 1517
-30 1595
-68 1353
278 1410
132 1818
-68 1727
387 1521
773 1871
656 2022
485 1864
77 1877
-382 2132
-104 2232
136 2578
-291 2390
-235 2289
-92 2226
970 -815
709 -31
490 -198
819 71
838 312
1062 586
1055 335
1022 146
616 350
765 389
544 665
534 363
997 760
915 523
1017 539
711 874
864 556
1190 319
1002 331
476 405
487 104
603 689
533 908
802 1193
606 1085
319 975
298 850
213 834
372 668
257 819
280 591
-25 486
48 311
381 868
228 1094
-60 623
379 905
-89 1255
43 819
87 1015
165 656
224 580
235 731
-197 1207
-351 601
239 677
-52 454
-316 563
-911 427
-772 530
-872 607
-528 940
-748 867
-395 545
-341 521
-599 437
-444 458
-199 802
-219 609
-492 519
-261 643
-283 949
62 665
295 996
387 245
553 23
261 -169
158 -130
124 223
-274 89
55 -254
390 116
357 292
118 -11
142 -41
-118 1
188 -270
121 -17
-92 -269
-14 -104
-441 -144
-167 116
-500 355
-160 -43
-307 273
-588 149
-513 104
-153 207
61 -80
286 254
-183 72
61 -78
-147 34
-252 278
-503 -37
510 -134
461 303
-64 0
-344 -313
93 -58
-113 283
45 213
162 379
-496 413
-515 55
-315 171
33 -152
444 -223
550 -165
234 -22
77 94
-58 -60
13 -819
-37 -285
-540 -147
291 38
302 271
138 -210
326 -438
182 -205
200 -186
256 -31
115 98
-13 233
25 -429
638 -384
322 208
-122 -121
-46 -416
141 -94
-248 391
-113 373
-30 411
-157 121
3 156
197 271
381 73
615 217
619 -9
715 -263
455 -103
156 -72
238 215
69 -97
194 -235
-4 -254
183 216
-10 192
200 11
178 -105
321 -250
81 -451
-72 -361
-329 -127
-213 69
-246 247
-194 489
-229 667
156 571
312 450
194 -82
321 -113
231 98
-10 58
-191 -12
204 265
163 417
-265 32
45 28
92 435
20 -63
-24 134
-31 -15
161 243
-86 230
33 6
-132 34
-48 -409
71 150
-445 227
-125 44
214 -117
-164 -7
-258 -136
-29 39
42 229
-293 271
-263 117
-330 195
-376 -10
-40 110
-49 413
235 -146
443 31
115 395
140 214
345 -38
234 -66
314 -241
194 -443
270 -67
-17 318
354 -124
139 -91
-176 -143
37 27
-53 23
-95 80
10 247
1 349
59 274
292 74
415 -162
262 -96
-93 -157
-22 -316
-131 -173
-238 -67
-372 102
-22 201
-23 316
-478 -108
-575 -13
-163 338
60 265
-158 -139
-165 -83
24 317
-91 388
10 -177
104 -460
-158 -23
-690 123
-529 -83
-457 15
-342 70
-277 196
-501 -2
-275 82
-384 355
-212 376
8 80
172 13
28 -255
13 25
-460 -215
124 -521
35 -165
-20 -400
69 -218
47 11
-445 33
-206 -339
-349 34
-439 -175
59 -194
-126 46
-408 -345
-303 -79
88 637
-203 473
57 190
-170 348
-6 -11
12 126
-36 152
-54 172
34 234
-226 376
97 142
659 402
529 197
-44 25
-207 -233
-19 94
61 8
240 69
171 -399
49 -250
-125 -284
-37 -278
168 -179
223 46
307 12
-362 58
-523 -150
-258 -359
193 -109
-152 271
-298 -168
248 -69
52 175
-232 -245
-435 -395
-687 190
-551 167
19 127
102 -58
40 85
-117 161
-199 67
137 225
33 235
348 -47
381 -204
391 -221
225 36
159 117
-33 -338
244 -395
-288 -105
-247 -546
-109 64
-318 -38
163 -237
132 -9
-315 -108
-245 -98
-176 228
75 236
-4000 41
-4746 -197
-3232 506
-4074 189
-3530 -624
-2957 748
-4637 391
-4769 -267
-4339 205
-4612 707
-4186 -519
-2631 -218
-3588 -564
-3465 -498
-4503 -276
-3701 591
-3711 -384
-5113 461
-5003 -68
-4966 -692
-3091 -194
-5358 -900
-4427 291
-3941 143
-5356 -1835
-3810 557
-4151 345
-3354 1011
-5066 -630
-4095 386
-3445 663
-4092 -280
-4492 1331
-3170 -1383
-4416 1196
-3496 -469
-5238 -1323
-3936 1314
-4671 586
-5548 -269
-2463 -739
-5273 137
-2122 -633
-4081 602
-4720 -92
-3745 -204
-5038 -226
-3349 -482
-4073 -716
-4178 -21
-4500 -239
-4507 -1147
-4700 993
-3609 -426
-5671 648
-4169 123
-3406 -94
-4481 -1008
-4085 228
-5210 -179
-3346 -301
-3737 824
-5159 -717
-3564 399
-561 1312
-1263 825
-729 -404
319 274
-168 984
-1914 -461
1091 83
-1426 1540
-47 -71
-1455 -783
102 1340
-1477 -455
-610 612
-1795 -211
526 -702
370 1271
-445 109
-1426 416
23 -645
-1204 693
-734 75
-65 243
-1108 864
677 335
-609 589
-916 -433
-674 696
-739 730
-891 1358
139 531
-807 1034
-755 -186
-28 798
-714 1508
-789 505
-1011 631
-1571 1299
-1927 85
-932 279
-1423 11
-1073 -75
-776 -90
-152 416
-1024 464
-1163 1330
-341 -1082
-448 1775
-498 -427
76 -134
-1500 427
-34 -375
-934 -930
-1391 347
-342 1278
-1878 -639
-1258 -6
-1504 -456
-1181 -421
-920 795
-2783 91
-103 111
-574 662
-1008 477
-556 760
-1221 501
24 -559
1332 455
-403 2016
-499 16
-200 935
-1147 -1711
1303 737
-1374 712
613 -970
918 -818
176 179
-533 -212
-728 622
-324 -1453
-159 476
-228 -731
653 -772
-186 176
-175 648
-86 -21
1175 -2074
-227 -18
-1399 -953
61 154
393 -635
831 -482
999 -830
1194 1332
173 -1016
1395 -1467
224 -1120
950 -66
225 416
1153 222
380 532
859 -402
589 732
257 -306
-191 437
1058 -66
644 518
-237 -855
463 -119
797 -336
885 51
745 839
513 828
651 490
17 1069
-1087 1595
-505 -685
264 582
146 1220
-1361 -392
-505 391
170 -275
-722 -708
374 41
-297 1181
-649 -53
524 -384
-828 439
508 1000
-2195 1159
-1794 -1085
-945 1278
-1574 -364
-1437 -59
-1329 -407
-3 -81
-839 -682
-660 -782
-817 231
197 -1743
-688 790
-1014 -674
371 -671
-1510 -630
-704 -420
-23 603
-321 -582
-379 -928
-134 -1414
-315 400
-1702 -1437
-987 262
-588 -1076
-282 -756
-370 -1432
-520 -634
283 -1086
-149 -400
375 -1560
-136 -358
825 -1441
-833 569
-1338 -94
-163 -1368
768 -305
-1313 -197
1457 -1395
56 -115
621 -954
691 134
-324 -978
-1302 -345
225 -1893
743 242
-436 -687
1434 -924
-728 -2197
1003 -225
-321 -1687
226 -329
-395 -685
880 -873
-31 -87
602 -952
-157 -1396
-351 645
300 -1021
564 -603
1053 -1720
-1046 443
705 -674
-328 -193
-259 -1032
-65 772
63 -414
359 195
-79 -229
-450 -324
1091 -316
-971 837
-1203 574
-472 -389
759 38
-455 99
270 119
-123 685
204 -1496
594 82
-291 -422
286 -781
-1790 -37
1466 -1127
-314 852
598 -997
747 -280
798 987
-428 413
565 1069
-1486 -754
1179 534
-549 -295
34 175
78 -288
1182 494
-1504 1205
594 -1057
-495 -587
293 4
-1426 -127
124 -392
-57 274
425 -274
1539 -1814
243 1030
1379 297
-154 1150
128 1109
-499 -276
-42 -764
394 -694
1132 -231
904 1221
-1797 -1442
622 1203
-995 1056
-45 -237
612 130
-625 28
-288 -668
-570 384
-719 -100
-1079 -633
-482 -196
1106 806
-1936 192
-322 -401
1328 -697
-56 135
-679 -832
-158 -1218
24 292
1276 -686
357 -125
102 231
245 -480
311 249
-525 -421
461 453
-449 -316
-631 -697
579 560
-912 -739
1581 534
-87 -928
-186 1013
-1083 -295
931 136
155 232
703 100
179 238
474 -272
-907 -641
-20 538
-532 12
-351 409
-804 271
-198 294
419 1276
979 -82
885 234
-493 218
110 -213
659 -528
342 1
-862 831
945 -1032
1082 -1233
-914 1157
808 -826
467 640
-348 -205
511 1256
-117 -228
455 431
1053 533
820 50
961 1817
-299 -1401
640 621
926 616
143 293
498 -816
-15 827
201 360
-706 -362
506 -378
72 189
457 -38
23 442
-935 545
-167 -244
1225 265
-617 -1268
3 -529
913 -142
813 38
1048 -445
469 341
558 -299
-2025 -407
611 77
239 502
-17 -1299
-160 369
213 618
381 -637
-293 -146
248 813
418 -79
-135 661
1087 870
-76 377
-209 108
853 -161
-454 510
99 -94
-591 -110
304 296
-318 988
374 -422
972 -242
-997 189
-392 1942
1264 281
67 -46
-284 1006
-287 242
78 -205
868 573
-480 -237
-1866 -728
198 -176
-1122 239
-351 247
-151 445
-509 237
727 -4
-1417 -195
27 14
-1171 -383
-29 1162
-1083 -710
-602 536
-756 -417
933 385
-585 1458
199 -1248
-543 183
-319 -948
-915 -1032
630 -1266
-403 -197
111 -1599
-82 179
-254 -13
794 -383
521 -531
-789 507
-444 -55
2247 -1290
-1133 252
605 -328
-201 228
-448 428
-157 -92
39 48
-268 567
597 -1016
191 1150
205 197
602 -692
-25 -1167
53 1051
-118 174
834 1144
2 -291
930 527
-615 -1012
-498 949
432 -351
-1782 677
-567 655
-892 -1171
495 -1681
271 -1
828 526
-1644 69
198 -1090
947 -489
-1088 12
494 -1077
34 -776
45 -96
-635 -1012
293 1977
628 0
-276 608
-325 -397
157 -624
541 205
-283 472
741 -54
-415 375
413 -353
-1065 -500
-868 410
230 -731
1442 -174
-645 349
88 -1008
-303 1382
-1078 -662
692 1067
-147 597
-1046 -1048
250 -286
-844 -222
-303 88
78 452
553 694
626 1704
-250 1124
85 1683
-316 1081
-613 698
205 2516
1844 2827
1811 1168
1363 -1628
711 464
-1911 -1821
-2153 1853
-683 3421
836 2724
696 -6
-682 905
2794 -664
724 420
940 1274
-2160 953
1827 1589
177 -21
-171 790
1276 3711
-322 542
1470 -691
-1446 720
345 1688
1206 1499
-1334 -436
423 2420
159 -898
816 4098
1513 110
233 1419
3797 1481
-763 -2335
408 251
1769 -2
-3319 292
1903 912
-2330 1742
891 -1243
1866 1025
-286 1285
-962 492
62 1203
-1142 1147
-616 814
-136 1487
623 1916
951 -1163
-1562 1958
-59 109
-189 1572
-184 1229
1487 2111
225 1479
3091 1050
-2018 545
-1209 1291
176 2020
-1229 132
1412 -2254
2628 -197
2293 309
1575 -1171
901 -2504
1991 -668
-1538 -935
2132 -3439
-671 -556
1451 1153
-729 -1021
2798 1377
1341 -2019
3351 -1564
713 178
-1041 -1962
1229 -564
3030 -45
946 785
1852 -1298
541 348
1193 -1123
2612 -432
-545 -1393
2240 -1449
2318 -688
1922 -527
291 -1494
1945 -835
499 617
1956 -1490
1205 415
-27 -81
912 -1432
1454 -847
2221 772
2249 -1134
2137 523
1918 -1589
2120 -669
2077 -441
1875 70
1473 92
2737 -607
2191 -2551
112 1423
604 -2515
-65 1933
2039 1010
2712 -945
740 1163
3218 1535
2979 -2290
272 -3101
3869 893
304 -1129
1586 443
1746 370
-470 -376
3907 1546
-173 1336
1869 -1554
1857 647
1797 416
2323 -2635
1106 43
-776 -2199
660 -3557
375 -650
-212 -1204
2408 2239
916 -1361
3487 -2608
532 810
890 -364
1125 181
2616 -548
2392 -1977
851 1195
1851 -2929
1057 -692
126 -200
2031 -274
1547 -2728
1674 -1195
-995 1447
958 1549
4274 1120
861 -1127
1275 -67
495 -367
2438 944
2094 -2427
2088 -1215
-268 555
1771 307
365 335
1875 -1405
860 -1190
1555 -2458
114 458
479 -272
1363 2090
3165 -1499
374 -802
876 -147
784 -411
-255 893
934 1880
1939 329
1641 1019
1034 -26
1208 -1672
1212 230
3459 -1309
2290 2703
2702 145
1553 -1198
1354 1430
426 -708
-1215 1402
2805 3460
1458 570
1815 -1644
1795 -809
766 1225
2938 328
280 -552
2324 234
1503 2615
1495 -853
2633 1810
1707 -563
689 -251
-1614 440
831 2418
1549 1283
1887 -322
-571 2877
2356 -966
1058 179
-2238 573
841 157
529 -267
-706 -1816
-1155 2186
-272 1071
250 2240
-69 -465
1345 2533
1322 -911
-708 24
-866 -149
998 1151
-589 -449
-451 2518
398 198
-976 1381
-883 -112
-1114 2806
1000 21
1776 -637
-1027 1064
-1725 1764
2676 -330
-2700 393
210 -173
-1224 420
-1531 -1140
-830 965
1267 170
-750 1755
-782 -1046
-563 1725
-2192 1230
1358 2725
511 263
1199 2247
861 -1326
-169 -1171
-552 316
647 -623
-1216 164
781 1935
653 -1331
-518 1435
-709 -244
-2036 2788
1015 -1948
-1393 461
-383 -162
-1324 -102
-1861 -2484
-2199 2712
-194 156
-191 939
222 -1519
-1930 -666
955 -741
-433 -990
77 1499
-1670 540
657 -77
-258 -22
390 797
161 1319
-1688 243
1277 231
425 1009
3596 -1288
-2477 1515
575 -1373
-752 1247
-123 677
-180 -2696
1601 -1450
-2420 -1350
1996 1714
-1649 -1108
708 1284
481 99
636 853
905 -908
758 -1578
-2814 1135
1681 235
845 990
1012 -887
-1206 1477
782 505
-13 -164
-825 1923
1568 -1780
-1992 -504
1206 -1005
-1752 -778
1024 2045
515 1505
-360 146
-2962 -675
-1604 -400
3130 3306
-457 -1376
278 -2362
-1028 254
-735 207
284 1125
-38 1500
674 -856
-566 196
1652 1559
447 -1483
-2337 234
1200 1101
-833 649
-1505 1254
878 566
812 1001
116 -493
223 -1162
-1963 -1380
822 -438
1800 -2171
-875 -1199
-1533 -924
-314 -67
-2525 -1209
-996 621
-640 2490
-408 -1476
2631 1339
-2170 -640
753 2049
-63 -1829
2999 1707
-1644 135
84 1094
-235 595
-720 213
-209 1099
1059 2517
-74 -579
993 1370
130 -1167
413 -211
1629 185
-771 -2238
-270 -105
-1518 111
502 396
-243 608
-1033 1264
1 535
1279 -2081
-859 1254
-1123 1423
1577 -2389
-2282 737
-243 -513
1053 478
-516 -1206
456 293
513 -866
-2011 810
-162 356
636 -1352
644 2614
809 -1205
-457 -231
-737 195
-1207 1869
1171 -117
-847 -1207
1333 224
-859 344
1239 -98
-444 -1259
95 -553
339 -724
-205 -670
-1301 -47
1532 2100
236 -1694
-1559 781
-184 663
-57 207
-614 -1481
-683 583
3303 287
-1061 -466
-811 -1043
-1099 2608
957 765
-268 125
1178 1692
74 664
-421 -185
422 81
1326 -1266
-3075 172
613 719
859 952
377 1597
1363 78
222 1731
1895 2022
-116 1381
883 -2077
-906 995
-1436 960
1913 1171
-233 -1577
-2705 1420
405 2199
73 -539
16 -86
473 -654
-3644 -56
-1008 1706
2273 1064
-216 -436
1240 730
713 1456
-534 -1277
521 -299
-1338 -105
2276 -147
-1534 -2573
680 -346
-2409 -3288
62 1338
-1344 124
-452 1287
-946 -133
423 -1491
-545 1216
-256 -1596
-865 462
112 -306
-107 -196
431 -83
-74 811
1315 -1681
-729 -855
-1360 -185
219 2910
3046 -1339
1601 -1966
-2972 234
1574 -2730
-874 -686
-247 278
864 -1060
1340 517
-466 -315
731 -178
762 1557
-979 -1456
-1469 -1221
-2542 597
-214 1026
-1521 90
1551 2191
-1204 -1931
162 782
-2304 143
-282 1421
1117 -640
-1828 1162
1372 -900
-557 -1416
375 2734
-36 2102
956 -46
-2165 -856
2396 -724
595 867
-262 -64
883 -1571
-1611 -964
-132 1258
966 758
2190 360
1676 -4245
-839 526
503 -1208
1884 242
-196 484
137 44
361 -2467
-758 -1058
57 -770
-1641 -367
-1064 1494
436 -401
-637 1674
-2467 1055
-196 -930
-438 1104
-211 -606
1431 1444
-1147 -682
203 -901
509 808
-413 863
2122 296
-302 -422
-179 -1786
-2953 -1470
-270 -3545
-3340 -5528
-3684 -4289
-3534 -1642
-2656 -3742
-1298 -6271
-4857 -5832
-4186 -4504
-4816 1503
-2994 -175
-1146 3254
1375 -3089
-2976 -6184
-3075 -5203
-3683 -1300
-127 -2918
-4524 -3456
-1799 -2678
-2817 -1981
564 -953
-2317 -1959
-653 -1702
-1357 -4030
-4261 -5273
-3709 -2199
-5349 1513
7 -2613
323 -1726
-3702 -4930
-1686 -2562
-2842 -5460
-665 -1198
-4953 -6059
-4649 -2809
-2993 -3896
-5808 -739
-1661 59
-1402 -2163
-1765 -1149
1660 -2020
-3776 -3663
-1515 -3164
-4799 -89
-5705 -2231
-3025 -3047
620 -746
-3495 -1116
317 -2142
-1396 -1959
-836 -4364
-3446 -2300
-2689 150
454 -3939
-45 -2523
-3158 -3826
-2041 -2083
-3938 -3165
-2373 -4842
-5574 -1753
755 -1665
482 -4561
-2277 -3662
-950 -900
-1508 2278
-4612 -246
-5102 2523
-4443 4991
-1919 5219
-345 4439
-940 3447
-2216 5897
423 3368
-1183 1018
887 664
-3948 -168
-3090 4745
-5636 4823
-2847 3098
177 3768
-1711 2569
-3376 1534
-1284 1136
-3533 2146
-1408 295
-3605 3031
-5049 809
-2654 3731
-4648 3338
-4065 4508
-4161 3399
350 3327
-3259 1546
-987 -244
-2784 2563
-2225 1688
-1273 99
-2897 293
-2355 2458
-4576 -1185
-2896 1307
-1901 529
-3862 4142
-3242 2671
-4343 2810
-3225 2629
-3986 1389
-5077 2130
-3581 3127
-2901 471
-2638 4127
159 -1282
-6523 33
-5066 2630
-3122 1347
-5696 618
-4173 4033
-768 3045
-5589 -519
-36 2918
-3961 1454
-3285 1214
139 455
-4423 -2510
-1402 -514
-4578 2523
-3728 -700
-2765 -415
-215 1982
-496 -385
196 2231
2210 2272
2729 -19
4047 -788
-462 -2638
-1758 621
-986 2593
1304 -57
-1597 1037
548 -2262
-2123 450
-982 1983
1631 -793
740 5053
1495 888
341 -145
-1789 -1342
-1346 2920
-179 1997
542 1143
838 -2740
-3918 -345
640 3767
654 187
-776 1527
-3966 0
-3323 3474
-8 5286
1679 1360
-1255 -275
-1825 -306
-1984 2032
-2247 1322
-1963 4993
1293 489
-619 -1582
-1127 -2757
-4464 3162
-68 2786
627 -281
-129 1942
371 -172
-1196 -1556
-3702 -357
-2252 -3073
-1797 -216
-1394 1925
-478 -2598
-2526 363
-1005 -1257
-3865 1197
-916 1787
2189 -408
2043 2133
2799 -1534
-2799 -2606
-2737 908
-1434 3429
592 4075
-285 354
-2184 898
995 2057
-759 -2288
-426 -2432
-693 1181
-2401 -1910
-665 2451
1015 2411
3345 19
-701 -3221
-2954 974
-763 1669
12 -1501
-3397 2253
593 1752
3422 1802
2491 960
415 -106
-85 2075
2315 -2632
893 1
-1306 -1889
-705 1556
180 -2205
-895 2775
3605 1297
945 320
-837 680
1280 2980
-144 -2180
-1002 541
-306 1295
1985 803
-1509 -2202
-1100 -1721
512 1667
1569 -651
834 -2565
-4083 644
1021 777
-2241 1158
-686 1154
140 1547
2833 -713
-995 -650
14 -1367
-1448 1977
-74 -1326
1168 -901
-2286 -1005
-3338 -897
-399 -1244
-2968 1488
-440 1527
-1434 748
-1995 993
1301 1236
-1637 -1741
-1749 367
-290 -1088
-1079 592
-150 -697
-543 3119
1934 -12
1291 -348
2091 2174
3763 3534
2869 -4127
-1092 -188
1497 -1974
-649 1692
496 1988
-793 -664
2342 1801
1713 -1565
962 -2295
-532 -344
94 -1085
-589 -2237
-662 239
130 -732
-1600 849
-1013 -885
-3032 2080
120 -979
-1765 1041
-900 104
-2325 -9
-1536 3181
-2184 2313
3272 576
-1032 -783
594 1395
56 -909
-900 -563
-1513 -1027
-4037 1461
2199 2338
4968 127
-1510 -18
-137 -1427
-280 774
576 371
-384 173
-397 1024
-1542 159
-4083 2134
1229 1481
-1089 55
4573 401
943 -2688
141 -1454
354 330
2867 926
1044 -2027
-3108 -3833
-886 292
597 2440
2055 766
-414 578
1619 -649
1395 -486
-380 1096
2636 68
1016 -716
2001 3094
3170 -2337
632 -3667
2324 88
394 396
-1726 -973
-727 -400
-655 2423
-1008 2301
775 4289
-423 891
-3643 2283
535 2685
276 1938
951 2315
4270 2123
3555 -1041
1099 -3688
-1177 2494
-2182 -702
1795 678
-901 -2013
452 2144
-3890 -2956
556 258
-178 -1058
-249 -604
1555 -787
-479 -2222
-1893 -3796
-1315 49
-2780 -2715
-728 1265
2 1169
-2400 299
1805 2159
-1430 -1234
464 -918
149 -1047
-243 -2406
-777 -1713
-1176 -917
-593 2633
1513 147
-436 -1092
-2567 1697
3350 1589
421 -1076
-581 -1650
558 -734
-759 -1651
-2751 -470
2419 -3127
-1705 -1674
-3600 -1589
-1121 -2678
-2481 1484
-1126 -1186
1079 -1305
860 -1582
-2277 -1534
1414 1988
-2089 1150
1969 464
-1655 -1030
286 628
-746 79
1248 398
657 2618
705 525
-565 -1314
119 5285
3230 -38
-326 -1690
-1050 754
2537 1499
1691 -1290
-2117 -256
1515 -299
1533 355
2256 -2520
-2443 -79
1078 -336
-2572 -595
848 1103
1886 -226
-336 1025
-1004 1968
4427 -604
2074 -316
22 -1091
-162 -2521
-519 -1596
-1831 -1891
-1791 -2840
-175 -3131
-1674 3734
404 -2171
-1731 -1533
-4577 -154
-1228 1563
1285 -727
-2234 -2287
-684 1156
-1136 239
-3013 1898
3525 242
2183 -2244
-2035 476
-116 322
-1386 -944
-833 -2566
69 -216
-3473 -716
68 -208
-2929 547
1546 4295
526 474
2852 3217
848 -2219
2649 -1787
1776 -2893
-1201 -1022
-462 -2227
-1075 -2143
-101 1165
879 -33
447 1001
-2506 1778
-143 -275
-456 371
-3035 2435
2222 1717
1341 1401
-1626 -4449
-5083 1247
-3317 3872
977 1297
-977 3106
1205 1774
1156 -927
131 1283
-1503 -870
952 -396
-1489 -733
-2643 -178
154 1990
2038 2914
2381 -87
-449 375
1244 -833
-2824 -3409
507 1725
138 -1483
2222 -2231
1063 -1010
-2453 -375
2846 -1464
143 -107
2418 1262
1182 -1822
-1466 863
-1917 261
2942 497
-1533 1686
-343 747
-645 601
193 1588
2432 2863
-98 -1917
-1841 -1809
-2629 1162
-3772 4049
1178 -1439
1 714
-1423 1032
-195 96
-504 -913
1065 3131
55 1363
595 560
2459 2990
3268 -2412
843 -524
-577 -930
1427 -1989
369 328
1238 -1176
-1365 -2874
-2046 -490
96 -494
-412 598
688 1368
500 -799
-2137 -290
-1117 107
-624 3498
