-2749 429
-20 7
41 56
-46 101
15 8
-18 29
14 -27
-56 -5
9 -16
20 -5
87 11
-65 18
1 -10
1 -9
-52 -57
23 -6
-24 -7
59 -6
-5 50
9 -60
-41 19
-42 37
29 10
22 -22
-22 -4
-45 -54
1 25
-18 0
-4 -35
-6 -16
-7 -22
-9 -19
-11 -4
-6 -3
11 11
24 -2
-1 13
-2 6
1 -5
0 0
3 -3
2 2
4 1
11 -20
-1 -3
4 15
14 14
42 7
42 -53
3 25
3 -48
-3 -10
-19 -27
-23 -31
15 66
-34 -36
8 32
108 25
-33 34
-39 -41
-32 31
47 -12
57 25
-42 -52
-969 218
-126 -20
126 -28
-7 -20
6 -6
-22 -15
4 108
-27 92
-8 -12
-43 51
-45 93
19 14
1 -30
-5 -6
0 3
-10 71
-40 -23
6 -61
42 -39
13 8
39 -23
5 17
23 0
-44 41
13 48
8 5
-37 -13
-35 15
-3 -21
44 27
9 -29
4 36
-4 3
3 -9
-4 -9
-1 -17
0 1
4 0
1 0
0 0
1 -3
-3 1
9 7
15 20
1 0
11 -5
-32 6
20 6
-7 20
-25 9
-45 -16
35 19
51 -7
5 -6
-12 -56
27 40
0 40
67 56
-21 85
28 -61
68 -84
78 57
-26 -39
-65 -36
1215 -1548
71 -233
-80 -1
0 -61
-78 2
-36 -46
-33 -25
33 2
35 -39
-39 -1
-20 3
65 -38
24 -64
11 -19
-44 -66
16 30
-19 20
41 -52
-14 -3
-17 -30
12 -18
10 -10
15 43
26 -26
10 11
8 19
-49 22
4 -25
20 -28
-5 3
-38 0
0 -8
-10 -37
-5 -1
1 -2
-7 -11
6 17
4 0
1 -1
0 0
-5 5
5 5
-1 8
-10 9
-7 5
4 -8
22 -22
-3 -16
24 30
-44 -27
4 -9
4 5
14 -33
33 -35
43 -26
-16 0
-9 41
-52 53
14 30
20 10
9 32
40 -17
33 67
6 5
398 -488
20 -12
-74 -65
-45 12
-11 -68
-20 -23
56 35
20 -2
-22 15
61 -10
-43 -16
-39 23
-42 -36
6 -23
-14 -26
14 -11
-24 29
-14 -21
-69 -12
-18 19
-11 25
20 21
17 -1
32 0
-36 -32
-33 -19
-26 1
-3 35
4 -13
19 12
4 -1
-2 20
6 11
-3 13
3 1
-1 0
2 3
-6 5
0 0
0 0
6 -2
1 2
-5 -19
3 -6
9 -4
30 -12
29 -7
-16 -31
-33 -27
-47 38
-12 -22
-68 19
54 87
6 -10
-7 -28
-63 -109
44 -61
5 -21
33 -14
35 92
-126 81
-69 96
13 -145
10 -36
0 0
-44 10
2 -1
-4 46
32 -34
-47 21
10 -21
6 -18
82 -3
51 37
-26 42
-9 -23
-21 -28
6 -26
-5 58
-57 -18
33 -33
-36 -19
-13 19
76 23
-15 28
-73 17
19 30
-32 -2
-11 6
-13 1
-45 -1
-24 16
-24 24
2 -4
-20 -2
21 -9
-6 -8
0 6
-10 10
11 2
0 -14
2 2
3 1
-1 1
2 0
-7 -4
3 -8
3 10
1 -1
2 14
9 11
-2 4
-12 -14
-5 -5
-69 -33
-13 2
-11 -8
4 -45
4 16
26 22
-18 -11
21 -46
-42 36
78 -4
-112 -75
21 19
79 -51
-34 -54
-88 -40
-9 5
-23 19
-39 2
5 -56
37 -107
-99 -14
11 42
-22 -29
14 2
15 -20
66 -3
-12 -37
-50 -35
24 32
28 28
-12 36
-25 -50
-14 -47
-36 -6
-6 10
-48 1
29 3
-29 -9
-13 -1
30 -51
-3 -20
3 -4
-14 -6
13 -9
25 27
1 5
8 6
7 -17
17 -11
-11 5
-5 -7
-5 4
2 -1
0 3
5 0
15 -4
-18 1
2 5
7 -8
17 20
1 -18
60 -15
-34 -7
45 -71
-1 -55
-6 -28
2 15
25 -104
-11 -23
-28 32
-8 21
17 18
6 -26
19 -39
-35 -67
-32 -43
-56 6
11 34
-235 145
-8 -1
17 0
2 -5
32 -48
6 -68
-66 42
-8 15
-9 25
-70 19
9 67
-19 -42
6 38
71 0
21 -34
-22 33
16 -44
-21 21
-35 -6
16 -29
-8 7
-8 -25
-25 -10
-29 -9
-44 -26
-53 33
29 7
17 26
6 -20
-13 -1
19 27
-7 -13
16 -5
1 -4
-8 -3
9 11
4 4
2 1
1 1
2 1
0 3
-4 -5
4 4
5 3
7 15
-18 -13
0 -2
13 -26
-44 -42
35 -9
-43 2
-29 33
17 -43
48 -15
-38 -25
-46 -38
-30 51
-8 13
17 45
-28 38
-7 -112
84 -36
-44 46
8 115
-78 1
-7 2
41 8
-10 -8
-13 23
72 -14
-79 56
-13 -32
8 18
29 -3
5 -27
11 39
-3 -29
1 -71
19 -30
5 -16
18 18
-31 26
31 -3
-7 -3
-29 28
-41 -37
0 -23
-3 -23
-27 -24
-51 27
-1 -23
12 37
25 -46
2 11
-50 -25
0 -7
-6 -23
-18 4
5 17
-1 0
-7 -2
0 3
1 0
-2 1
6 3
7 -12
-6 -24
7 4
-4 12
23 7
-8 7
-40 -13
41 -7
8 50
32 26
59 35
-32 -61
21 9
7 -13
-68 -9
-7 77
28 -51
-80 -16
10 19
116 2
-23 41
-49 -16
-13 49
-2493 -2334
63 5
-76 -63
157 -232
-7 20
78 -52
-18 67
80 -40
25 33
-34 20
-188 28
208 -7
23 8
5 34
166 166
-52 -50
87 29
-181 80
-56 -184
-69 146
103 -64
215 -148
-105 15
-57 103
76 16
197 260
-21 -89
61 -3
13 154
1 100
38 151
39 124
97 16
50 31
-97 -103
-270 45
33 -190
40 -138
-53 186
-109 -92
122 -142
39 39
53 14
96 -179
0 -33
17 78
52 75
151 16
131 -179
26 147
-5 -74
-25 -42
-41 -27
-8 -54
-15 42
-24 -17
29 28
124 91
-17 -6
-135 -71
-13 24
-18 -20
-25 -97
-48 -102
3353 -1445
49 -6
-115 20
38 18
17 -41
49 43
62 -136
62 -195
-68 15
106 -93
148 -210
-26 -6
10 19
-24 38
19 -4
1 -166
102 91
-42 121
-122 134
-5 -24
-142 123
-81 -36
-70 8
186 -132
-57 -167
-31 -49
193 33
133 -101
-30 114
-213 -135
-60 157
-41 -246
19 -40
-28 82
31 81
11 198
-1 -7
-86 8
-50 -5
-168 98
35 -93
-62 17
106 85
130 174
13 3
54 -51
-133 6
54 19
-12 68
-74 57
-83 18
62 18
76 -68
17 -22
-46 -73
21 63
12 94
152 74
25 19
126 66
14 -63
56 73
-6 -92
-11 49
1635 -735
-162 183
154 -100
-52 138
106 38
105 93
28 90
-72 -19
-94 114
128 -17
42 0
-145 129
-96 174
-26 49
106 181
-56 -40
41 -135
-142 141
22 -12
53 156
-49 110
-42 70
-35 -166
-118 123
20 -22
-73 -94
204 -79
-9 130
-137 149
6 -21
226 -12
-7 50
77 281
54 -23
-2 18
82 133
-78 -270
-100 -7
-61 27
-71 101
-158 154
95 81
-21 96
-85 86
-59 30
42 -51
102 -108
-26 -35
49 109
-137 -94
20 -21
36 -37
31 -14
-6 -71
65 -14
19 3
10 56
-60 27
61 66
0 7
-101 27
12 11
58 11
-142 -28
383 678
11 126
138 77
139 35
39 78
-65 50
-80 12
-1 -8
103 -48
-183 45
134 -29
95 -60
144 149
52 43
22 123
-38 -8
28 -146
19 -20
206 40
53 -72
34 -89
-93 -36
-72 -24
-106 21
115 147
128 35
86 -7
18 -154
-1 77
-108 -71
-49 -17
5 -128
-32 -81
12 -129
-51 -19
4 -12
-39 -38
142 -125
-24 -6
-54 -16
188 -72
28 32
-54 -186
18 -49
60 -19
155 -49
153 -18
-33 -84
-94 -50
-109 104
-10 -51
-75 -34
90 180
64 26
-58 -15
-90 -84
39 -83
34 78
43 32
69 12
-77 -45
-48 19
-65 -10
-21 -58
-21 35
129 -24
38 79
-4 -63
-19 82
112 -41
-13 -21
-15 57
-183 49
-145 -73
120 -90
36 81
87 116
-68 73
83 -200
134 13
-94 61
70 82
25 -68
-258 -117
31 -23
249 -83
-52 -76
173 14
-11 -56
69 -16
201 -56
104 -75
109 -133
3 16
137 3
-133 74
47 71
8 -14
107 -86
-127 -25
8 247
-51 -73
-238 -55
-60 83
57 0
-118 -60
37 -80
20 74
13 -2
15 98
65 49
0 9
-84 19
-6 -11
-159 -97
-61 -7
-49 47
-2 -42
16 25
7 -104
-22 -3
27 21
-54 -41
-53 -28
-84 -91
-69 69
-30 29
-35 -57
-149 -407
-95 48
94 -38
59 2
36 121
-51 271
196 58
45 -48
29 85
5 -44
-21 97
-179 3
88 138
119 98
-115 -64
-35 -38
47 -87
126 144
16 118
129 -8
-11 19
207 -26
-97 -42
92 34
62 4
-126 247
32 88
-16 17
69 4
-85 61
-139 -168
-17 -26
-59 -42
-83 138
-189 119
142 -75
95 132
156 -125
-231 139
2 167
134 6
229 -74
-168 14
20 39
27 -34
79 56
2 -71
204 -70
-146 -16
127 -158
39 -96
-14 -28
-14 47
32 -93
86 -101
7 68
-41 -8
-5 23
7 92
-21 13
2 0
-26 -78
127 -23
4 -97
-78 -4
-51 -19
-81 26
12 17
-158 85
-45 103
172 -102
-26 43
-8 -104
144 5
-5 -157
91 121
-30 -83
-163 18
-62 141
70 -105
-6 104
104 -27
117 33
-55 102
74 -58
73 82
50 41
133 -2
205 117
173 -156
-114 -32
-53 -120
-30 102
75 -25
-151 -172
61 77
-133 24
3 20
85 36
-125 -152
-79 -80
-62 -41
-118 -87
117 39
-4 77
-68 -72
46 39
36 17
55 103
-96 -66
-20 -16
39 -96
-108 -146
81 -33
-68 -25
-73 86
11 -56
51 41
-16 -39
-72 -57
3 42
57 -70
12 68
-80 21
31 -34
-5 -3
-72 16
-12 104
4 -11
67 -19
-74 18
-24 -49
73 -87
-181 88
222 -154
106 64
4 -45
-32 -16
-15 58
-30 -74
-12 57
-20 147
-38 139
45 12
-37 2
49 -113
-106 26
16 34
95 -61
133 143
-15 87
-5 100
114 109
233 -155
10 77
-105 -178
-103 248
-19 -38
295 156
8 58
59 191
201 -44
-46 -199
17 0
133 47
-12 -94
-138 110
-118 61
130 69
96 -173
-61 -233
52 46
-7 60
106 38
-28 9
-147 -17
123 -24
3 49
104 92
131 127
-78 -91
-3 -24
-15 -25
-92 -32
21 112
53 -89
-64 -33
59 65
-2 15
0 -26
-70 38
-49 11
-2479 -426
-111 -42
69 -93
-78 152
11 -45
-157 -43
45 -73
23 185
-98 30
-2 -107
95 -77
-186 -34
-64 -16
-16 -63
-127 -129
-16 243
-137 -50
147 -251
149 265
191 -58
2 76
-370 211
74 -211
4 -128
-66 9
-288 -381
111 20
6 11
16 -104
85 -199
-66 -300
31 -154
-255 54
-73 -84
139 128
352 -225
-233 256
53 329
-48 -347
219 115
-97 140
-136 -61
-103 -50
-251 449
49 -71
-120 -188
-207 -92
-383 -69
-356 373
74 60
-20 356
-21 0
38 172
151 156
-80 -358
165 154
-27 -168
-340 -43
119 -55
38 93
117 -129
-179 -78
-156 -77
146 168
-2273 -2584
58 197
-30 0
-34 -22
-20 70
24 -78
-81 -85
-20 95
206 -11
-45 -7
-130 136
32 11
-35 74
59 -75
-55 -47
53 93
-48 -168
39 -34
119 -142
-22 -49
143 -167
207 -28
26 -29
-270 108
96 148
12 143
-290 62
-53 275
229 -166
182 154
110 -154
142 401
20 177
71 -153
21 -61
-5 -312
-28 -65
12 -20
297 71
280 20
-3 429
96 -6
-245 -131
-289 -311
13 31
-156 -91
337 -160
-262 -53
84 -123
161 4
319 225
-242 -110
-269 -67
1 33
-35 161
-68 -71
27 -120
-70 -107
146 -264
-168 240
-148 257
-215 -224
58 52
58 196
-277 444
-36 3
-50 160
34 -45
50 -21
-104 -66
33 -80
86 26
82 -127
-146 -14
-7 -16
122 -175
104 -149
63 -16
12 -145
14 -62
-19 222
192 -109
-5 82
-37 -275
47 -235
30 -175
19 203
161 -140
-227 -25
229 149
-223 19
20 -200
317 -232
54 84
-333 47
39 -62
-145 -474
-201 231
-89 -36
-130 -240
-21 486
82 100
97 -20
296 -20
131 -288
-168 -233
-23 -158
158 -125
-19 -69
33 50
-189 192
-82 225
-232 -206
267 110
8 57
-20 -75
-60 207
-207 117
-126 219
120 -57
99 -163
137 -182
11 -108
-40 -54
-138 -9
20 30
28 -114
-2 -50
187 450
-125 -99
16 -35
-133 -116
-28 100
149 6
-28 -176
-59 -20
-112 -5
132 -22
-145 162
-69 16
-89 -185
-179 -27
73 -176
96 96
91 294
75 176
-260 -50
-30 88
-34 83
197 -108
110 81
80 -79
-56 -212
-104 40
-26 18
-56 162
-67 -149
146 102
171 109
47 194
-22 144
61 294
256 134
61 153
22 -6
-298 236
-113 -45
142 -63
-392 76
34 -28
176 615
-89 89
-104 108
-335 218
-161 136
219 354
234 289
338 -229
48 102
392 -225
-249 -308
118 119
-44 94
200 356
-167 170
11 101
-171 54
-24 -250
240 -255
158 -376
-47 284
-3 103
5 -35
20 -5
-73 -117
29 -34
-60 -39
-51 39
-19 117
66 -90
-15 -85
171 -2
-165 36
-102 -114
-98 -119
191 -38
-188 191
-85 87
52 22
40 -161
16 71
265 181
20 -150
-224 143
2 9
-382 -22
166 147
-101 53
-266 201
-113 70
-75 188
-47 11
-266 53
166 -135
-86 -134
-32 -234
-161 32
55 62
-112 -442
217 216
260 68
205 -282
-215 -16
-9 41
-33 238
-62 -239
28 48
6 -33
36 -86
43 -12
-37 257
30 54
332 149
-5 -47
62 113
4 244
35 -16
-169 -180
72 109
-109 198
73 -97
-272 118
166 186
-44 0
-206 158
170 95
-163 -143
121 -97
0 -68
131 -42
-81 25
-75 -99
11 -53
-127 -91
18 -134
-40 108
-59 -145
194 33
-178 -159
-16 -63
213 6
-84 -33
-43 8
-245 -127
94 -97
-134 104
61 -127
-297 32
60 102
-111 -41
-115 -5
135 -353
-98 -98
38 -18
-101 94
153 -84
164 258
85 -10
62 37
261 -152
299 -144
-137 246
-202 -161
-215 211
353 -282
-82 -369
-195 -149
-253 -40
545 22
-54 -74
-184 161
-211 -421
-48 187
-469 61
160 54
-237 525
51 295
20 207
-17 3
-108 609
170 15
132 -81
25 -40
-70 -68
40 35
-78 160
189 148
96 30
169 84
-121 -105
-163 -97
-4 -85
45 -116
-83 -27
190 104
-24 94
-66 19
105 -224
11 146
47 -91
-21 53
-117 -100
80 15
27 31
72 -257
-118 59
-61 -64
-191 -40
-117 5
50 -109
-193 90
-155 -90
6 -67
-194 129
-316 -202
-60 225
51 33
-27 147
54 -103
-91 189
346 257
-160 -31
199 54
-152 75
-146 -136
198 180
38 158
170 28
159 235
-135 18
-191 -141
22 158
-48 -51
-107 -115
-14 -107
108 117
-103 -22
-134 163
358 170
-177 63
295 -57
88 -164
-116 160
-184 167
169 112
26 156
104 -116
86 -53
-25 -137
3 -136
22 277
-202 97
140 -56
26 -86
99 -136
-96 -5
-127 -121
142 153
-40 104
131 -151
-136 85
-209 17
-23 85
-16 27
70 -61
-40 -54
94 -35
41 18
25 -224
-177 117
-21 -122
39 221
138 -105
16 -87
-37 -8
-100 -201
2 -138
82 -113
-149 -131
-288 294
-65 31
339 233
21 -347
45 -64
-294 -205
-63 -149
-128 -357
-559 114
-72 345
19 -89
-181 -88
51 48
373 -346
181 -170
-91 -198
-149 139
100 392
-62 97
149 -172
-219 -60
90 -119
221 174
-211 59
-71 -494
-109 -78
-259 -68
131 230
-126 -155
6 59
229 -21
-16 -172
-140 121
231 77
-27 61
-386 -77
-23 -21
183 137
20 9
1565 2544
43 36
62 230
-295 188
-63 14
63 180
-41 28
-169 -206
93 -114
69 168
152 -2
-73 -38
-18 106
-35 47
-121 -116
170 -307
142 40
101 269
-42 -175
-244 -85
-221 11
236 -82
106 395
97 -46
1 -63
220 119
-276 126
-92 -27
-80 -99
-12 155
138 234
-90 -86
368 -32
-15 42
-202 3
-133 197
321 5
-94 -388
184 199
-267 84
24 -10
111 56
21 3
189 -437
-163 113
21 337
240 -9
567 266
345 -451
-42 -297
193 -689
82 -3
-159 -268
-261 -168
276 585
-284 -345
-140 155
461 -53
-186 344
148 -53
-108 76
303 -46
386 456
-181 -28
-1117 1802
-340 -163
217 -31
-54 39
-72 51
-142 159
-65 315
-130 182
-212 17
-110 172
-65 122
-44 -65
8 -36
6 111
28 209
-98 62
-118 150
113 -81
-40 -14
-38 221
13 -10
-192 164
48 19
167 -27
-107 -30
33 -204
25 -250
-126 -427
-411 -16
33 -87
-73 30
-180 -256
-140 -285
-2 163
-48 -12
57 183
-61 161
60 59
-456 -133
-192 -177
40 -519
-126 -93
185 -66
293 575
11 -119
315 195
-635 266
356 178
-105 188
-133 -219
-436 -455
191 323
401 254
-5 9
27 -361
269 281
-85 -27
54 159
-213 544
-280 -666
336 -420
351 160
-190 -6
-270 -248
1760 -1734
289 -17
-117 32
85 -163
-263 -80
-88 -69
-115 15
-21 -3
13 -19
-53 111
-50 73
13 23
78 -84
-109 -36
-275 -88
59 109
-33 16
-82 -7
56 -217
-67 147
22 160
42 259
-23 -58
-18 -108
397 62
-285 -111
82 163
-99 105
-278 206
-4 -210
262 59
-51 43
244 442
419 -378
154 83
166 285
99 -519
-1 -136
-74 118
-418 -107
-41 354
262 364
65 130
-73 -92
84 75
-224 22
95 -60
-52 -315
480 50
-174 -108
-7 -72
-263 312
63 -413
581 -168
255 -111
-217 -54
-111 133
-259 369
-135 -68
124 47
282 114
272 -157
74 419
363 127
-979 -276
43 44
-322 -108
-114 144
-12 -265
-45 -112
141 144
27 69
12 124
166 -165
-8 -256
-52 104
-102 -16
179 -7
-205 12
-170 -96
-315 -226
-206 -232
183 9
-91 -46
-20 56
-189 288
-86 -46
65 107
-72 58
-36 21
-39 -13
118 -38
118 109
-50 44
-193 -112
-115 -217
-12 -221
-76 -217
-351 -251
-37 -206
155 46
529 -282
225 218
-121 171
370 -84
-88 -52
-169 -806
138 -260
-44 -70
449 -308
43 -148
-424 -480
-396 -446
-483 365
-335 -246
-941 536
428 572
-93 -195
149 -341
-270 -877
259 -346
-158 -512
40 -251
73 658
-678 551
-254 483
287 -798
132 14
34 -12
-381 67
-55 -62
-27 135
96 -139
-132 53
94 -92
-52 69
372 45
-52 215
26 104
187 6
-24 -73
-191 -101
128 50
-31 -217
93 -107
-165 198
-27 14
8 -7
-79 223
-60 -86
76 57
393 -33
-218 -141
-13 -63
170 -75
82 46
-51 -62
-44 -28
288 -46
-107 -7
160 -95
-9 461
147 -11
77 -30
216 416
-279 -277
-68 -108
-135 462
223 79
36 149
100 -28
93 336
27 58
2 -201
-130 84
-111 200
248 -635
-113 22
-613 -91
79 26
214 -364
66 -377
-32 154
175 622
-133 36
103 -381
-196 500
600 144
-523 -174
361 -108
484 -365
-139 -132
-75 -244
256 -176
-267 -29
-235 80
-45 -262
159 -328
-318 -51
-72 213
-67 140
44 -55
111 26
-121 -123
131 0
-181 -142
-191 96
180 57
-59 113
245 -16
-220 38
-17 -238
-37 163
143 99
45 -49
187 -15
106 -8
-19 115
142 38
-43 3
152 -89
-97 -77
-224 -246
-107 45
44 75
-359 206
-190 -22
175 -279
377 190
38 -140
-210 302
248 392
276 255
168 115
-664 41
-290 128
309 -366
180 582
-136 -222
701 24
193 -196
271 -647
-307 -733
-53 -340
128 142
174 -803
-440 114
-295 149
68 259
165 55
35 -555
175 -261
-228 -310
-70 -141
-610 59
3 384
158 -37
77 5
-12 37
109 49
117 -288
256 -175
-234 210
-135 229
67 -32
-331 108
-22 143
-16 -14
-94 154
187 -146
-19 230
191 129
42 18
86 82
31 -152
7 -29
201 22
68 58
23 35
61 -228
206 255
-17 -157
112 17
49 -132
-139 -42
-21 -318
-310 -153
121 5
-58 -109
379 6
41 186
-311 -125
122 -246
-234 130
-130 -143
91 -21
394 313
148 -232
-3 1
125 77
-77 24
-182 -150
120 11
40 -215
-520 -403
442 29
-503 194
-177 63
183 -428
387 -308
-344 -65
-298 -201
-315 294
-241 299
68 11
-1 233
-263 -540
421 -222
-95 223
29 316
178 -109
-86 119
219 18
-109 -36
-146 -21
91 -28
-195 203
108 -165
-13 -60
-8 35
-196 30
141 258
-185 -30
34 -298
-17 161
190 -219
85 195
-122 -187
-50 210
-87 91
-136 112
-86 153
88 155
-193 -31
135 -50
48 -194
169 -221
-486 -194
142 196
-18 217
26 94
197 188
37 585
585 -144
216 -321
-58 220
115 87
-91 -73
-440 439
-162 233
30 507
137 41
-209 -546
161 -149
-160 263
340 5
-91 350
-390 -352
417 15
241 872
-6 -17
350 -106
-36 -516
291 207
207 0
-350 -47
-265 332
-73 -109
-405 24
-166 69
680 17
-111 399
-32 -103
131 336
