1706 -2071
-25 -38
-46 16
-94 18
-19 -41
89 -33
-40 19
61 3
11 7
34 -8
-14 -44
-1 15
18 7
-112 -17
-5 49
-4 -5
-11 -6
31 -15
-16 -76
17 18
-14 -26
-29 53
3 37
-16 21
46 25
-12 -42
28 -29
16 4
30 -2
3 -16
14 12
-13 -1
-13 -34
18 2
-4 -18
-6 3
-14 0
8 1
2 0
0 0
0 -1
-2 4
-6 -8
-19 -9
5 1
9 31
18 -36
-1 -22
-16 -18
-2 -7
8 -5
23 6
7 7
63 20
50 -40
0 14
8 53
10 -23
50 48
-43 -69
24 -43
-20 60
115 -14
78 -35
1331 -983
59 2
149 -15
-92 -59
-59 69
-37 -35
-26 46
28 50
2 -44
30 5
-37 31
-52 26
-33 -32
-31 -88
-45 5
18 0
-16 -109
-16 -6
-58 -17
-20 11
40 7
9 -41
-11 15
-26 -56
-49 29
50 -16
-3 30
-20 21
3 -14
-4 15
33 9
2 15
8 -5
-10 -13
-8 0
-4 -4
-3 -1
-2 0
-5 5
0 0
-1 0
11 11
3 -5
16 -17
-7 -15
-12 19
10 -55
-11 3
-32 -16
29 -1
-51 -8
1 -7
22 17
-32 -21
61 -24
29 29
37 -14
-40 5
-92 109
-65 -93
-70 -33
-4 -79
52 87
-37 53
-1029 517
-187 -114
-10 -34
72 -18
-23 72
-13 -60
-24 -26
-2 72
30 44
9 41
-33 -35
-60 24
-22 37
22 -76
22 -6
51 42
24 23
-74 -26
-48 -9
-19 51
-4 9
-21 0
65 66
-13 -38
-2 32
-8 17
6 -10
-20 -24
-19 -18
-66 25
3 17
-22 -21
21 -10
-1 -10
-3 -13
8 -4
4 -6
1 -4
0 2
0 0
0 1
3 -4
-9 -2
-13 -11
-25 3
-6 -8
20 -9
10 8
-32 -1
1 -28
6 8
10 -28
-4 -22
-10 -2
15 14
-27 48
18 37
-17 -23
12 3
14 -113
69 4
8 73
-39 85
15 -18
133 -159
81 132
31 17
16 58
-2 -46
26 27
57 76
94 -17
7 -45
8 -20
13 85
3 -38
60 46
7 -13
51 14
38 -8
30 21
4 -5
14 7
5 2
-2 28
-3 -78
-8 10
28 -27
23 8
-4 -30
-55 -24
-12 16
-6 13
-19 -12
-3 -9
-19 -10
15 -12
4 3
3 -8
2 -1
2 -4
-2 -5
-1 0
0 0
-3 3
3 3
-2 -5
-1 -5
-5 19
19 13
-18 6
-7 -7
36 -12
-6 30
16 31
25 -47
-31 37
-12 -35
-1 -42
64 70
-56 -7
-39 -19
5 -35
57 -67
-16 -63
61 -7
-14 98
75 -21
25 -32
10 3
-14 18
-34 -13
-19 -41
-4 25
-40 -8
-76 61
-4 29
-16 54
-56 -34
10 -63
31 1
14 17
-35 50
8 9
34 -25
-48 -32
6 28
-31 -18
25 42
42 79
-25 4
-52 -36
8 -29
16 -3
3 40
-39 49
-9 -26
-23 -30
-5 -15
37 -5
-7 -16
19 -15
2 -2
-2 6
-5 2
0 -2
0 -2
-1 -1
1 4
0 -9
-8 7
17 1
17 15
-15 -6
-8 14
17 16
-39 12
0 1
-12 -9
-68 47
30 -33
8 -29
26 -61
-22 -5
-49 -14
-9 -10
-14 32
41 12
35 71
86 30
-6 96
-11 -39
-27 -79
7 -13
-9 7
10 21
14 -52
-41 -29
56 22
52 -20
26 26
-25 3
21 17
-14 55
-10 -12
11 67
-38 -79
19 -38
35 8
2 11
1 -30
13 -18
-25 -2
1 3
-9 -15
-27 38
-12 -43
41 5
-35 45
7 16
-10 18
-1 -24
-1 14
3 19
2 11
-26 8
6 -2
10 2
2 0
-6 -4
2 0
-1 0
-4 7
-1 -6
10 5
-8 14
38 21
-3 -1
0 2
-21 -9
1 36
23 15
-3 -11
13 -8
-34 26
-20 7
-36 -44
46 -28
-42 31
48 -36
3 -21
15 44
-11 21
-110 90
68 -26
42 1
-83 183
-13 7
6 16
-12 -17
27 -52
-6 40
-30 -12
14 5
-19 8
18 4
14 -8
19 12
0 8
-1 -52
23 -15
40 -23
-26 -18
1 -19
9 10
-2 47
-41 -2
-49 23
2 -21
0 1
12 -14
22 3
26 21
-9 -25
-14 25
-21 6
8 -5
-1 -3
6 -1
-8 -8
-6 6
-2 -5
2 -3
2 -2
0 0
0 -2
-3 2
-2 -4
12 -5
4 0
-30 -2
-4 9
8 9
-29 17
-8 21
14 -49
-4 21
8 20
17 33
30 -34
39 9
48 51
9 14
-66 -82
108 50
-67 -19
-49 -2
-10 29
-11 -22
-32 93
-23 -49
10 -4
-19 -15
25 -39
21 57
-1 -34
-30 -13
-6 42
-29 51
25 11
-30 -3
-48 39
48 -23
-2 22
10 -18
-37 -9
-9 -24
18 22
36 -14
12 -13
25 -10
-36 -12
2 20
-29 -17
6 11
17 -50
6 -34
-33 52
-31 20
-3 16
3 -15
0 17
15 3
12 -2
8 1
7 10
5 1
1 -1
0 0
-1 1
-8 1
7 6
-11 -2
9 5
-10 11
5 40
17 6
-46 -6
-1 -24
-31 5
-17 -11
26 14
-29 57
81 -7
-43 35
-21 -6
26 69
-89 31
42 -79
-65 -37
-44 1
-37 -91
-66 -1
3 -82
4929 -90
4 42
139 21
142 -58
62 -10
-246 -21
61 43
-119 22
-35 -78
-141 81
-23 43
32 -35
-76 -38
280 37
66 -138
25 13
72 51
-122 37
55 248
-56 -73
48 49
93 -154
-20 -120
100 -77
-192 -113
56 188
-85 155
-74 14
-157 37
-43 98
-93 -75
74 -16
81 236
-132 -15
52 162
64 -31
203 -2
-178 -16
-63 4
5 135
7 -39
-29 77
-79 -87
-168 -82
34 16
50 165
78 -189
37 -58
-22 -87
-41 -8
0 14
85 -32
-53 -1
87 34
64 -72
8 -97
-34 -23
46 6
3 -24
-17 -1
48 7
59 48
-30 -19
43 -24
-1744 174
-20 -183
-110 -91
166 174
108 -145
143 33
6 -42
-90 -85
4 101
-121 63
64 -22
94 -73
40 44
110 214
84 11
-35 -17
52 324
91 -38
146 65
86 -32
-90 -84
-40 125
22 -52
70 247
179 -131
-207 47
12 -135
103 -86
18 102
-19 -106
-174 -26
6 -101
-60 37
76 108
81 5
48 49
41 4
45 5
212 -230
94 192
-53 9
192 211
24 -64
115 -141
-52 -71
-67 125
33 -225
-22 55
-127 -14
92 -43
-104 5
19 -2
20 -18
8 -45
46 37
5 87
82 0
-36 87
-51 88
-46 -84
-9 70
-3 -76
17 122
66 -107
1486 940
27 -340
66 101
-110 28
56 -80
56 72
61 58
-51 -156
-61 -162
-52 -107
27 62
68 -100
75 -132
-20 175
-80 67
-105 -152
-56 -1
221 68
193 -41
88 -131
59 -46
77 -39
-248 -207
62 139
5 -158
76 -75
-65 34
104 111
77 109
351 -114
-25 -113
153 179
-130 77
21 94
38 135
-108 48
-70 90
-11 97
-11 -80
-51 41
-5 48
56 -68
-106 -13
-113 -91
-190 30
-42 -40
85 -36
53 9
-97 -12
-6 -71
24 21
-50 -65
-25 25
-4 16
91 0
2 56
12 78
-73 66
24 -97
-25 -47
-14 85
-36 52
-7 -140
65 -46
-337 -142
-122 -155
-56 15
47 -123
4 163
-16 -37
-72 -151
-310 48
-10 89
-4 76
-37 -173
-17 117
-153 -125
-26 -23
-138 -35
-99 58
-47 -117
-11 -16
-60 -52
-64 11
-30 -4
41 263
-41 -41
-95 94
-116 -37
5 163
239 99
51 -70
35 -73
94 48
13 65
120 75
-126 111
-55 -45
-50 69
-41 11
-33 64
48 124
56 2
-11 -36
-85 95
59 48
-15 -55
-6 -26
-40 121
85 64
-40 46
-38 -16
119 -43
-33 72
67 37
16 -140
-24 -10
1 4
4 -162
58 29
-52 -26
-22 -46
9 -22
-4 -109
11 -17
31 74
-40 7
-82 -117
-10 -13
-32 -4
48 -84
25 -4
61 125
-10 -27
88 36
99 -99
8 -83
76 -145
153 108
-10 164
-112 -39
-75 -38
102 -64
-13 -94
-58 152
159 97
12 -126
64 45
-56 -154
-157 -312
64 -34
200 88
-15 144
-98 5
-1 -176
153 -235
21 145
117 146
13 74
-257 18
52 112
-167 121
-39 37
27 -77
86 -24
-9 64
34 149
-64 -65
16 94
-10 -130
-82 71
145 -10
128 83
-89 -24
-9 55
75 54
-125 9
53 -18
-15 -35
-131 106
46 -77
-14 -49
0 -27
62 5
-11 -38
-121 -81
-22 -74
-8 -20
-29 0
-70 -29
63 -49
19 45
-69 163
60 -101
33 1
-16 -66
-52 108
98 58
-111 -66
-144 58
-83 -87
57 -51
-23 -4
4 -165
-15 33
-33 -224
54 209
-112 136
-112 -83
-7 -63
30 49
-97 41
123 37
-6 -15
96 70
131 -187
55 183
-216 -42
171 -228
-46 -103
51 -90
23 138
3 -70
-30 -135
4 -56
218 -80
-70 19
-146 -22
-30 -9
177 110
-167 39
-83 1
-102 180
-5 -99
92 72
-42 116
216 127
10 -15
-13 20
-65 -18
-28 85
64 5
-35 11
15 -21
-73 36
-54 -61
-55 -101
19 -14
-6 62
27 77
-1 17
3 104
-47 -19
-31 -6
216 -86
72 -2
-39 158
-84 46
-31 -83
52 78
-97 151
-24 -138
99 -66
-72 -34
25 -12
-94 51
-23 -1
-73 -19
-5 -15
17 228
-16 31
-109 56
89 49
13 117
-28 1
48 -186
213 44
189 -86
31 55
-1 3
-41 55
-33 -60
-103 -97
39 106
74 -150
149 -20
-90 45
18 53
-55 -5
67 88
71 -77
43 68
-24 66
-55 67
11 38
-1 -90
-66 42
-19 -58
115 -45
19 5
-181 -19
-6 51
-12 27
-116 64
-37 36
7 -111
-22 30
-26 6
10 42
60 31
16 -6
66 46
-41 -2
-61 -32
89 13
-98 23
-59 33
16 -34
58 34
-61 -34
29 -74
-50 4
23 5
-44 62
-42 -141
-30 47
97 50
36 -106
21 -153
-106 -39
-3 -17
122 -146
-72 77
-18 -88
-8 37
71 -35
11 39
0 -125
-125 28
-32 73
-78 40
128 55
-11 -91
81 45
-28 -9
-81 203
-1 185
174 -254
181 -123
12 -85
-10 98
11 -125
-130 -15
-89 30
-88 -21
-99 -151
-104 -12
-26 42
-30 74
-22 68
-173 17
86 77
-105 -14
76 30
-66 56
46 191
50 16
-175 -30
15 -92
-65 -15
-31 -7
76 -26
-92 88
89 -29
-37 71
-54 -2
15 107
-144 26
129 -44
-6 -45
11 -36
40 36
-140 -38
-43 -25
-296 -2114
-16 -20
-63 -66
-10 58
8 118
186 150
18 -114
79 -41
35 99
135 -125
114 115
-73 43
120 86
-107 31
-148 69
-32 -35
-115 -99
184 -106
-81 -232
38 80
-17 47
-95 91
22 107
-224 68
253 169
-57 -294
-37 -301
55 -157
233 -180
189 -169
157 145
-73 157
-36 -282
74 19
-162 -178
-22 -29
-309 100
351 -91
-92 103
-25 -238
-101 102
201 -143
113 289
409 115
-94 33
-101 -417
-183 259
187 297
251 38
-93 74
-124 105
-53 -124
-111 15
-304 -128
-145 130
45 -242
-26 -258
-20 122
-126 -205
143 190
33 61
89 -60
-237 -19
-110 34
3643 -567
-123 73
-49 163
-49 -81
11 41
-103 97
-26 -63
73 -14
33 -143
80 -204
49 -82
28 64
86 -20
-126 -143
-36 -68
-33 46
-122 -268
-182 145
-57 -124
-125 43
38 221
101 -70
-32 65
-30 -363
-176 214
280 13
3 159
-165 49
-121 -222
172 224
131 -65
-116 147
56 -69
-89 -188
-165 -9
-36 -164
-34 193
-77 -32
-399 358
-211 -253
176 146
-601 -391
-183 161
-475 354
62 434
140 -56
-145 656
162 120
161 242
-165 -64
329 77
26 29
-83 -229
257 86
-261 162
-92 5
-103 72
70 55
303 -350
222 178
133 170
86 222
-152 -234
152 -223
790 135
147 253
-75 -161
-9 42
-36 -14
-73 -5
-54 -44
175 93
14 224
49 126
39 11
95 163
-12 158
-8 -77
92 -113
-2 221
21 -116
-231 -31
-293 151
-124 66
-144 112
-141 181
309 144
-112 -134
-15 272
-208 133
205 3
-206 -115
-22 -210
-421 71
40 207
-265 -479
53 -138
-115 -211
-126 -238
292 -114
174 -133
-19 -246
17 108
-58 -114
183 -20
-173 60
142 188
173 175
167 6
34 114
-201 127
-20 -127
160 -10
-78 211
30 -43
-204 172
18 201
55 34
3 -26
135 -108
-85 -9
-19 141
-143 6
-177 232
-256 70
56 -135
126 -203
67 -45
-63 116
89 79
23 -24
-118 66
-27 -180
-70 -40
-28 26
329 -56
-45 18
-60 -46
62 91
34 -78
63 91
4 68
57 8
130 -111
-56 234
-3 78
84 129
174 -2
94 -229
-114 -207
245 25
72 -82
185 81
60 -325
-284 -96
-33 97
-66 117
-85 32
11 -137
-153 -147
294 -288
242 180
230 -34
240 30
22 -69
-215 -221
-142 67
76 17
158 -103
-38 -162
98 38
12 236
55 -220
-231 -154
341 30
42 79
-195 49
-51 -176
-56 -281
-150 193
186 -294
65 201
21 98
-275 -357
168 13
63 16
-89 189
-189 224
93 178
-159 11
-27 -253
-297 166
-91 110
-17 -58
-9 82
123 67
-26 -120
7 26
-97 -47
93 -48
-57 25
-120 53
-82 -92
-44 -130
127 159
192 -14
-76 -66
16 266
-19 -272
-137 -80
-109 205
-11 -15
18 212
170 414
49 84
-213 31
-27 -252
216 23
-54 229
-91 310
42 -244
-136 -101
60 -22
426 63
-107 -129
261 -110
236 -149
-101 92
-216 -49
84 -33
-59 -147
46 48
-23 -329
-91 270
173 -110
-201 -133
-69 -239
91 86
207 -165
-102 -143
260 -186
152 -115
91 -14
339 -184
-108 107
-50 160
-110 306
148 71
191 16
-56 -7
115 -99
-60 -91
-75 -176
-329 -74
65 -265
128 98
-69 30
6 65
9 -118
1 25
89 41
30 52
-11 -23
64 -126
33 76
14 103
-56 -100
102 151
89 -11
37 317
61 -68
235 -112
95 158
3 112
-142 90
205 13
-239 -89
11 70
-277 -77
-189 279
-80 -227
396 133
-269 388
115 222
-63 77
-94 -183
13 13
108 228
-128 -129
-224 195
160 17
341 22
-11 101
-382 -177
334 -212
107 0
114 -361
65 73
-290 87
230 -140
-529 -248
110 -47
-64 8
177 59
-104 -337
-121 -164
-50 168
-116 21
162 -64
15 -165
104 123
-177 202
174 -49
-153 211
22 109
6 -124
24 -183
309 -321
-206 3
-122 4
263 140
53 -19
36 37
-28 -125
58 -69
51 139
-41 204
113 19
79 -49
119 -110
8 20
156 13
47 39
-15 -289
-92 -30
127 -15
-80 -61
-64 -176
15 -86
-163 247
-381 -162
-234 97
-134 9
-10 -22
4 -7
-173 214
62 128
-41 -46
-87 317
-320 -59
358 -120
-98 -251
89 78
-77 -229
-165 275
-177 -44
-111 -85
113 -45
51 96
-14 198
110 5
65 89
-212 94
-159 15
365 -57
122 -20
-226 -115
173 -137
38 -194
-159 338
-6 -139
-109 -147
-93 -201
-98 207
-230 11
-64 -188
-97 11
145 326
-254 -170
141 -39
103 -51
84 -131
-18 -33
138 -194
109 79
-32 90
48 111
-53 50
19 47
80 57
-118 -25
-103 6
73 168
162 -20
181 24
-76 149
-34 -69
7 136
-37 31
26 195
3 11
-150 223
153 -12
-83 -144
121 -86
-82 -86
24 130
-18 -8
52 -85
74 -209
-103 -322
-247 298
-330 186
-11 79
-27 -143
-75 216
248 -54
-39 -79
82 98
204 284
294 -16
112 -27
-115 24
226 -186
223 33
-153 -130
202 31
-64 -82
85 -181
74 -386
-234 -60
256 39
54 86
228 -71
45 56
-41 -204
38 -267
-368 -33
189 -71
86 17
-117 -238
261 -113
-5 193
213 9
157 -76
61 227
115 -14
18 181
1637 494
-47 -60
-200 128
-225 34
-158 -60
218 -199
-85 1
-7 -53
16 18
153 28
-132 -212
30 -10
-22 -50
-335 -150
91 79
-28 73
47 21
-94 231
52 -66
55 0
-89 -110
39 38
52 -8
180 5
-72 -82
-33 256
270 336
141 280
-168 325
-291 161
-43 -173
12 -284
-118 107
106 -117
104 122
-39 -11
320 -105
-355 26
228 -230
140 336
280 -121
-280 276
-79 -363
-628 -59
110 -109
281 344
337 -196
-349 -392
-298 -4
177 -102
123 -170
-46 309
391 240
469 60
494 -200
24 471
288 519
-95 -221
428 486
-275 -437
26 -262
-306 303
669 -56
411 -184
3039 -1382
101 29
351 -18
-208 -108
-233 218
-96 -216
88 107
102 197
-64 52
100 212
-203 175
-246 19
-231 2
-30 -119
-35 113
113 -79
177 -168
129 -215
-144 131
70 -80
-30 -181
-129 -72
113 -10
32 151
-3 -167
-247 -100
-92 -16
169 116
56 94
-214 -185
73 63
192 -74
159 49
25 114
160 -103
-98 379
-142 -309
-59 -61
484 -118
118 212
-162 -296
779 362
220 -66
650 -552
93 -682
66 111
320 -709
-232 -341
-176 -374
128 365
-583 -227
-111 -147
346 217
-430 -110
573 -485
311 -61
128 -144
-283 -194
-512 494
-245 -457
-512 -379
110 -340
254 122
-231 463
-165 5
-149 -182
42 -8
250 -33
-88 139
-31 -99
0 -62
-172 205
103 -27
0 3
-50 -183
-233 -118
-190 14
29 -155
20 55
183 -149
0 105
56 -49
168 -115
54 123
63 -177
176 -281
-128 111
93 -51
47 -159
229 -180
-271 -89
287 -19
-49 137
94 51
37 -181
163 531
22 51
51 206
215 75
-273 267
-302 114
0 272
-68 -127
161 65
-375 -93
173 15
14 -225
-211 -93
8 -182
80 -99
298 -62
-3 244
-555 52
-20 -247
92 37
450 -137
113 -553
-132 -7
-279 190
-306 290
35 127
65 -308
-70 316
90 -673
441 -180
221 311
-120 621
-85 39
-486 -57
38 163
42 111
106 92
5 -25
114 13
113 196
46 8
73 -168
152 -122
-34 102
-32 -97
212 120
87 115
140 52
-142 68
145 -150
88 -95
8 -152
-137 -51
-54 328
187 -171
-389 102
19 -3
-86 -181
-208 360
140 -2
-72 -114
26 -64
13 -213
-4 82
63 103
-357 380
-543 -156
-337 -110
-333 48
125 3
215 289
74 -282
-115 -74
-108 -58
25 370
-184 -26
-41 -444
109 299
529 131
-488 -183
162 -153
342 -114
-74 419
-144 344
406 -43
-423 615
-126 -530
12 294
400 579
-260 34
-240 -2
-47 -157
346 -146
-85 -403
243 -174
11 575
614 117
-63 126
118 119
-144 95
-163 -13
-128 -28
-1 -47
63 8
-301 242
145 141
76 197
-178 -35
186 -56
10 -200
-202 66
-62 172
-82 -311
85 142
-76 -82
150 -112
-77 -3
62 -184
8 -164
-250 -37
40 -169
4 222
-194 -43
115 -216
-9 -191
10 191
161 -68
-148 -67
-483 -128
199 90
-220 -124
-318 66
0 -11
202 187
-86 -35
-182 182
-18 -207
41 401
200 -332
-252 201
293 246
-78 417
-79 -80
-192 116
5 160
-266 256
-270 2
-149 -96
-468 347
211 -124
222 -133
386 -659
-518 -55
-339 38
204 169
84 466
271 137
312 447
593 220
-276 567
-89 -369
0 309
-18 154
-72 51
-10 73
-44 -248
-279 -217
230 229
191 157
132 114
-221 -90
59 71
-177 -9
-125 -70
-25 -135
-165 -291
-148 -156
113 -76
-23 -85
204 -290
-109 -80
189 88
-88 -146
304 -78
-1 -65
16 20
-342 -185
233 -362
-142 -218
65 93
116 75
-55 44
-260 -233
288 384
29 -296
-205 -56
-550 37
32 -169
390 179
-359 330
19 113
74 420
-7 -179
247 -319
-436 62
777 319
-395 30
62 -212
-375 -296
193 451
175 376
131 -250
39 33
-89 340
-58 343
-200 -47
455 -86
-311 100
322 -533
11 -167
98 -119
179 135
-561 397
-63 33
63 3
215 -133
159 -101
-21 182
-162 32
154 -209
32 52
-172 -108
-45 82
-198 125
2 -7
26 -34
-169 -12
-73 -111
-13 -37
150 79
-93 -53
-94 44
134 -37
50 85
154 -117
196 168
101 -14
130 -62
71 56
119 -225
318 -221
45 -105
4 -188
-17 -507
275 232
-530 153
200 379
31 -137
108 356
137 -346
155 1
382 86
-109 -97
-59 -62
3 -241
-188 13
-110 -45
240 5
183 92
-296 -121
-2 242
521 157
-135 100
54 401
255 -439
13 274
325 257
157 248
179 -597
255 244
346 368
265 202
-323 -531
570 304
-252 -292
-168 -67
-145 230
-208 -230
39 566
196 303
169 2
14 -112
237 -145
25 200
-36 -206
39 -82
155 249
-142 19
-35 175
-285 28
-91 66
118 -19
32 -66
56 -87
-184 -238
38 -24
312 -50
-78 16
341 104
-163 170
-148 70
-10 -110
-33 -51
-75 60
169 127
187 248
76 -65
371 66
117 4
-23 118
70 -220
-234 131
224 -73
-90 -66
-289 -173
-367 116
-64 -71
429 -317
-170 259
-315 -136
171 174
-141 -250
-69 169
4 253
-154 456
269 146
-336 123
-102 -43
-291 221
-274 -264
93 293
15 364
677 32
-368 90
106 -114
190 242
-202 213
-63 -433
-312 -107
-200 103
-397 -588
-136 -1
195 -322
