1388 -662
-2820 586
2012 -2719
2038 1083
2063 -148
1316 -189
1178 -3081
-576 -1612
757 1480
-1274 173
1860 -634
-520 204
1412 987
-1153 -2032
-123 -183
-316 -637
1625 492
1882 -1575
-1366 238
-1662 -1239
74 241
-524 337
-1351 163
-953 -320
1022 146
861 -744
-78 -64
-809 -24
70 28
-413 318
-482 -171
223 19
390 116
36 70
61 -209
-16 69
223 368
240 142
-483 603
-245 -455
197 271
-366 288
184 -145
14 -68
-62 -186
-217 82
30 44
-65 -419
194 -443
-541 318
-209 317
11 273
11 32
-113 216
-404 -172
216 565
-6 -11
-180 131
-79 143
65 -188
-446 -200
-207 -13
-265 -18
126 -54
1490 -611
-2789 772
1503 -2406
2219 1097
1873 20
1416 -632
1463 -2803
-106 -1610
140 1484
-1134 -408
1487 -995
-1698 440
1933 614
-653 -2097
465 -567
-472 -289
1835 1334
1834 -1158
-638 -87
-1066 -900
-256 407
-81 -64
-1074 -278
-467 746
711 874
307 -296
158 -836
-106 -295
276 196
-452 496
-397 -449
175 -11
-14 -104
-101 -256
-124 43
-119 -422
-118 -89
650 116
-195 399
116 -684
69 -97
193 -142
18 -456
260 539
-228 -360
-230 -185
404 -469
84 -124
-95 80
-244 75
-281 42
16 50
-206 -533
254 177
305 -182
22 32
529 197
-276 181
53 31
-101 98
-30 310
-226 79
-123 -485
115 -335
1623 -728
-2995 210
1943 -1484
2142 1493
1585 222
923 -749
1497 -2755
400 -1212
-390 1785
-791 -292
1416 -631
-446 -54
1670 1420
-97 -1488
585 286
-41 -117
1461 1599
2062 -304
-811 -168
-1301 -1159
335 596
-1039 -124
-1188 -28
-789 -102
802 1193
474 446
132 47
-365 6
-309 283
-320 451
319 -239
-245 -61
-153 207
-128 367
310 -175
-113 -46
396 285
242 72
-233 -112
-2 -322
81 -451
367 -63
-146 -242
423 -176
-203 119
-120 171
538 -125
265 -379
-22 -316
467 -451
-263 117
91 -211
46 -210
-2 177
-278 -5
30 380
-125 -284
-163 -585
79 107
-187 83
446 88
40 -220
200 112
-112 -8
1462 -515
-2548 257
1853 -1714
2254 1613
1650 1022
997 -941
2428 -2586
37 -2208
-167 1317
-743 -341
1679 181
-1106 -184
1685 1581
614 -1441
693 201
107 -563
785 1779
1381 195
-1194 -368
-969 -1148
-97 755
-111 -940
-360 -643
-1005 -906
-25 486
348 261
411 -67
421 71
160 324
-464 -498
495 -110
499 397
510 -134
433 139
82 -34
-238 767
-258 -148
453 270
-165 151
132 -227
312 450
398 -214
284 -58
114 350
-120 190
-184 -93
248 -2
298 163
-163 338
249 -224
-33 -290
46 -304
26 -642
-76 71
79 248
-279 -222
193 -109
14 -154
139 -193
-277 347
-277 -386
14 227
98 129
764 126
2152 125
-2347 717
1575 -1872
1953 1843
1642 520
1152 -661
1875 -2401
318 -1964
-343 1656
-1061 -299
2014 -378
-1297 -67
1413 1674
-41 -1475
453 639
-110 -520
643 1971
1722 301
-726 -816
-1207 -1696
-81 669
291 -693
-639 -718
-619 -397
87 1015
393 536
47 103
-107 -315
50 126
1 -346
67 126
119 -282
-496 413
146 30
131 280
59 -79
500 170
-373 47
-13 -367
33 -624
-265 32
106 65
121 -132
-63 -184
155 -129
-80 -127
598 312
66 0
-158 -23
418 -495
310 -490
74 -233
-259 -116
34 256
497 140
129 202
-551 167
63 26
44 -436
19 654
-214 -36
-39 137
-212 -240
-250 247
1681 -197
-2769 -7
2071 -1880
1485 1276
1630 299
1214 -552
2585 -2739
83 -1770
-178 1284
-1121 -236
1329 -324
-1293 -446
1421 1775
-305 -1965
249 -220
241 -43
88 1517
1837 193
-1198 -462
-88 -1781
-32 -478
-25 -440
-164 -1402
-600 -1071
-316 563
49 291
332 112
-24 -103
144 166
-565 279
267 -334
54 -529
-58 -60
306 173
339 476
-92 104
336 -127
291 243
170 -591
55 -18
33 6
34 -35
195 -223
-33 387
255 -339
208 -98
563 534
-302 555
-384 355
30 367
162 146
446 -320
412 -59
162 -128
-5 187
-33 -581
348 -47
-87 -186
135 -168
-319 104
-465 -245
-65 -148
-378 97
-535 333
1797 -130
-2740 -40
1990 -1247
1797 1195
2057 291
1310 -507
2432 -2374
1228 -1237
-453 1205
-1195 -423
1492 458
-1141 -722
1201 2376
662 -2355
395 264
473 -427
656 2022
1640 853
-426 -1280
231 -1257
-808 91
-133 73
232 -745
-64 -838
-599 437
-31 1536
39 108
106 -281
-341 155
-354 -107
479 27
-304 -82
182 -205
36 -17
344 -411
-75 91
-35 79
47 39
-29 -220
-91 398
-258 -136
71 -253
-389 147
-162 197
459 -52
39 -36
-15 254
-72 515
35 -165
709 -179
252 281
-96 -348
212 337
-333 -120
485 374
72 -175
-247 -546
-258 199
25 120
-19 -227
-310 373
270 166
-245 -166
-114 -238
1506 -247
-2783 608
2182 -1516
2013 1145
1748 348
1480 -369
2434 -1851
546 -1099
-596 1137
-899 -328
1248 451
-430 -1054
133 2412
891 -2169
485 -132
-226 439
-92 2226
1666 1066
-511 -951
414 -1475
-402 313
-101 -539
389 -923
267 -1542
295 996
249 615
-451 566
32 -355
-190 -69
-266 -31
345 600
-292 136
-122 -121
-334 174
3 -277
-132 251
-321 229
397 -8
143 225
94 -67
-49 413
67 204
-133 85
-433 199
113 -79
61 75
235 203
206 -142
59 -194
263 198
268 226
144 -530
-29 83
-99 54
11 -380
106 72
75 236
100 310
-457 -30
239 258
36 297
-51 -169
-527 349
438 222
-4769 -267
-3291 -1596
5247 887
-460 928
3527 -138
2328 -1159
409 -1987
15 859
-1426 1540
2870 -2015
-1741 -1046
-867 -2877
-2062 1133
367 1230
1994 469
543 -453
1303 737
743 -1619
2434 1870
1418 556
2056 1980
653 627
268 1065
252 1021
-839 -682
801 438
40 200
560 -187
-570 302
205 703
523 306
-112 1715
-1203 574
10 120
1143 -610
255 -107
333 -72
-149 427
-1180 810
592 -57
245 -480
621 -452
-234 -351
-63 382
-414 816
393 670
-1229 -453
-327 1107
558 -299
619 -1265
-34 82
276 124
373 -1458
365 -643
635 546
-1194 377
-201 228
-1196 -1861
179 -20
526 276
1014 -313
-176 589
237 984
-288 1002
-3701 591
-2700 -3171
4114 161
-473 1115
3558 -412
2640 -331
469 -757
-2359 1293
370 1271
3191 1871
-1248 -432
2233 -3403
-2253 1463
565 1540
2254 1110
618 -452
-159 476
1466 23
430 79
576 1228
751 602
615 -1103
161 1854
-1248 -836
-704 -420
-841 -527
501 295
253 290
-31 809
1160 18
-303 1245
-213 -274
-291 -422
-221 42
-49 712
454 889
780 743
169 283
-507 -419
-831 1353
1581 534
-1353 -908
-442 -415
203 -534
700 1078
-654 463
437 431
313 -319
-293 -146
134 -171
73 -126
-665 296
1270 1345
237 -1444
27 863
208 510
602 -692
386 -1142
145 -381
1038 -194
-18 -602
191 -83
279 1052
-987 -140
-3941 143
-1225 -1909
4346 104
-1221 -519
3690 -866
2221 -828
677 -1437
-1944 365
677 335
3456 1056
-1840 -217
-38 -2734
-1238 -907
-983 366
1935 274
-1311 -1126
-1399 -953
1196 -775
-257 2358
-720 693
-619 1567
1299 133
-2191 -356
29 -643
-588 -1076
207 217
239 394
375 -1104
-574 -515
146 -283
-33 884
557 -371
-428 413
-1141 -518
55 -424
1111 1665
-269 470
-25 -318
836 88
-167 413
474 -272
-68 -974
-124 -81
-575 1296
255 -928
213 -858
120 -354
491 502
-454 510
-1089 397
-13 350
138 485
1212 679
-400 -33
1163 -605
1458 -940
-498 949
-223 132
-34 138
461 1531
-773 217
-646 -774
-1507 -672
599 -268
-4092 -280
-2962 -1415
5616 408
-395 376
4037 -673
2228 244
-220 -392
-1858 1104
-755 -186
4309 -726
-1346 13
1276 -85
-1536 737
-1567 800
1356 996
-778 772
224 -1120
1700 439
74 3172
-72 1295
-695 1519
320 2675
-883 1243
599 576
825 -1441
708 805
-409 -843
-224 -1220
-322 -655
-940 1184
-765 -713
-1832 -1864
-1504 1205
-331 -958
400 -19
1406 -730
1065 -1303
-597 62
-795 -530
1224 265
979 -82
451 1135
597 97
976 777
764 -1260
622 106
-1011 132
772 643
-392 1942
367 476
-518 240
-554 885
1023 -36
604 -783
1126 82
-745 1108
-1644 69
45 1058
-976 584
-898 189
-586 1310
-981 418
-199 27
-1093 628
-5548 -269
-2809 -3447
5719 8
-723 376
2908 123
4247 292
1020 -738
-1275 1949
-1423 11
2713 322
201 49
1950 -1656
-1137 565
-855 436
733 1389
-556 428
-191 437
2012 745
-414 2548
1074 1249
-349 2285
-457 576
-1595 -673
-1030 -59
621 -954
-1315 786
850 189
-828 652
1694 680
-1045 737
477 1196
372 462
1539 -1814
-912 -29
475 -479
237 1085
153 -1332
128 223
-203 -157
746 1520
1082 -1233
370 373
1339 1011
1515 916
358 19
-35 -396
-787 -1179
-204 196
-1866 -728
-467 1151
486 540
-458 -209
-12 -198
157 -1432
-1878 925
-1447 -363
293 1977
1173 -1727
-386 -1343
-156 39
-6 -986
-120 -917
-723 1144
944 -350
-3349 -482
-1523 -1388
4117 633
624 558
4090 424
1382 -645
-64 -92
-1853 1769
-498 -427
4275 1055
-371 -1358
1572 -1943
-2813 -900
609 992
1507 1352
-50 -146
513 828
1794 1844
226 851
49 450
-1132 2377
1185 868
-532 1167
-899 -724
-728 -2197
-1328 603
-488 -582
1310 -1334
-112 -467
-175 823
-989 473
-1505 -620
1132 -231
-331 -74
175 -788
-174 -191
-333 302
-680 -31
-644 -1214
-615 1040
1053 533
1616 917
1102 -806
421 -438
-1499 122
-677 237
-490 556
839 -238
27 14
117 565
81 880
486 192
-468 -32
-322 -831
-606 -211
-96 -473
-415 375
23 48
173 128
487 -250
1344 365
-150 271
-966 -338
1101 -422
-4169 123
-1822 -1836
4811 -328
-862 1170
2718 1127
2714 236
-475 -779
-2295 1505
-1258 -6
2484 1142
-2479 -1295
1981 -1671
-2246 -1212
-446 1203
-237 1863
-63 -150
-505 391
672 -224
-1036 -148
811 -702
-1154 1908
-537 -394
-813 158
-619 34
-157 -1396
174 -533
587 -332
883 587
643 -697
576 -760
-239 559
930 11
-288 -668
-644 220
-808 1812
536 -666
-360 -580
-1015 -152
-492 731
-18 525
-15 827
195 895
-351 -1267
160 -262
-337 462
1035 -452
1188 168
174 -114
199 -1248
-261 523
-71 -1500
283 142
-53 -732
-437 -461
-1242 -386
-306 102
-303 1382
233 -1294
-1191 -1043
730 327
285 233
-43 425
168 608
-258 500
-3564 399
-1644 -3253
5930 563
-910 1872
3611 1403
2457 -1179
96 -503
-1552 -315
-556 760
3425 1390
-705 -1299
1721 -977
-211 -2460
-222 2217
202 3079
504 -624
508 1000
507 2447
746 816
-137 1568
-2373 713
909 529
-1164 -866
307 1046
-259 -1032
-1615 -553
1105 -134
-54 918
-796 276
280 1407
8 28
-438 202
1328 -697
839 994
63 1237
502 808
612 -361
-1331 -255
-185 -878
-978 1620
-167 -244
-1247 -519
748 598
550 493
220 -97
487 505
5 -550
-88 1041
-254 -13
-414 -149
-301 505
-693 1144
1088 816
-414 -28
-484 375
-18 -219
78 452
-561 -172
-905 -441
-152 -589
510 685
209 48
1050 -641
-325 -839
1844 2827
-1225 -1707
-1666 -3057
-112 -1426
4014 2994
1278 -672
-2950 1246
877 -851
2132 -3439
-1997 -1267
2753 1834
-293 4262
972 -890
-978 -126
747 988
-1653 869
916 -1361
810 2992
1052 -1086
-434 1135
-118 -883
-896 -1323
463 -1868
880 203
831 2418
-2136 1976
-498 -465
-1252 -1722
1090 -1312
1853 -40
1404 465
444 -1973
-433 -990
1273 356
-2141 1849
-446 1068
-888 -762
1888 -1256
1881 -1656
1350 478
-875 -1199
-516 -1914
3 258
1529 -1962
-337 -196
96 -435
1628 -129
363 -1941
-683 583
-238 1546
-28 321
-1317 -885
-1247 932
345 273
-1228 -822
1653 -1331
-247 278
3296 3894
-992 -135
-385 508
-525 -629
1360 -357
108 -1015
-925 -1699
696 -6
-2125 -718
1698 -1861
-509 -1514
4397 4797
43 315
-1806 -169
1468 -2888
-1041 -1962
-1545 -5730
3046 1094
-407 3521
516 -429
-7 -983
45 1052
74 895
1851 -2929
-201 902
-23 2970
-1020 662
1535 2415
-1202 1813
-1868 -2013
1315 -309
529 -267
2297 2696
-1820 1038
-1701 -977
85 -1678
-76 -875
3332 -40
-826 1000
1277 231
515 -1021
1639 -648
-1310 -779
-1218 -1285
-1799 -966
686 803
1315 -563
-2170 -640
1857 -599
-702 2536
-691 -987
-1863 -539
288 116
-2623 -87
-705 141
74 664
-503 264
-83 -396
-141 -2090
-1437 244
-381 1278
-1817 -1363
0 -575
-2542 597
-1503 2637
-295 71
-1891 -7
-139 -439
-340 1096
-198 471
409 976
-171 790
-3484 -1812
622 -2488
107 856
4572 4206
2936 -371
-2112 232
-211 -864
-545 -1393
-1372 -5667
4060 866
526 1696
-1548 -28
1554 262
-1416 -157
1698 2613
4274 1120
517 2926
2265 -748
1138 366
1084 163
1047 -749
2857 -547
-1187 1576
-708 24
-222 1091
56 -1154
199 430
1813 258
724 -86
-859 -10
-292 151
1601 -1450
1772 -1046
-256 673
-1619 -2696
-1392 -503
-193 736
-2572 -161
356 -334
-209 1099
-21 1479
-108 615
1681 164
634 808
-3 1134
-1259 -1496
-653 -1130
1363 78
84 331
747 -390
-147 -948
-1021 -1079
275 244
-769 -1245
-2314 -287
1117 -640
520 -857
-582 -317
52 -1429
-503 838
361 1097
2862 945
-899 375
423 2420
-918 -2447
-691 -4175
-1363 -61
2912 3918
1906 -289
-3492 -1173
3079 -54
1205 415
-2640 -2540
2212 -1104
246 -1223
865 -1594
-830 -684
-849 2294
597 1497
1771 307
463 1119
481 -2408
-418 -763
1522 139
-158 -2952
-402 -1705
-1200 1639
-1114 2806
-1125 -928
-539 1683
-279 77
-267 2142
2409 337
115 2262
1922 2339
758 -1578
-533 305
-1954 346
-1790 -1470
-1947 1932
1544 884
1783 1159
-211 -499
-270 -105
-671 -732
-1755 -155
-2250 -1118
-857 761
-1558 -1599
1935 -14
-1242 -996
-233 -1577
-1234 -1051
862 227
1361 -984
-1039 1794
-1 1808
-2372 -1536
1245 -186
2396 -724
453 -2042
1472 204
1023 -596
1331 490
1726 -637
2410 -1355
121 -445
1769 -2
-2839 -327
-372 -316
-539 -2147
4655 3477
-2584 -355
-4037 -294
1850 -2167
2120 -669
1368 -3279
-197 1309
-1373 1559
-634 -816
1836 233
-670 -205
708 1381
3165 -1499
-800 1400
-1016 -487
-594 246
252 -863
394 -1431
2311 -331
1490 379
-1224 420
1886 -492
-1599 -1255
1487 -1419
-1879 -599
1624 -775
-699 -3366
-905 -432
-825 1923
1495 98
-1055 -596
-1357 664
-1909 2629
1646 651
-491 -47
555 -606
-1123 1423
734 474
-3200 -1271
-1910 20
-578 -266
557 1727
470 731
1452 1396
2273 1064
1544 -2041
-874 -283
1039 -436
954 291
-837 2764
3077 -1421
2217 -611
1676 -4245
-1090 2391
801 2392
-246 -1192
891 2082
-242 484
957 -1278
-836 -248
62 1203
-2709 -583
814 -1297
-1027 659
2316 4220
2230 371
-1634 -1699
2939 -2359
-65 1933
-374 -4524
2292 3220
-276 2893
1127 1017
-499 216
-1423 2074
-1690 1198
1034 -26
-959 -1559
-1579 835
-551 933
1829 1365
378 -1000
-607 -2331
1274 1835
1358 2725
246 677
445 1586
-1614 682
-858 1127
1838 -2392
965 175
1878 1586
-2962 -675
112 -691
-1558 -1339
557 -695
-1080 350
-370 52
573 2861
1424 -813
-2011 810
-1907 -241
-1983 2237
-2751 302
2042 714
1041 -1051
-449 -924
-616 -478
-1534 -2573
148 -1775
-781 -3529
-505 -239
519 1077
-85 2167
1229 1072
618 1744
57 -770
-655 1757
-610 16
-1019 761
-472 818
458 -365
1625 238
-568 1071
-189 1572
-3278 410
559 -1425
895 -1941
3299 3650
2076 -364
-367 -13
217 -2698
304 -1129
2080 -3693
4794 1046
-1406 1289
896 1411
1020 1650
729 -169
-2845 1155
426 -708
654 3005
-1111 3783
-1412 189
1342 1123
2487 1661
-120 -1919
63 501
781 1935
-1202 -861
-497 21
-2143 -1875
-1512 1174
-885 503
-929 -800
-793 1577
-38 1500
877 -252
220 -1704
-1228 1420
5 -133
1100 1177
529 -2324
-419 -625
1171 -117
263 -1414
2588 202
-2175 -365
157 -967
-1381 355
-916 1060
108 -713
-545 1216
-1594 130
421 2218
722 780
289 1644
1603 -771
364 -1017
1058 -957
-211 -606
-1 1390
928 747
-382 -1058
-128 -691
-924 -1656
845 -248
124 84
-1229 132
-3706 -1043
-986 -1992
-529 -798
3211 4128
1056 2973
-1439 -1312
2252 -1078
1797 416
425 -4262
3068 1867
-1325 811
-416 2131
492 -1067
-1361 429
246 144
280 -552
9 -1127
-2594 1185
-647 -1064
1807 2897
-64 -264
-25 427
-1225 1874
-1324 -102
1764 -63
478 -981
376 -1468
1260 -591
1750 -1806
-389 -1185
1135 -485
-1505 1254
-129 -1592
-867 -1113
-689 -3216
-660 -890
1419 -770
-209 310
2202 -1158
-205 -670
1908 954
-1990 -1351
-728 -840
299 709
-934 -1999
-309 1418
-1062 -1040
-729 -855
3 474
-289 -1650
2001 218
-1373 -740
2027 -796
476 849
-1327 129
-179 -1786
1088 334
2932 286
336 -742
-1496 -1132
-116 934
-512 -1426
-1075 548
-4857 -5832
577 4228
4609 -238
-1416 -1707
3532 1251
-1570 1848
1635 -474
-3339 -3945
-2216 5897
-1006 663
4213 -3581
2646 -1345
1481 1506
1221 -1477
-2045 -2154
2501 979
-1758 621
1608 -4216
-1550 630
-1385 -2224
1672 -463
-1180 -530
-2700 2492
-1301 -1416
-701 -3221
3777 -3466
1200 295
497 2313
-1008 922
-3139 -1438
-3933 -730
41 1637
2342 1801
-1014 -1319
1498 -2069
1632 -1177
1948 3252
-2913 1118
-2751 1672
-2750 -4
535 2685
-51 4836
-734 1270
-2944 3009
1552 531
-1341 -614
-1453 821
2124 1066
1691 -1290
-1404 -2167
770 245
1331 1898
1222 -493
-711 707
55 791
-298 1554
1156 -927
-3268 -5012
857 2627
-959 -971
-843 486
-1259 -1346
-794 723
3581 843
-3683 -1300
1434 3404
-1155 330
-144 -436
1079 1391
130 -1234
-562 1886
-767 -916
177 3768
-1729 4191
3110 -2294
-1399 549
1456 764
1210 -700
-1641 -1578
-1232 1604
740 5053
1787 -2752
2292 -1796
2320 -1169
-1171 -4350
1810 -4453
125 2174
179 3993
415 -106
-4152 -1586
2715 -2583
2141 -258
247 2179
-816 53
-6514 -2098
2334 -234
-1600 849
-1384 2401
-3159 -1252
463 179
511 1363
3966 768
-809 -1108
537 -1750
1795 678
-2857 2448
773 -4242
936 4474
977 -812
-360 -1726
4367 -1323
2001 -111
848 1103
998 -71
372 2018
1088 3676
182 -3836
403 -74
3722 1390
-252 -511
2381 -87
2950 -3014
742 366
1532 1145
-486 1650
1028 -860
-693 -2804
578 -1130
-1357 -4030
372 3497
1741 2152
345 -1441
2156 2860
-3899 1894
181 1813
2330 -1154
-2654 3731
-32 2404
3503 -1576
-563 2695
3542 3973
-442 -1243
1264 1027
-223 969
-3918 -345
1958 -4294
-801 1000
-771 948
1885 -816
-3925 -345
-4681 1481
2326 433
3605 1297
-631 -10
-1008 1057
-759 88
-2992 -293
-499 1834
1377 -1445
-1808 2061
-2184 2313
-2012 3934
-325 -729
-323 1586
2927 395
577 -1858
1702 -630
893 464
-479 -2222
881 -1108
521 -1535
-1212 -1565
-1106 -510
981 -557
1649 2150
-875 363
-519 -1596
2268 -1403
-882 1294
220 40
-1368 618
1000 778
-1082 2652
2590 1676
-2453 -375
149 270
1267 1129
-1859 905
2551 -1970
891 -492
-2907 -689
741 270
-2842 -5460
904 3897
1724 4857
2529 -2383
3761 3544
-2109 298
4056 2504
-1136 -5758
-2225 1688
1423 1643
4846 3537
-2456 3780
-316 2191
4598 1334
1620 -1917
-348 -890
-1255 -275
986 -1393
-872 3112
919 3286
-817 1618
1881 -518
1544 -17
1491 -2951
-1509 -2202
-166 122
844 -2780
1954 1934
218 -1692
-1737 -3074
859 -2118
470 -1071
2199 2338
1324 -241
2163 -961
1295 2576
1158 -1271
-561 -1682
-1495 -2379
-458 -357
-1430 -1234
1465 -301
2137 -1402
1094 1772
904 467
1403 1685
-1509 -368
348 -191
-1228 1563
2098 1630
-1544 -1909
-2090 -479
-245 -4795
-1894 140
1443 2262
-746 -1262
-1533 1686
-536 2771
-1727 -991
-776 392
-1621 -2267
-1547 415
-3780 1777
1931 -1582
-1765 -1149
3034 3541
313 -991
728 165
1798 3284
2576 -869
2771 923
-421 -1894
-3242 2671
-4928 -304
6220 -523
-1384 2799
2758 524
441 -1274
3238 774
-2318 563
-4464 3162
2214 393
2247 -1117
-1632 -416
1808 2993
1919 335
-3845 1114
-742 94
-686 1154
-3590 26
569 1086
336 -413
308 -1746
438 56
148 5067
2042 -109
-1542 159
-1414 1298
1850 1221
931 -2034
2508 -414
-2727 -735
1141 42
-1002 -2728
-436 -1092
-996 -121
3961 1315
42 -2011
-1072 -263
-1126 -2907
712 583
-2477 -2397
-2035 476
-2681 1299
1920 -1617
-1038 2029
-789 -737
-534 -2396
-1815 843
-1938 1903
-3772 4049
-295 -1447
-1207 -3186
1711 3637
-2014 -2885
2728 370
-1677 -1003
5 1789
-3495 -1116
-14 -209
1682 -436
-990 -4136
3550 2514
-1189 1702
2460 862
-769 -1390
159 -1282
-2226 1456
2292 821
-3039 -176
-728 474
523 72
736 -4010
1466 2
-1797 -216
2893 3569
2325 2091
289 -47
-679 -2316
-896 -1187
910 573
-2148 -1416
-2286 -1005
-1253 -3467
951 -4026
438 -505
2082 -1212
-2758 4256
-586 -435
-2153 -4299
2867 926
702 1868
2664 2820
-1796 628
2811 -384
2196 660
20 -4222
-1597 1844
2419 -3127
2943 -275
1236 -3865
3200 -224
-227 -1220
1195 1577
2341 401
-1491 -408
1546 4295
-1389 1804
1818 3847
835 -519
-141 -2359
41 -3527
-2063 -2059
-536 -4182
595 560
722 -2404
1307 -1403
196 -1455
-2913 -1435
-370 -1999
-1591 1780
-1473 259
-3158 -3826
1787 -544
-218 1431
-533 -1366
3801 3277
-3120 1791
-194 20
3576 1110
-36 2918
-4080 1843
825 2327
-3342 1790
1623 52
-905 -3162
296 842
5700 1156
2043 2133
-92 -1246
2282 -3606
346 2683
-249 -1390
-1147 -2098
1177 2042
-1422 251
-1637 -1741
-268 2656
604 -1547
3614 2109
809 -1991
1741 223
3520 -1283
-1060 -1791
1395 -486
388 -890
-519 -226
-150 -1306
-398 -327
-415 -1039
17 3818
106 818
-2277 -1534
379 2714
-3414 40
2821 -184
1529 707
-58 1603
1205 -2233
-107 402
-1075 -2143
3823 8
308 -1550
-1755 -1480
-207 -238
-1966 1523
794 1393
-2173 1507
-1365 -2874
-1075 332
-360 -67
-592 353
-862 1568
-246 2132
-1543 -256
993 -809
-950 -900
2184 4544
2468 2072
1428 -5086
1201 2501
-1676 -2770
850 2074
-408 -612
-2765 -415
-3346 2345
1438 3195
-841 873
-1019 -180
-293 159
3057 -3274
-3125 3344
995 2057
794 1966
1354 -401
-250 76
331 -2501
-387 740
2389 -767
933 -5094
2091 2174
-151 173
-1597 558
-408 368
-949 379
-2953 1570
-113 2447
-1756 437
394 396
273 1204
1104 -1214
-467 3881
80 2269
385 1993
1631 738
-1893 -937
657 2618
-1445 1133
2489 1187
397 1427
-753 -1272
689 5032
1647 -1116
1455 -1255
2222 1717
-256 -683
1824 2378
-2831 -2971
855 -469
-1873 2739
-296 -2382
1521 1212
-624 3498
-741 995
-2411 -1057
-1289 3854
1024 2485
-396 -749
-1703 3755
1671 1632
