1755 -664
-2664 556
1679 -1999
2206 1009
1708 42
1007 -810
1357 -3763
-724 -1189
164 1677
-1212 -428
1250 -748
-1528 832
2229 478
-1190 -1727
74 -570
-92 -446
2518 178
1694 -1568
-1109 220
-1107 -468
117 160
-268 61
-1002 -202
-712 224
819 71
467 -450
29 -39
-649 -206
346 -220
-308 94
-203 -144
180 317
158 -130
-208 -72
233 -66
421 -137
-377 -373
624 113
97 130
-361 -217
-113 373
-140 161
-53 -73
6 42
317 -243
66 -91
-238 -443
220 -221
140 214
-141 -107
-551 204
-378 -264
-198 94
-275 148
-88 35
-279 16
88 637
-246 80
-176 -495
-28 -316
376 -297
-214 -157
23 823
-187 -123
1832 14
-2546 -58
2175 -2505
2542 755
1515 -332
1731 -1057
1222 -3212
-381 -1571
360 1359
-879 277
1245 -340
-1001 319
1244 1141
-940 -1981
674 187
-291 -413
1856 446
2271 -1039
-1237 -355
-1399 -994
193 149
-872 305
-1449 -101
-1172 -103
534 363
816 -438
341 204
9 -162
-1 488
-409 372
-50 -256
572 -13
-118 1
-37 -60
-73 -331
186 -284
-203 -726
-85 266
-72 458
-71 207
715 -263
402 -227
111 -190
618 108
11 -96
-327 -66
-100 197
140 -424
139 -91
-266 149
-327 181
9 -24
-152 100
-68 346
-142 -222
-116 131
34 234
174 -159
100 304
-3 -334
-168 -352
-294 -34
279 96
-96 -101
1668 -79
-2629 321
1540 -1781
2532 1194
2042 -20
1222 -801
1881 -2427
271 -1769
-69 1333
-1236 176
738 -729
-1049 67
1880 842
-244 -1789
798 338
-162 -750
1811 1603
1922 -348
-1011 -625
-1522 -1001
54 790
-595 -847
-950 -924
-994 -243
476 405
635 -90
132 67
-454 -553
242 116
-149 75
103 -120
57 -48
-160 -43
-420 -406
-126 -220
94 81
47 411
327 -260
441 237
-219 184
-10 192
-199 -202
28 129
490 -214
-49 -132
-302 27
130 242
288 -215
292 74
89 149
-274 -312
-201 -132
114 -28
-219 396
-152 16
-78 -78
61 8
186 12
134 -277
153 153
-33 -45
106 188
-119 84
-430 317
1607 -611
-2530 364
2230 -1624
2915 1421
1710 139
1329 -847
2060 -2444
909 -1875
-330 1600
-772 -287
1519 -715
-1059 -102
2019 1111
-459 -1425
533 -132
-127 -574
768 2160
1444 -196
-1175 -284
-835 -1092
-264 414
-726 321
-500 -598
-984 -571
213 834
1015 167
-76 -344
18 -210
-51 115
-819 103
56 -202
156 -101
61 -78
162 236
223 -37
-166 417
-94 -64
-594 -98
-272 -132
439 -29
-246 247
-38 120
48 1
485 421
38 77
-386 -365
400 -169
-55 -72
-22 201
501 -101
-153 -223
-278 -21
103 -194
231 160
-36 41
-7 -368
307 12
116 379
111 -402
-258 24
300 -291
-29 197
-85 81
-179 245
1427 -556
-2429 907
2104 -2169
2793 1177
1479 384
1578 -788
2078 -2552
619 -1975
-420 990
-748 180
1657 107
-1209 118
1657 1419
-49 -1697
33 375
285 -302
872 1985
1394 132
-1145 -358
-876 -1288
-587 306
-152 -537
-325 -578
-429 -1242
-60 623
627 38
223 -45
-488 -162
226 519
-307 -81
18 -8
-98 -42
93 -58
-143 457
-464 276
-183 -66
-115 -231
47 -30
250 -28
529 155
-10 58
372 182
151 22
2 318
220 -241
-255 -97
409 142
137 100
24 317
383 -217
98 284
2 -96
106 -158
52 -422
158 384
79 -152
52 175
-224 176
23 66
47 -243
227 286
340 294
-54 61
84 -136
1457 -724
-3135 316
1596 -1407
2205 1234
1708 593
1188 -1026
2388 -2026
358 -1238
-732 1422
-1171 523
1670 -58
-1385 -417
1307 1883
29 -1969
588 168
281 297
489 1897
1837 326
-1058 -334
-464 -1838
-191 -157
302 -437
-237 -974
-572 -1160
-197 1207
556 361
-240 634
-159 -204
-118 559
-151 26
-40 262
271 -259
444 -223
74 134
-72 81
-310 292
-108 -59
-239 462
-147 -35
176 162
-24 134
330 -172
6 310
-54 250
332 -247
-315 307
238 -90
-378 239
-342 70
216 71
-47 -151
41 75
142 -337
-328 -181
358 131
163 -404
-117 161
519 78
-326 196
-2 -6
-35 341
88 213
-160 -99
-96 189
1365 -349
-2877 119
2227 -1796
2042 1647
1559 617
1253 -100
2487 -1858
356 -997
-862 1149
-1025 -670
1691 -174
-2042 -879
1220 1758
683 -1362
-69 35
112 97
132 1818
1826 466
-655 -1066
625 -2136
-700 -78
-59 -435
-695 -1655
-17 -1455
-528 940
-102 719
17 544
485 74
-391 345
-41 -53
-112 -434
-441 -290
291 38
-62 -630
-135 524
303 229
29 183
-308 483
-387 239
-56 -280
-445 227
-371 130
-328 320
-116 428
294 -202
349 170
117 283
-287 386
28 -255
550 166
202 -352
268 -152
-121 422
-120 -77
-208 333
-5 -194
159 117
163 -325
-136 -21
408 254
-462 -185
-232 -198
-328 207
-226 -430
1469 -289
-2805 152
1980 -1561
2311 1639
1750 862
1233 -259
2565 -2483
823 -1617
-351 1274
-853 -1167
1933 414
-1397 -612
388 2218
1105 -1381
578 -375
502 -50
-104 2232
1530 1085
-512 -1312
342 -1420
-564 94
-93 78
783 -1176
298 -715
-492 519
707 296
-451 154
-39 -815
62 -222
-329 -464
118 -298
-76 144
-13 233
282 57
329 26
-120 -40
486 -85
247 231
-379 396
-448 65
-263 117
-140 -58
320 355
-197 22
504 240
-57 -473
210 929
217 195
-445 33
144 129
-60 -26
129 -430
160 575
631 -31
171 505
69 48
132 -9
-60 -42
-241 -413
-29 -70
559 -77
202 520
-450 348
-197 -241
-4074 189
-2696 -2178
5131 -1111
-1231 -477
4376 -1028
3038 -1174
-149 -1039
-869 1488
319 274
4339 -618
-225 -1161
430 -1601
-1839 1281
1622 799
2169 284
541 -581
-403 2016
1290 70
1781 347
1105 -755
2513 2814
1612 1336
-1002 1688
17 998
-1574 -364
292 471
-707 650
813 1177
-1188 -387
569 489
738 -440
-1090 -1695
-79 -229
278 712
177 101
-851 -155
678 -941
-1294 1840
12 184
976 -748
24 292
928 -164
1163 1441
1327 -584
-874 -840
924 676
-1010 916
22 1109
913 -142
656 1006
658 -509
-177 898
536 -114
262 -466
-1277 -45
290 -416
-444 -55
-297 168
-119 1577
-439 346
-789 608
-52 27
1019 -620
385 685
-2631 -218
-3361 -1433
5161 229
-523 1565
4933 -423
1640 -306
222 -1187
-527 1291
-1477 -455
3636 -1264
-434 -380
8 -1685
-1507 1071
887 1460
2378 -232
-461 -752
176 179
1415 -282
3103 1609
2301 -87
1783 1686
238 -855
-1071 -91
-1181 140
-688 790
-162 1758
-534 -1729
-557 -82
59 -1330
-675 378
-253 -933
-459 -376
270 119
353 -57
203 1116
-775 581
388 773
1096 124
392 -269
472 -1581
-449 -316
487 901
-148 -766
116 -456
-940 26
565 1151
-601 -927
742 594
-17 -1299
1117 815
100 -95
553 637
-824 -218
-341 -1158
-758 665
337 -744
-268 567
177 330
807 -579
-430 601
-827 198
959 -330
1081 -213
-220 1019
-4966 -692
-2196 -2452
5300 -589
-1675 735
3922 -122
2413 -1609
331 -1303
-2154 1177
-1204 693
4659 -1172
-1228 155
1739 -3074
-2493 2024
-177 1973
624 -525
425 1138
-175 648
491 -264
1229 3485
2443 1509
583 1882
84 758
-833 1303
681 740
-134 -1414
-280 230
-574 -686
570 -331
108 -635
-154 286
-277 -44
649 35
-314 852
745 387
533 169
961 343
527 390
-149 -732
-423 -245
1545 -717
931 136
1990 -704
275 -458
-1203 1030
779 1128
-1018 -504
-1192 -1160
631 373
1087 870
355 -219
-1184 -88
-75 -206
778 344
95 -287
554 -2088
-405 603
834 1144
833 1233
-257 1220
-664 45
-578 1141
-1429 -1856
-570 969
552 -583
-3354 1011
-1489 -2537
3636 -788
-1525 -314
4152 -322
1345 -116
-596 -1193
-2950 833
-739 730
5536 -581
-1344 32
885 -1678
-2073 -530
-547 1571
1534 1655
59 -61
999 -830
2628 363
765 2369
95 1110
-554 2037
68 -1306
-688 603
-1169 1075
283 -1086
-622 1071
-33 644
-1025 92
-363 -959
-451 -229
103 741
-611 -154
-549 -295
212 -343
91 274
-229 289
-317 844
1858 -132
331 -1557
-431 -1154
-351 409
740 -725
-611 -429
-130 612
-106 63
-797 1418
-439 -246
-403 319
-318 988
-353 -32
-74 -587
-202 201
166 141
-394 448
-416 -1501
954 173
-892 -1171
-855 -326
-515 -538
-887 162
-482 107
-356 -131
-2041 569
-207 -430
-3496 -469
-2256 -3860
5511 -134
-1248 731
4411 917
2685 282
956 -1596
-2428 1938
-1011 631
2792 -972
-618 -1582
213 -2243
-1219 725
-1595 2144
2119 866
-119 788
380 532
1983 383
134 1114
757 897
609 2553
275 910
-344 -38
-681 283
768 -305
-459 80
-936 -277
995 -286
-27 130
240 800
-230 -686
187 469
-1426 -127
443 -745
126 -673
919 164
-31 1225
-476 1127
-484 -889
-1192 -1467
659 -528
34 -86
-1337 233
1094 -914
1034 -666
-245 93
-121 693
-239 860
-287 242
-759 219
-280 -398
524 277
242 -1465
-697 126
1478 -720
1676 549
494 -1077
299 -518
90 924
-1028 572
133 1061
429 279
-372 658
453 181
-4081 602
-1273 -2743
4855 70
93 307
3739 652
3840 -511
28 -1643
-1971 -255
-1024 464
3504 -52
-2015 -1029
2819 -2753
-1441 -42
-282 1341
159 1293
-386 -576
463 -119
1461 662
-448 1223
-306 1743
708 2303
-195 843
-735 -250
429 304
225 -1893
-424 682
-56 30
291 773
79 -1126
-561 805
1457 -914
487 57
128 1109
-669 -481
946 703
1952 489
-71 -527
429 646
201 -161
479 -126
-348 -205
594 677
3 -1510
-155 407
-948 228
38 -955
634 901
850 36
-151 445
-1353 -353
-671 -340
617 -404
-172 21
-593 -132
-346 704
53 335
157 -624
-709 -240
264 -399
162 -530
-375 -29
-400 -331
-576 -494
445 849
-4507 -1147
-2882 -2313
4954 225
-825 1439
3134 1105
2782 -151
798 -1975
-1778 26
-934 -930
3050 301
-2370 -1288
2835 -1589
-1277 -222
-1389 1340
1539 893
635 -477
-505 -685
1443 1008
85 1881
-588 1915
-920 1813
-15 545
160 302
-1561 -567
-395 -685
-395 -1021
71 428
1431 -594
929 -126
204 9
-305 287
793 -132
-995 1056
107 1741
-27 -1380
-484 -706
-18 -222
585 -1369
-37 -546
960 378
640 621
1282 923
1708 -1615
299 -631
-596 -1326
406 -896
911 -356
627 233
-602 536
427 -131
102 430
1385 -632
-93 -33
1005 4
39 1311
-9 -368
230 -731
-1163 -382
62 -504
-136 -1021
1265 193
-23 637
-133 -297
1087 691
-5210 -179
-1976 -3111
5525 1163
-320 92
3267 55
2465 -826
-156 -356
-1995 886
-2783 91
3820 1408
-269 -1124
3191 -627
-2417 -101
-1725 1104
195 1911
-566 -1930
-297 1181
1798 1635
-130 1758
367 1100
-403 889
-339 -593
-797 -567
39 -499
1053 -1720
-1262 -172
1202 144
910 1874
1123 -196
-1120 736
-689 321
-536 -195
-482 -196
1 856
-282 197
-490 263
58 185
-739 1643
-178 -718
-1243 904
72 189
-224 419
6 46
-453 396
-99 -533
526 210
-409 -417
599 -402
630 -1266
191 -180
331 484
-1180 27
1212 1104
534 -33
-887 -208
-500 -128
-1046 -1048
173 1222
-33 -716
385 376
-551 934
-116 -330
-730 -635
-293 -1521
85 1683
-3030 -1235
-199 -169
746 1227
3562 3466
-1314 927
-2603 2262
268 -2396
1575 -1171
-3355 -2965
1106 2321
518 730
540 -1028
-2527 296
224 1176
-900 2422
660 -3557
-356 -747
-21 1314
-815 1110
-84 -4136
-2418 -2341
1826 -475
1177 -2264
2633 1810
-467 952
661 -319
550 -1134
2106 674
434 -1697
-415 1945
1270 1924
-191 939
-510 -123
-1135 746
1408 357
-2084 2563
1168 -3233
515 203
-652 -872
223 -1162
-1905 -2752
-1085 -2572
-918 1370
112 1407
-1755 -147
1351 -1610
-1741 -1221
-1559 781
-2083 -1006
-325 886
1332 194
-1208 -219
729 1254
1150 -2059
446 -429
1601 -1966
1163 -9
1446 -1821
553 -744
206 387
471 929
-1397 -1281
-563 -316
-1911 -1821
-2205 -1705
-1539 -194
-684 -65
2743 4886
-220 -144
-3069 1242
-480 -1209
2798 1377
-2378 -4232
2629 -1546
1484 2551
1184 -2034
-857 -854
-243 2790
-969 1012
1125 181
-1684 -711
-1288 785
-2164 1916
294 -676
441 -89
1858 2054
4566 661
2356 -966
347 236
358 2657
580 -203
760 2495
1404 -905
5 3275
-587 -132
-258 -22
-1155 142
-612 -1703
1811 -39
318 -6
-1178 -793
-1674 107
-825 307
-996 621
-2715 -1153
350 1654
-1080 -546
474 102
-989 -1523
2623 629
-1208 587
-1099 2608
-1908 -1325
124 411
-1150 493
1562 -1496
-1308 892
1033 -1288
-256 -688
731 -178
39 -279
-1555 431
2250 -525
1609 -158
-1746 394
-2664 -621
-757 -2241
940 1274
-2236 -1015
1298 -357
149 -1003
3106 3305
-61 1777
-4715 520
518 -1733
1852 -1298
-2407 -1684
4348 507
-1298 4233
443 -2923
-996 -1873
1408 1874
-873 -388
1547 -2728
463 1309
706 -1233
-1002 -801
2210 -2133
1442 -487
84 -533
748 1081
250 2240
143 657
860 599
-512 1452
-940 1064
-99 761
0 -484
-320 -298
575 -1373
146 -514
-716 -321
-2140 35
-1467 -527
131 1874
-1346 897
-312 -1075
-1644 135
-1303 746
-1386 141
1840 -547
-1255 -1499
673 1941
1361 1903
-1053 -783
-3075 172
21 -193
1446 1390
195 985
-1273 -1174
1096 82
-747 2406
500 -2267
-1204 -1931
-2306 -995
-132 -1973
522 530
-434 -1973
1343 1935
1280 -942
309 -133
-1446 720
-5148 -494
887 212
-373 625
5292 4396
2163 610
-1438 -2095
2761 -15
291 -1494
-4047 -2097
1612 -30
-751 1832
436 986
1673 -3753
-409 820
180 1533
2438 944
-552 259
1708 302
1118 -1068
3315 -1368
2733 612
-1871 -445
1806 -407
-451 2518
-928 -207
-493 -702
1601 -681
497 577
1445 -435
281 -545
416 1257
708 1284
-788 623
-671 -970
-355 -1823
1637 -750
-861 1708
-1013 2950
222 910
130 -1167
625 176
101 1616
-1121 -1198
277 -597
1945 -2594
-402 -939
1453 298
883 -2077
1424 -1
16 1069
-23 -589
-468 -1546
-352 -87
2379 1197
-1456 327
375 2734
1210 -891
1327 927
1743 -412
-770 -314
-80 89
3394 -937
538 1069
233 1419
-2270 20
-1325 135
-1341 -477
2745 3362
519 -518
-3951 295
1605 -3238
2221 772
111 -1957
2370 3070
943 2539
-1117 -1497
3282 -1656
-1546 1781
-1243 186
1555 -2458
-195 573
-162 1334
-1405 373
1932 -987
479 -1103
-1653 589
2015 3064
-1725 1764
-1711 1589
501 1122
211 -63
-454 -1381
632 -1883
110 606
62 -209
1012 -887
-212 -302
1286 1107
-928 109
1233 -1185
1469 -1188
603 293
1512 1193
-1033 1264
-504 -289
2940 -1237
-704 1774
-1800 1848
507 -1886
-432 -2521
-648 32
16 -86
654 -785
-277 -419
-714 -1805
-130 1793
-75 158
-2004 -359
-2002 -955
-1611 -964
878 1441
168 -470
733 -876
-932 -1128
-635 -1837
505 -2737
-1152 1800
891 -1243
-2654 615
602 -2124
-2089 122
3730 2853
-890 1062
-1127 160
3507 -28
2737 -607
1040 -4333
3071 1195
-1141 4345
192 -1508
1499 -604
397 763
-741 -356
-255 893
-239 699
-266 -686
1097 -1297
-2302 -395
13 -1383
215 -197
-344 267
-750 1755
-1071 11
978 -995
996 -1615
932 67
696 -1524
-1515 541
-801 -447
-1752 -778
768 1465
375 -388
-1198 -543
590 1137
-34 -1805
1322 1109
-1216 1083
1053 478
-1818 -20
286 1406
799 -997
1445 710
153 557
-1127 -921
843 -1174
-534 -1277
2767 724
75 -645
-566 -420
671 1538
1157 592
104 -1733
-864 -155
-196 484
-59 758
321 -1338
-599 2359
58 -538
791 1226
1161 778
-526 -1517
623 1916
-1516 -489
-1230 -1604
-392 -1843
3737 2045
1078 -1988
-2027 -142
2135 -1209
3218 1535
521 -771
5020 4331
-435 1993
-1038 -57
2189 -2246
733 2364
-1648 504
2290 2703
-806 49
-894 859
990 -725
1883 410
2175 521
162 470
3198 2747
-169 -1171
162 970
1440 -2004
-3097 687
-482 -1094
-506 -299
1772 -5
-1444 739
278 -2362
279 -1570
-591 1053
-112 -1
-1264 -1157
-712 825
1103 -977
-1857 839
809 -1205
460 -926
-2101 1845
-145 755
913 1247
-1085 1671
-21 965
-1714 -773
-1344 124
88 19
844 -524
-2987 600
2501 95
-867 292
1292 -942
-367 -69
-637 1674
756 1429
-786 -632
-799 1483
-1478 233
-244 -5
529 -1114
-1290 334
3091 1050
-2582 -874
-2155 -3489
-1070 -1815
3767 4231
596 1451
62 -820
1158 -1096
3907 1546
-1248 -1968
1460 2854
-2565 838
1103 -1385
2178 -737
-465 1023
-1596 1526
1815 -1644
-1011 -120
-1064 1852
-822 -918
-216 1842
1291 -369
-863 281
-319 -297
-2036 2788
-358 1433
425 -1108
-1679 -2726
-1223 1737
390 588
402 523
2136 12
447 -1483
-477 -1133
-903 -634
178 -250
-1972 -184
-270 -3996
527 -1497
3342 611
1239 -98
203 1260
-1577 -783
881 362
-668 661
-985 759
1007 -537
-834 635
-107 -196
252 165
418 -1108
1110 143
-2458 -3074
-1171 -1593
773 -872
-380 23
509 808
-599 -1922
1695 1961
-968 -87
251 -1730
-487 -1749
1840 972
1011 2081
-3684 -4289
2853 4170
631 -1197
-967 -3050
2223 1476
1733 -433
2996 -2352
-682 -2024
-4443 4991
-1013 385
4728 -3188
-1189 2886
739 560
2182 -1278
-1749 -1212
3530 -1033
2210 2272
2779 -799
1655 -839
-338 298
-642 3496
2041 115
-3010 -1099
-56 4119
-2401 -1910
-630 -825
95 -314
-3471 -2047
-2435 -636
-2122 1843
-943 -3038
-83 -370
1497 -1974
1141 -454
1526 -227
370 -428
1889 -4304
-437 2257
-1696 -940
-348 2488
-1008 2301
2336 2876
-154 706
-221 -1235
1487 -2269
761 -628
-1731 1299
2860 -179
3230 -38
3731 614
-670 -215
-3361 -3482
2420 1234
-2464 -1084
-472 3782
-645 -483
-3317 3872
-303 1260
-2685 624
-719 687
36 -1894
-637 -1698
-482 4949
1664 -1086
-1146 3254
3214 4309
4832 -3663
389 -4327
2856 -2393
231 -1291
419 -455
-132 -5137
-3948 -168
-996 4196
3026 1083
-1827 621
-1285 3341
2235 -867
70 -3016
3157 2438
548 -2262
5002 1179
67 -2679
1402 -1697
1296 -299
-1226 -444
-3915 -3165
-6548 -374
-3397 2253
-613 -354
-917 -1266
1118 -542
-1571 -1640
-1036 2032
192 -3279
1428 1481
94 -1085
1024 -311
461 1671
-2021 51
-982 -2325
-561 1772
2310 1231
1148 1003
3555 -1041
5185 532
-899 -1315
2670 2131
504 341
-1236 -1208
-3566 1083
1164 -1882
2256 -2520
3016 1187
382 33
682 -891
-1724 3181
3076 1827
-1241 323
1051 1297
-1489 -733
1034 599
952 1182
-3384 -1419
-1454 -2294
1011 -590
4146 2632
2338 2939
-2817 -1981
1587 2570
-2765 -1495
662 -19
3196 1697
-1222 -1293
4002 288
2796 -2994
-3533 2146
-1091 1100
335 -1845
-1741 -1150
3154 4680
1422 1198
163 -394
1869 1064
-1346 2920
2041 -1707
-787 453
-1208 -114
-1321 3481
-3102 -3768
-154 192
-1328 -2113
-1306 -1889
-977 -2185
-959 -290
-64 -2536
1982 -2181
-593 -1376
-1306 1820
-594 -198
-1765 1041
-1556 502
362 -1160
935 -1166
1931 1020
-1113 -3542
2957 -2448
-1038 2408
556 258
454 -844
1554 -79
-992 1303
1523 994
-1286 -2555
-1368 -710
-811 674
4427 -604
-1 884
-1495 -1930
-1141 -1674
1347 1679
-1544 1810
66 -2486
280 512
507 1725
3074 526
383 410
1000 -596
1041 814
364 -944
-1589 -241
-2375 2775
7 -2613
3909 2360
1490 -1474
2523 -1574
-471 1026
-546 -852
-39 5023
208 -4776
350 3327
-801 686
6577 -218
-318 2063
2708 -657
-1244 4858
1218 -2446
907 -1388
-3966 0
1496 242
-2701 -1303
-2694 2437
-3986 1744
-3791 -368
2773 -678
-823 177
-144 -2180
3218 -107
1590 -29
-177 433
266 -845
-1778 2063
17 -282
1294 -1350
56 -909
1941 56
639 -327
972 2916
-2536 880
-292 -3149
1666 -3068
2203 348
-728 1265
-2033 217
527 -2316
3460 2292
-321 767
-1718 3536
1033 2119
-3564 -1221
-1674 3734
-1576 -54
-1329 -1270
-1386 217
646 1849
1644 -439
-4313 -438
596 -1038
1182 -1822
-1223 3132
-1618 -1150
-481 38
971 -191
404 1093
-1757 1128
-1654 -838
-2993 -3896
2681 3065
2295 -4136
4434 -3765
2553 2372
-214 1967
1796 2358
1997 -373
-4576 -1185
-1005 206
3110 -253
-1902 1345
2998 2475
-2881 316
2660 -1456
2409 2456
-1963 4993
66 412
-157 340
121 920
-3463 1165
377 -1208
1177 -1360
-2494 -3799
834 -2565
1597 -2405
1076 -3033
-493 561
1372 1557
-687 1008
731 832
404 -382
-280 774
-1097 1485
-3162 -1681
-1 -790
-1839 1524
-769 450
-226 -337
1547 -158
-777 -1713
2182 872
-3500 1173
-2055 -1400
901 -2396
278 2721
1843 3065
502 -852
-1136 239
323 1017
-137 3332
1159 2161
-380 -1648
626 -657
1776 1501
993 493
2432 2863
-2564 -92
-1461 218
-2449 -549
2019 1667
982 2054
-698 3835
1769 -2129
-4799 -89
-691 1320
1001 3169
3753 -2174
1104 3870
808 -1569
62 1422
-1702 -811
-5077 2130
-4371 5248
4132 1046
-2637 -1450
712 2974
-1615 -930
2139 -1745
716 4725
371 -172
2809 -69
121 2799
-4082 1755
4498 153
1071 320
-612 285
-572 -1036
14 -1367
1877 -755
-2126 439
-2382 516
-2452 1208
401 2135
434 1648
942 -544
4573 401
-1165 -1070
-2303 -641
-1424 1648
-2137 -496
-167 2067
-1876 -2437
1773 -376
-581 -1650
3695 -1365
-1174 -267
-988 937
-335 -392
-3155 1097
1220 -1335
-3144 1389
69 -216
-2715 251
1327 724
-596 1687
-677 -2864
-2450 -587
1122 2580
1493 -590
-195 96
-98 -1906
-1028 2562
234 -3058
673 6
-1279 -2277
-1810 -32
909 1610
-3446 -2300
-8 1693
4100 -46
1538 -460
1332 6032
-306 3645
-320 2089
-1317 640
-5696 618
-2679 -3052
1192 -2039
-5580 -333
3354 -1062
-790 3444
-1591 -2466
467 3510
-1005 -1257
1769 2917
2325 -1710
-3303 -1078
-1246 533
-2635 -2098
-2572 -3826
-3895 -3243
-440 1527
-2631 -1712
-728 2593
3207 85
-492 1983
1367 -240
-2294 -2236
477 -715
597 2440
-1161 -2185
1055 514
-297 426
1153 3074
902 1122
-2773 2289
1314 -2097
-2481 1484
-1738 2765
1250 -1078
778 -1551
122 418
1066 -576
-478 -2402
1434 -1253
2649 -1787
661 -1273
-1995 -1329
3078 -152
-4161 387
-981 -2028
-1472 1650
-676 1804
-577 -930
1045 -3152
2481 586
2434 -3166
-655 329
-149 -2500
-1318 2125
1 -2364
-5574 -1753
1207 3802
4626 3494
765 1961
2410 4737
-1538 -997
-1528 443
1934 -1493
-4423 -2510
19 -2387
3899 -225
-1697 2193
1184 3421
-201 2263
2109 -1743
2450 963
-1434 3429
546 2020
912 -1452
-107 834
1315 -1873
120 1902
1682 -1508
802 429
-150 -697
1179 -3892
-2098 -149
2751 1311
714 -2625
864 -1152
82 -972
-2910 627
2001 3094
177 1595
2483 1132
-208 -793
2641 -399
2828 3935
528 4472
-5270 -443
-1655 -1030
-624 -2312
2441 735
-1358 -2241
2944 92
1042 -2105
999 2386
433 -1537
-2506 1778
-1012 -389
-1554 205
84 -1087
1824 4233
2556 1358
1370 2377
773 223
688 1368
8 577
-2871 -3761
730 -429
1486 1526
2611 3428
-2316 -537
-1261 -1352
