8423 -10541
9559 1011
7696 7906
4603 412
7178 -457
2702 10050
-8947 8610
-9994 -1687
-2555 1594
-8332 -3102
-6163 -10613
3425 -12409
9290 -5061
2629 856
-3181 130
11084 -10960
12909 10995
-6640 11945
-11784 -6435
-832 -7013
3802 -7621
2214 -3670
5417 -3125
-2945 734
1212 1330
-3174 -2021
3925 -6271
6039 -573
-2737 5574
-8343 -1810
-1243 -14752
13612 -14990
16863 2595
5592 6827
4400 -3908
4981 476
8193 -5941
9870 -509
13466 -1042
7684 2566
3575 8922
7070 -73
2679 8635
2431 822
3156 -2453
10857 -1483
4352 12964
381 10428
3065 8015
-4302 12426
-11380 3141
-3088 -2013
1966 1707
-3016 2225
-7483 -1167
-948 -2729
3484 954
-776 3315
-9404 1362
-3767 -1205
-1841 -3628
-2823 -6467
-5790 -5451
-1146 -9684
8339 -8895
12498 -3722
12006 9211
3271 -150
8886 402
5527 16175
-8942 9039
-7548 -1262
-1610 3816
-15777 -5429
-4075 -15980
4159 -10954
5586 -5932
6437 -333
63 -4755
9476 -5430
6440 10956
-13673 7047
-3835 -10203
4161 -5296
2495 -7138
3410 -3030
5846 -2935
-107 -841
1866 828
291 -4312
6830 -4664
2909 3948
-3347 -214
-6179 -4936
119 -13617
13317 -13115
13269 441
3988 4955
2647 -6101
4945 -3744
7240 -4371
11115 -3881
11549 2656
10444 4644
8724 4156
7798 3285
4860 10910
2045 1033
1431 -3996
12510 575
2618 11213
-2298 9257
1940 10638
-6283 16504
-9006 3029
-358 -1455
-1170 3760
-3988 2410
-4651 84
-1705 -1087
2568 -2836
-2428 7648
-8043 -65
-1590 -4636
-403 -4654
-1294 -4842
-322 -11694
2816 -8658
8001 -7836
10099 1434
4660 8019
1440 964
8250 5782
-667 11323
-13629 8664
-5315 -1999
-3812 1061
-11862 -3446
-1481 -10969
7105 -9653
10511 -5694
531 -1894
-4043 -4984
14657 -589
4868 10255
-8518 2609
-3387 -7378
6121 -8763
83 -7795
5342 -236
4344 2498
-1938 1382
-2107 1439
785 -4193
429 -5099
5965 3587
-2357 3547
-5889 -7320
724 -15823
14805 -9202
16007 3512
-1851 3333
-78 -3991
7223 -3380
4594 -2523
8856 -3807
12846 -2234
4352 2293
2342 5177
5980 3471
2456 7304
2771 -3480
8311 -58
8144 3273
4662 13770
1511 6923
9112 11701
-4228 13460
-14759 -948
-6254 1842
-1583 308
-1150 -303
-4454 -2259
1310 -3401
2517 403
-3619 714
-11658 -5554
-2242 -10972
-4337 1554
-2530 -2244
789 -8441
6537 -5792
9288 -5217
9652 2976
4341 8128
1763 9170
8042 2163
-1401 9169
-7920 5722
-4176 -6139
-5092 2562
-8869 -5679
-950 -13447
5042 -5032
9246 -5263
5474 1077
1128 -7808
10359 -2588
382 12127
-8694 -1855
-2857 -8663
3700 -9837
3254 -6178
10006 -3413
2895 -2805
2570 -1887
-3221 3962
-46 -6737
6450 -5315
4259 3235
-3065 3562
-5435 -8222
3819 -13483
17048 -8710
9794 3669
2944 3756
1458 -4675
3832 649
5475 -3415
9586 -3435
12811 2598
4173 7819
998 6306
8967 3688
1627 4666
3762 209
8855 -1971
8600 7465
7239 11795
3484 7064
4488 12937
-8416 7897
-11829 654
-1503 -4273
-5175 2573
-3129 82
-2365 -3802
-4223 -1777
1939 -458
-5097 6954
-2601 -5036
2420 -4290
-1960 897
-6527 -4587
-1679 -9490
4097 -7629
11604 -4823
12478 -1440
4832 6391
3552 3849
8518 5738
2199 12226
-12404 3996
-7088 -3359
-9735 -479
-8032 -7921
-4201 -12641
3581 -7153
7714 -552
1948 1232
-253 -7995
8895 -1467
-1649 10384
-13855 1367
-1773 -4375
1105 -3939
5155 -3641
5075 -1809
2580 -1239
-2856 -688
-3392 -2077
793 -7128
7735 -7405
4583 2998
-7646 3536
-6147 -6476
882 -13348
14980 -11312
9188 6255
-13 -1508
4596 -1815
5189 -70
5774 -7020
11197 -946
13530 2048
9867 4979
1851 6907
4108 7224
3180 6523
4721 1917
7390 761
8985 6158
5636 10603
-7 5510
2861 13052
-10094 11814
-4247 -131
-7103 -2627
-3931 5832
-5892 135
-6675 190
77 -3414
960 2133
-3573 2365
-10354 -9883
-2068 -3112
-6886 27
-3513 -10862
2023 -8488
7003 -6191
10111 -3359
10023 1349
3167 5560
1877 1174
8530 9337
-1213 13389
-6012 2296
-4552 1882
-7903 -1109
-7737 -6419
-246 -11756
2496 -10528
7651 -2926
2613 2441
2468 -8874
11715 2541
-3038 10132
-11363 -1208
-239 -6539
5329 -9178
7544 -5106
3457 475
1414 -2122
-3731 -3551
-3037 -3296
4162 -6350
7753 -7248
1999 5828
-5233 -645
-8545 -11160
3948 -17020
16945 -3171
5683 7271
-1374 3720
3259 -1026
781 -1467
7260 -8497
8876 -1169
11897 3732
3514 2920
2867 439
8285 2293
4380 9377
1462 2396
6177 959
8775 7216
6060 10423
1646 8196
1476 12444
-8079 6235
-6792 229
-3723 -1841
-2838 3082
-1778 -1920
-131 -131
1431 -880
3185 6214
-11239 5715
-851 -7910
265 -1082
-4419 -2060
-4030 -9502
4004 -9886
4609 -5800
7588 -7188
12270 1102
2587 7311
-12 1960
10767 9927
-6106 12923
-14287 4
-4361 418
-9451 2339
-8905 -10430
323 -10512
1196 -7389
4828 2130
-3159 1427
6527 -11947
12520 2646
-5841 10977
-8807 -5644
-2952 -6886
1763 -7175
6466 -1603
1271 -1962
4709 2285
316 -3393
1874 -4210
1078 -4851
7441 -2878
4033 3775
-6701 -646
-4514 -12591
8328 -13856
12307 -4109
2594 6432
1753 -2101
6167 -1361
-1912 -3842
5042 -7280
13900 194
11542 8404
8738 8992
3649 3317
6238 1093
2696 4818
4886 4174
11484 1514
9017 10165
3457 10350
5223 7738
23 16475
-12208 8097
-6744 226
-2030 -836
-3787 -2159
395 -158
-395 -2705
-1382 -926
-1348 722
-10980 -976
-2719 -8175
607 -5388
141 -5434
69 -8977
2407 -5832
3885 -6741
13984 -1880
11003 7021
-1702 5562
5440 2441
4059 9757
-6039 11334
-9120 2348
-4056 -3112
-7313 2700
-9707 -7157
1628 -10189
5287 -4442
4410 1007
-7337 -1957
8330 -6886
11876 10945
-4027 9955
-7038 -3933
-203 -11690
7655 -7178
5379 -4357
3131 3890
805 -408
2167 -4472
-5080 -2104
-1889 -3419
6559 1109
668 6181
-6689 -4182
-3007 -12901
10135 -17004
14539 953
3076 7330
-990 1346
1545 -3711
2605 -4059
9397 -5252
11363 3487
11488 3848
8327 4982
3037 1974
6937 4859
505 2639
4540 -84
10756 1133
8224 8296
2797 11624
5816 9797
43 11731
-15659 7948
-2615 -2478
-2033 -521
-2863 2356
-1772 -2008
-4616 -2037
1155 -7232
-5816 766
-8881 -799
-2877 -7561
902 2321
-1105 -4918
-3441 -6617
827 -10797
3352 -8073
8403 -5775
4953 590
1033 -8796
5865 -4165
-8790 14155
-2309 9011
-2941 3453
8240 5262
-4117 3062
-15866 1368
-6997 7646
-14101 -5079
-12567 -18786
-7872 -15355
-662 -11104
497 10465
-4057 6011
-5756 924
-13630 127
-478 -551
-14397 1053
-13146 -9391
-7010 -14283
11778 811
14433 -2156
-460 -5809
-175 4256
-8685 -9127
8931 -4632
7791 1063
11655 2441
12854 7372
621 6391
177 -14617
-1488 -2981
9517 4516
-1199 19665
1530 19857
-1055 14694
-11300 20286
-6625 -3260
-4688 -2560
-4309 -4401
-12863 9545
-23333 7221
-8674 9602
-13529 4507
-10112 -2442
-8831 -8151
-3527 -9572
-10336 524
-17300 -120
-5126 -4413
-10968 -1884
-8236 8467
-14771 7587
-13811 -11682
-3037 -9745
-11627 -2007
-15854 -18416
11808 -13007
12922 726
602 -18574
7081 -9753
2826 -3659
-9318 4512
-4248 -4117
-2902 8134
-15285 1175
-3489 -274
3652 1403
-6291 -3302
4223 -9305
4289 10419
-7871 5845
-10151 -15399
-8086 -13898
10328 -6683
6490 -2043
14079 5617
-10215 1444
-3683 1441
-4513 6385
-10496 -5344
-12522 8539
-9862 -7756
3513 -7884
5822 -628
2612 10135
708 -2493
-8623 -12838
3816 -21820
3866 4203
7401 -4486
2339 -106
8457 7120
2202 12555
-1129 -4005
856 -7935
10431 3431
10161 7649
2050 19421
-9086 12878
-22644 6891
-17371 5965
1039 32
1203 10361
-14660 19094
-8618 12544
-14140 -2497
-9965 4390
-10595 7047
-11245 -12924
-6735 -13734
-1799 143
-16360 7944
4106 4257
-3990 692
373 5820
-9036 1085
-21528 -16187
-8350 -12670
-11989 -4724
-10617 -17513
4410 -8046
-11263 -7868
-8620 -8154
6412 -16373
14636 3883
3685 7642
1768 -702
619 3366
-5894 9783
1748 7525
-1416 -11059
-4230 13018
-4498 -1839
-14859 937
-18404 610
-18633 1399
-8512 -18510
6128 -1482
3926 162
-5178 12057
-4843 -2308
-10872 -954
1734 -7881
-9859 3726
-6256 193
-15348 -12830
7782 -25311
5265 -5458
3057 4074
-574 -1944
-2533 -16206
-5002 -14300
11690 -6256
11605 -4288
20137 -6864
1391 -797
2608 8693
2013 -775
8614 -1087
15157 9401
10523 7531
6883 18273
-9898 29841
-11046 4359
-11298 -9497
2904 -3620
4216 8783
-8212 19104
-16024 4347
-20409 10522
-22402 3530
-20236 -7547
-10605 -2544
-12442 -11172
1318 5077
-7363 -3041
-4497 6401
-4455 -1692
618 9279
-9872 -2374
-17433 -3814
-2439 4611
-16944 -3097
814 -15177
4866 -13496
-6224 1935
-15810 -9827
10994 -4730
10611 12912
-7304 -11731
7197 -2382
11413 -2971
-1465 26717
-10542 7581
-1763 4571
-4098 7022
-5084 -2781
-4666 4131
-16368 -437
-19952 -11141
-2974 -12085
1190 -3638
-7381 -930
3864 5516
-5131 5898
-15591 822
-13743 -10935
2504 3943
-6491 2073
-9380 -12123
-2737 -6845
3779 -3389
-82 2637
-993 6192
-17631 -12936
-985 -16014
16954 -18937
11961 -1609
17048 -1295
3849 12764
-2877 244
-5876 -207
7927 -7488
6890 7808
8417 10716
-7579 22844
-5768 23491
-7378 -6175
-11730 -7611
-5009 8380
-485 7699
-15099 10149
-22343 12024
-14044 2848
-9916 -3379
-25540 -12367
-6711 -3446
-9713 -10691
-21734 1176
-15042 4236
-16860 -4589
-7038 -777
-5079 -1002
-5010 7153
-17500 -7829
-15924 -2009
-27644 -1946
-13044 -12047
7843 -8662
-9156 -9774
-7524 -9203
20312 -20486
7931 1497
-7670 -4021
161 639
3910 -1100
-2983 8331
-9888 5791
-3963 -5606
-10250 9886
-15496 -4637
-9774 -2148
-18649 -6928
-17312 -14485
5128 -15145
9496 -2014
13632 1352
3797 2643
-6839 6595
-10513 -327
-11832 -7588
-8852 -2077
-14740 -7341
-5136 -10606
405 -9815
3916 -7879
-8392 1776
-8102 -7554
-5870 -1120
-2293 -10359
12925 -9315
10111 -12231
7470 6906
2418 24031
-2471 4843
5110 -4569
3719 -6734
-833 9656
-2665 14156
-12747 16078
-14947 26104
-18119 4179
-17258 -8449
-3317 -3466
-15510 2108
-9241 10112
-12317 -1965
-3270 7083
-15611 2642
-10646 -18602
-10889 -16591
1067 135
-11595 6439
-13170 -9016
-10653 -6046
-7241 3101
-15193 -7155
-19166 3091
-66 -994
-21941 6376
-7016 4720
-4097 -18936
11952 -3867
-8825 5971
-2017 -23692
10995 -8537
3558 15498
-634 6426
-225 -1026
3712 10553
-12667 -3031
-12444 10073
-13895 -1453
-5799 -5979
-5764 6488
-13575 4744
-22932 6828
-19226 -18112
-2530 -10382
6345 -6272
4932 -2650
-3947 6902
-12747 9053
-3804 -2366
-9755 -7624
-4101 8095
-17255 -5896
7103 -20054
-453 -4483
2745 -136
6543 6182
-12705 -6141
-5187 -15411
3430 -25795
2002 -9824
19147 -5175
18963 3383
4000 3307
1470 -2264
-124 -14867
19835 3512
13243 13187
2224 10497
-6483 32532
-13584 21250
-21035 -614
-13472 378
-5710 11927
-15311 -535
-7421 13166
-9508 170
-15608 986
-17596 8929
-14289 -4443
-2965 -10559
4977 7111
-3833 4029
-8514 -5594
-2290 -9090
-9209 10015
-13355 -3685
-15033 1583
-11015 -4248
-8850 -3031
-23760 -7413
-9490 -13013
-4480 -444
-6796 -2067
8044 -7955
5021 -1059
-1496 18441
3271 3128
-7549 5742
3067 14480
-20317 13062
1534 14283
-755 4881
470 -7941
-4988 5999
-11756 -4179
-18695 -1517
-9143 -18594
435 -21984
10826 -10909
8047 7742
-761 18725
-8541 1372
-13064 3801
-5945 -6141
-8820 -751
-18132 -4840
-3500 -2190
2393 4961
-15304 2122
-481 8011
-7097 -3296
-9248 -3913
8012 -12108
11229 -6305
2920 -3211
4673 3444
5168 6926
3464 -5453
3974 -9474
18431 513
12064 11110
1957 22383
-11167 22179
-16596 14020
-18736 905
8024 -1503
-8291 9526
-9307 5163
-14075 2409
-18438 -1788
-14350 9655
-14048 10243
-12753 -1832
-8667 -16440
-11633 -1419
284 -6932
-10285 1798
-10744 8743
-11743 8522
-2401 582
-14742 -732
-14355 -3731
-5088 6060
-18075 -10483
5334 -15382
-2741 -1232
-15300 -6476
743 -18849
12006 2225
-8798 -4204
-766 -9796
3624 5550
-6582 21012
-1365 3562
-7460 3888
3771 647
-10327 3325
-12374 5250
-13253 -2123
-15171 -2816
-6099 -23186
4171 -14709
2074 -7458
3115 -429
-586 3969
-16717 10619
-18501 -3739
6480 5915
-18557 -4673
-16482 -2536
-1369 -8938
336 -6023
-1 -11322
4604 -5895
-2923 5020
6158 -14058
476 -9071
13224 7881
9978 -12318
8086 1892
3750 10000
5880 -6676
8487 -11842
23482 3738
18662 18077
4777 16808
-11276 17999
-11970 15186
-4517 7184
6994 7848
-5083 4979
-3130 27136
-15957 -2371
-12557 184
-4389 2715
-7434 -2566
-5795 -13620
-10389 -7843
-4190 -6042
-16362 3767
-11736 1389
-13406 -17238
-10217 10285
-16212 9741
-20929 2724
928 4781
-1343 -1062
-13914 -13992
-3800 -15283
-1163 6248
-13305 -3217
10132 -21609
13072 -1930
8250 6942
-1772 -37
2267 19258
-17565 26876
-2405 4092
501 -5903
-15826 -12550
-20918 -20232
-1521 -9308
-185 828
-7325 -10797
-2059 5775
18086 -1678
19772 6487
-1143 5979
8258 7733
-564 -9628
12395 3759
19734 7430
-8189 8379
-5376 18932
2433 -3908
-7994 1749
-18042 -15078
-23032 -23982
15647 -10695
-6100 -13800
13681 -11104
5771 -22070
6202 -13203
-6847 -13760
1455 -3744
9268 -9184
-1986 26216
-1849 15869
-3018 -3537
12251 -4288
434 -14328
-9995 2296
5689 12781
8935 7434
-2202 16966
-5704 3323
-132 5749
16837 -1913
5366 604
25574 592
-1474 14390
1202 6938
-749 14392
15063 -1457
20166 22005
-7026 29651
-2370 13851
-835 10629
-14872 -12435
-20378 -6316
-14349 14662
10073 -21811
3442 6705
-18745 7577
-26737 853
-13654 -168
3962 -11607
11357 9252
9567 7064
-1071 3265
1171 -5502
6555 33313
-20803 4570
-30210 -1686
775 3887
-27198 10643
-1181 -8709
2646 -3582
1321 19410
12021 -8857
-18506 -5013
-5440 11609
-16945 -8750
12612 7429
12903 -83
-8211 4488
-6204 6229
4653 -6364
-8652 1567
-36023 -2735
-6611 -11688
-8194 -23885
4790 -17663
1206 1424
-5885 -3033
15625 -19539
3472 7802
15229 815
-107 -22285
11701 -610
10215 19998
-4746 27702
3218 3681
-9128 3953
-5771 -1386
13898 2959
1038 11441
11346 -2219
-7452 10958
-20319 -10982
2535 -23422
-747 -14368
14526 3404
25669 2959
-2986 -2785
14266 24141
8046 18075
-4666 -3691
-887 16910
-29257 8261
-16285 5969
-31616 7405
-27143 979
8758 15841
-3894 -12749
2593 -8112
-2346 11495
-5411 8881
-654 9638
-4315 7089
-2639 -6216
-2782 -1059
-4678 -3565
1457 173
9861 2798
-761 2738
-16062 569
-9877 5721
-5098 -21101
-5735 4950
12649 -4623
1920 -3209
4756 -19182
-4094 -1493
12313 -4708
17621 -4276
-7391 -12519
6459 17484
12626 9597
-25613 17030
-9965 8614
-7220 7896
-5638 2525
-20412 16633
-15042 -1358
-1983 -14246
10524 2571
-4519 9411
2356 -11334
-3687 -9984
-5511 -6055
-8236 13966
20475 13286
754 8543
18196 7214
-5277 4611
-9532 -2279
858 5223
3633 1929
16074 -8077
10378 20025
5065 24724
-12291 10717
-22903 -4320
-4623 -10429
8547 -13093
30794 2922
24855 818
6179 13091
-2531 5848
-6899 7646
-7083 10248
-2385 11584
723 9707
-18514 15314
-50036 2007
-24977 -832
1497 -18380
-10913 -19309
11426 -8281
-9661 7833
-5110 -1274
-12133 -10473
-2580 -9640
-18482 -19877
-4292 -7667
13181 29133
-614 5487
-5206 9457
-8408 -16672
-5087 15598
-22807 -12788
-3324 -7657
3536 11299
-15747 -1008
-6181 -4427
5852 -9472
8012 -3669
7021 -6827
18592 -206
-5164 -4650
12642 -2373
10480 10506
-109 30515
-26076 10385
-24635 4081
-20148 9900
7242 3231
-15908 -5319
1452 -21938
-508 -16734
4120 -2248
9562 -8507
1141 13625
-11186 -4029
4594 -9130
3575 -17294
11188 12777
7876 7770
-2449 12967
11503 -2666
3968 -2486
29926 -10404
7777 -204
-1089 15460
14112 14995
-1274 3968
-14261 4476
6297 -10106
18906 -23303
21815 -11049
-3712 18209
15631 22971
-5842 115
15097 30252
32468 4305
-11272 8933
16626 21489
-16860 15276
-39328 14551
-12777 -29581
5076 5664
17694 -8812
10897 -9354
-11033 -5431
-21259 -257
295 9884
-2022 -3879
-17498 10900
-365 10049
-611 12448
403 -3862
-3877 13183
-9375 5684
-5489 -14341
-3158 9036
9911 -15859
15849 9461
-1452 -8130
8853 7083
11990 1992
1674 -9753
-4207 -11824
-7786 -6258
22024 1394
20706 6820
22739 7568
6504 23060
16561 3863
-3462 3718
-13785 -2072
-7636 4327
-10179 -11215
9267 -17645
-173 7993
-4953 -8567
7118 -14076
1498 3146
3680 5684
13698 -10553
24487 -16824
20859 -4797
-7078 21704
11386 13546
9946 -12089
10645 204
30720 -5917
10457 77
-4698 -3524
15977 6103
12213 12144
9180 16195
3112 -8450
-305 -6705
10966 -4747
12297 7042
-2069 37766
-2332 21720
-3532 -9664
-8616 -8695
19197 39153
-2108 28746
-336 10162
-4300 18295
-7120 -12505
-16185 -6983
24279 -18761
5490 -15880
6466 8388
-11494 -5576
-5675 -7927
-9756 5619
-5029 -5388
13099 -18445
-4589 -7400
10223 10431
-788 4823
9485 19388
-13555 -9262
-1052 -2729
-11616 -746
-9691 -3666
-1265 -21758
12712 -23753
19852 5305
5150 436
-11094 -4105
8916 -1007
22898 -12201
25511 -21
9236 14709
-2473 17657
-12926 -1070
-1254 20577
-30475 5351
1702 702
-12821 -7122
-7627 -9396
7081 6447
1963 20596
-4100 8443
12706 14105
-1901 -2593
-11144 -2503
4951 14268
14249 18361
10858 23741
-11072 -12712
483 -6665
2172 17567
13230 -22058
13292 2373
22186 24721
21671 15234
-4529 -1557
7111 14797
-17685 -18226
12248 -5572
23320 4673
7496 14329
9488 -4182
-9371 19281
-10001 -1268
2090 7607
10915 18546
-23310 21249
-12178 12434
-10937 -448
-14994 -20245
-4841 -22212
16799 -9098
12965 -4151
21678 -11063
9325 -12469
-12327 2032
-18833 -17364
10815 -17514
23873 -14388
-4888 489
7675 -4696
6598 -5089
6577 -5078
-28476 -11669
2171 -14111
-22470 1328
-1088 -17554
10700 -1487
1738 -3385
19042 -6592
14964 3235
5291 11575
3121 865
-6954 -27988
12053 9094
13245 7461
5959 8411
-7313 2697
1613 5670
246 -18904
-13486 -30557
11681 -19276
-10120 -28736
6233 -421
8322 -14938
437 -2982
-5901 -3616
13612 6291
7781 -6222
11573 4496
1517 23644
-8845 24564
-14894 506
5148 -662
1319 -6567
11618 -3163
2357 658
12855 -8239
-11886 7894
2155 -2302
-6161 630
15 -1588
12933 2122
11972 -555
2365 -1045
4533 2532
-7203 17894
20386 17931
115 23258
4288 7316
-4125 3899
-7182 8131
-38948 -9450
-17901 -17785
6262 -2864
10414 -9537
9766 15813
-14294 8068
-6021 13719
-6545 -611
-15114 -3195
6156 -9373
6244 17917
3060 13991
1117 -7991
5864 -15498
-6048 14007
-17531 -4928
-19425 -11220
-188 7310
-7204 -18798
3339 1771
-4235 2591
-1373 -2445
2517 -15
25461 2450
4820 -9803
6441 -6423
12832 -3507
9843 8163
-21653 8711
-8446 16960
2663 1308
-11308 -19303
-7593 6181
-6272 10569
-1204 -16643
4209 -5840
-12522 4144
15387 -16660
-10028 -11199
10271 14216
7663 8932
14046 -4584
-994 19495
-8432 28895
-26420 1689
-7158 -16128
-4102 355
8749 -11541
-3692 7836
-1773 -3869
-11648 -4600
-8155 9121
-18740 -32650
-4505 4402
12264 -10751
4560 9835
-5021 15969
-18157 19193
-4782 17531
5809 956
15636 14268
4444 5442
4127 23041
-15989 2115
-5451 -9222
-4226 -11752
-10396 -20363
-6637 -3466
4873 12854
299 -5467
-18305 -9587
9469 -19636
-14654 14447
-894 2103
-4730 -6114
5512 32867
-14925 -14516
21274 -36975
33547 -11026
-16443 17945
-4999 13316
3193 33070
-9383 7908
-7951 -13771
7635 -1764
6132 -28810
-10577 -1285
-19128 -14969
9746 13282
-5112 -23835
10481 19259
-30060 12226
-37233 1463
6384 -15054
4381 -28310
-28293 26911
6707 -5747
-28467 10999
-18036 21930
-22299 3582
-4322 -3954
-6607 5306
-10367 18871
1163 4335
3201 12299
4060 -10398
7070 26136
19105 -3092
3434 -6527
-22453 27918
-25825 -14781
-317 1899
24201 -20461
4143 -30835
-17353 4550
-22945 -16923
-21263 3804
520 -23160
-7683 -32271
24217 -22788
-9218 19864
22435 -7658
-8065 12055
-4835 -10986
-20624 8359
-18183 105
-8075 -30770
5095 13864
-25027 -11464
-1630 -2538
19120 7052
9286 -31931
-11471 15559
-2617 -3705
17015 -19747
14999 -3634
-11219 4632
-2496 3343
1503 2413
2352 -652
748 9256
4283 -1641
26055 -32851
25783 18134
19973 11192
-14670 4094
24245 1994
-26528 -3578
-4143 -18157
-7261 -25505
-5349 11501
46078 4001
355 -13286
9728 5892
-5715 2687
-43659 14748
3600 -21640
19802 2724
-17887 -2804
-1026 7279
40315 3574
-32749 12360
-23515 -1993
-11038 11472
8193 -10636
-3665 -2453
-15101 -3000
7955 -28496
-8388 -19059
15869 22548
-14655 2459
4947 -4367
6318 -25099
-35712 8567
-9836 -12116
9527 -37448
-4478 -4180
32985 -5371
-12035 17964
-6158 2258
20098 14585
-1759 1814
-4761 -5148
11995 -12429
-12950 9869
6241 2978
-18045 -15979
-15631 1319
4856 7866
30740 -13931
23684 271
1925 23107
4673 -9806
15366 -8521
-14351 -28137
6570 5940
7281 -1279
-3105 -21129
5283 -16542
9867 -9798
-819 -24351
3794 -1177
7747 18605
3025 19298
-16414 11236
-14220 -13938
13960 3287
12188 12879
-22072 768
-3417 23590
-9288 -9850
-17690 -17441
5664 -4242
4220 18117
27894 9555
-12772 -8580
-27107 6374
20376 631
4469 -11875
-12775 -4938
10448 -14409
30384 -5091
-263 -2729
4411 11406
4366 -4903
-16031 2466
-13102 9502
-7187 -38508
1363 -24471
2101 19288
14509 6599
15377 2746
1745 -13356
-11202 -27152
17051 -13419
-34960 10071
-1693 7247
-8146 3610
-23480 -14486
-446 -41434
-1524 -11324
-7844 -7995
-26102 -6404
-10229 -475
7705 -1835
-8830 -18006
4427 -11157
-20312 -16868
-18740 24492
11045 15051
22769 -1267
25083 1062
-3357 -11561
-2543 19177
-7741 1243
7600 9953
33798 -3002
18750 -8262
-8296 15844
20907 -16815
-14876 9643
4595 -15779
390 19863
14196 24683
4998 -11137
41196 13428
18881 6490
-14063 -8514
-8240 430
1107 7396
9785 8340
624 -20943
22077 15744
-5925 6376
-19128 -18566
780 -11542
28981 -5881
5139 7435
-8906 767
-7 14837
-10540 -1287
6239 8740
-4584 26179
-7264 -11080
-4336 -33885
36649 -26226
32356 -7149
17533 -9312
-25251 -12643
3339 -12655
-24546 18300
-620 -5592
22031 1116
2253 12616
-205 -10124
20923 5458
-14467 -2338
12909 6968
-6237 2154
8383 9592
-13482 4879
-31833 7604
-29894 -3099
-32159 -19389
5232 -5356
5087 8260
-24950 -2188
-13943 3538
-7006 -14285
-17321 -14853
8646 -9138
-19178 9871
26634 9160
18405 6646
-2224 16921
-17203 -28850
-23357 6417
43972 10403
-26831 -17984
2352 4061
27202 -13226
-14836 28659
-10980 -24226
-12829 1461
13657 6162
35739 -3640
32882 -2453
-4081 -11835
-1664 -12479
8966 -12705
18724 4124
5121 2726
-5832 8038
10991 -16605
11053 9441
-1466 32210
-13482 -8440
-17644 2858
-34661 -13788
524 126
-4000 -13488
-15477 -16864
-11187 31244
22339 29993
13720 6828
-32011 -5318
-35569 2451
-34741 10145
-11972 -18555
-12041 5911
2567 12963
-1332 1073
-11221 -10903
-23911 3040
-26240 -123
14049 -27859
12519 -8907
-6434 6761
8346 -1672
-7242 2706
-11240 12402
-8956 -7681
-19376 9522
12402 -10898
-28042 -4309
-28650 11167
-14723 -16805
-16720 -9159
12904 -12319
27165 19817
-33823 17658
-43214 -6081
-23289 -23976
-6744 -8145
22890 -9240
4773 -3081
10443 13107
9697 -29981
-643 -11533
7516 24740
52107 27310
-37154 -33509
-280 -9923
-27603 11795
-24022 -17215
-2133 7482
9948 777
-15714 -1511
-32891 12718
-6716 -22408
-8257 7209
1707 -5789
8107 -6373
25329 -3179
-12572 27414
10841 14798
-18541 -17192
-5346 -17969
-16550 6835
13314 15070
11657 10533
7658 7185
-7079 -15224
1507 22728
-2246 18249
-31998 -11667
-1127 -11311
15846 21297
-24740 9903
-30844 235
-36805 15715
-45474 -13634
2924 -19545
21777 -16375
-10517 -19003
15026 13165
-33356 -19886
-9827 -17820
-16775 -20701
5969 -17213
14235 -51031
3857 -14391
-11757 -25531
-14094 5879
6809 2492
18472 -16667
-17754 -20878
-32285 13677
-9950 45655
-35837 -2113
-13424 -43161
-10156 9943
4885 -4400
-16022 -8424
-30407 -17548
-15879 -14846
-846 -24832
17346 -6851
3211 -2798
-1085 -5662
25174 -9337
-19349 35780
7195 -20751
9170 -13827
-284 6505
-19637 -5905
15287 -1167
-16104 -10754
-11552 5223
7794 3072
-1051 22101
-36575 6928
3332 12446
-30182 26465
-771 10952
7052 -3804
31011 -7137
2330 16325
-25468 704
-8178 6826
-3180 14782
-7997 1131
5750 12928
9435 13361
-33493 11555
23352 12776
-15568 9576
-16611 -3591
1508 -3069
-35618 16935
-22612 9805
-20411 -2963
-7406 -18469
22891 17749
-15142 10882
-28352 -16345
-9727 -16145
15964 7575
-12324 10885
-25272 7157
905 30636
-17171 4092
9428 1087
-10020 -12326
-54 -909
-2164 1225
12421 7371
-23554 -20673
6542 9492
-13747 -14251
7134 -7290
18234 266
-10512 16448
-39162 -8614
-13094 -13810
5394 -13011
27301 11564
-658 32211
-7420 2256
-19489 -10995
7179 -9789
1127 -14176
21415 -17889
35550 -2169
1563 11857
1491 24483
5400 -5440
-36540 -23331
6127 1014
244 6576
9401 5014
-11080 -6916
22984 11355
9987 16409
-22596 -5167
-15774 -9940
-12406 -23772
18421 -17914
19708 -33390
5325 -5461
25947 -4758
12576 -5810
17837 -1838
-20103 6171
-12666 12350
11435 9681
-5569 -6114
1164 2531
12044 30274
-4741 -18517
8131 23391
-12916 -6520
20018 -13200
4097 8612
10471 -724
-35614 11656
-9241 16198
-3469 22227
-1074 14375
-4016 155
19579 -28857
27332 -18685
-19239 2132
8510 40370
-17711 -19257
-1408 -27953
-6134 -2157
-16019 -14011
9480 -19050
-20522 15624
15454 -10023
-5990 -16584
-24132 -23482
-3345 18516
8059 -12354
-3198 -5155
10390 6951
-18254 5794
256 -27381
10553 143
17711 -6529
1619 21684
-6419 2621
-10264 -22612
13940 4500
11881 -23530
11216 10127
23041 -8196
16257 -9167
23483 -6303
17986 -18943
-11009 15890
-12255 -11510
-11820 10836
-7163 1991
-4646 5155
-11493 -2409
-1668 -13047
-12666 12761
4052 -6735
-3029 -22184
-724 4338
38839 8904
-31786 20254
26725 -39459
17064 -10287
