973 -2849
1232 -3313
1521 -3632
1357 -3763
1187 -3449
1087 -3226
1409 -3271
1178 -3081
869 -3218
585 -3017
829 -3444
1222 -3212
1237 -3348
1534 -3170
1529 -3020
1463 -2803
1318 -3080
1229 -3400
1740 -3207
1881 -2427
1744 -2692
2051 -2911
1956 -2711
1497 -2755
1692 -2584
1752 -2539
1981 -2814
2060 -2444
2002 -2803
2104 -3095
2096 -3095
2428 -2586
2244 -2660
1883 -2936
2118 -2906
2078 -2552
1669 -2635
1505 -2728
1995 -2502
1875 -2401
2239 -2430
2295 -1978
2386 -2229
2388 -2026
2175 -2187
2238 -2374
2288 -2745
2585 -2739
2440 -2746
2365 -2584
2560 -2295
2487 -1858
2024 -2246
2254 -2377
2307 -2446
2432 -2374
2676 -2307
2810 -2148
2458 -2439
2565 -2483
2260 -1822
2050 -1948
2397 -1955
2434 -1851
87 -567
105 -660
265 -398
74 -570
310 -156
34 147
-66 -76
-123 -183
189 -78
633 99
817 88
674 187
506 -283
973 -499
719 -292
465 -567
560 -205
282 -201
667 -383
798 338
201 395
254 -271
747 -205
585 286
440 -42
621 -156
548 -105
533 -132
505 86
234 269
417 121
693 201
366 -32
-154 -281
57 -70
33 375
228 243
81 223
477 105
453 639
268 254
808 -143
792 -85
588 168
681 444
736 502
432 85
249 -220
134 -271
303 -221
403 99
-69 35
108 -461
605 -383
368 -110
395 264
127 540
457 -16
658 -119
578 -375
449 77
352 105
427 47
485 -132
-840 273
-782 346
-1057 -39
-1002 -202
-905 -2
-1140 -64
-1200 27
-1351 163
-879 -88
-921 49
-1330 -423
-1449 -101
-1616 -2
-1489 -486
-1162 -490
-1074 -278
-727 -222
-1065 -392
-1129 -775
-950 -924
-884 -702
-968 -685
-1046 -655
-1188 -28
-1334 53
-617 -377
-358 -482
-500 -598
-568 -688
-755 -617
-663 -575
-360 -643
-125 -664
-321 -510
-339 -552
-325 -578
-576 -761
-551 -1059
-420 -1158
-639 -718
-832 -671
-379 -615
-323 -773
-237 -974
-85 -1216
-191 -1084
-472 -1098
-164 -1402
17 -1627
191 -1218
-435 -799
-695 -1655
-392 -1481
-120 -787
74 -547
232 -745
344 -976
419 -855
328 -1054
783 -1176
400 -892
226 -1244
547 -980
389 -923
-92 -509
-411 -332
-220 -346
-203 -144
-179 -326
-291 153
-740 185
-482 -171
-23 -81
-88 66
-108 -385
-50 -256
-329 -105
-165 -165
-388 -296
-397 -449
-477 -218
-486 -332
-235 -452
103 -120
-231 347
-88 330
125 53
319 -239
364 84
89 2
13 -310
56 -202
260 -179
492 -43
427 -212
495 -110
434 -149
331 -20
-43 -208
18 -8
-360 -102
-448 -527
-237 -172
67 126
447 89
355 -244
515 99
-40 262
80 -365
565 -50
142 -71
267 -334
194 66
418 -117
252 -211
-112 -434
14 -206
-96 12
210 -109
479 27
181 -3
-93 297
-430 102
118 -298
-181 -48
-471 123
-151 320
345 600
165 166
83 594
108 336
97 130
-23 -16
-86 91
-646 337
-483 603
-55 722
91 378
95 185
-72 458
6 306
84 340
-16 282
-195 399
99 314
530 201
674 176
441 237
484 -263
350 -129
-149 10
-233 -112
36 -22
-266 137
106 -207
-272 -132
-897 -607
-665 -276
-315 -103
-165 151
-474 6
114 188
140 106
250 -28
-241 334
-301 120
-21 -71
-13 -367
-207 -23
-674 -64
-221 -290
-147 -35
-343 167
-174 218
149 -352
170 -591
-288 -422
-679 -367
-362 -305
-387 239
-137 -337
4 -113
-484 -172
-29 -220
46 71
-378 11
-314 127
-379 396
-14 372
406 353
454 168
143 225
-8 97
66 168
-445 -148
-238 -443
-144 -138
-374 -243
-252 -491
30 44
-133 233
4 -86
155 -80
-100 197
19 72
154 269
170 -48
404 -469
294 -642
139 -311
150 -144
130 242
126 96
344 -35
442 -196
538 -125
570 -320
204 -304
140 -315
400 -169
242 91
21 19
-21 -95
248 -2
424 141
393 98
110 26
409 142
480 -79
517 73
420 41
598 312
251 101
612 155
286 344
238 -90
238 -37
-250 11
47 32
563 534
504 906
235 527
420 102
117 283
-179 262
-38 411
78 439
-15 254
-84 -66
136 278
68 634
210 929
-3 460
426 0
379 221
235 203
-208 145
-363 21
-136 -15
-88 35
-303 -21
-297 -73
-532 134
-404 -172
-138 -155
60 127
-246 192
-142 -222
148 6
389 -22
244 182
305 -182
240 -518
133 -1018
623 -489
-152 16
-503 -819
69 -481
21 215
-278 -5
-263 -195
-133 -410
373 -333
-36 41
-57 -66
190 9
283 183
79 248
303 62
334 -30
624 245
158 384
404 -536
422 -319
-234 -483
497 140
246 523
343 -269
380 -56
358 131
269 124
-33 -250
47 -273
-5 187
-390 108
-302 305
-563 434
-208 333
77 461
32 361
298 -45
485 374
-227 695
-350 -3
356 51
171 505
-391 452
-225 477
-279 214
11 -380
-14 15
-64 479
-82 695
23 823
192 279
-135 -112
-378 -180
-265 -18
-221 32
-140 390
39 589
279 96
435 -67
116 -139
-22 -248
-123 -485
50 -534
-239 -256
-503 -63
-119 84
-233 118
-253 -490
184 -524
200 112
-335 84
-229 90
-632 -111
-85 81
-381 488
-176 62
17 -11
98 129
-301 83
-537 -226
-439 -273
-54 61
47 104
13 -219
-364 -337
-212 -240
-129 5
-98 -178
-118 -149
-160 -99
-397 89
-487 168
-498 62
-378 97
-223 8
88 141
-151 120
-328 207
-658 -309
-226 -412
-283 -72
-245 -166
-201 -25
-237 366
-403 277
-450 348
-641 199
-95 70
-26 497
-527 349
619 -1016
817 -308
446 -463
-149 -1039
-603 -780
494 -606
-273 -980
409 -1987
259 -924
627 -1770
1163 999
222 -1187
202 481
135 -541
-104 -562
469 -757
1652 -993
984 -1035
-1380 567
331 -1303
1287 7
242 -147
-182 -1884
677 -1437
-562 -856
1320 -820
466 -465
-596 -1193
1566 -204
430 -1513
-475 411
-220 -392
497 -980
855 -1602
-318 168
956 -1596
882 -1881
1250 47
-197 -44
1020 -738
-800 161
335 -1088
352 -207
28 -1643
1228 -439
1332 -528
1142 481
-64 -92
363 -772
-68 -740
203 568
798 -1975
1656 -814
662 -211
818 76
-475 -779
304 344
380 -1266
780 -806
-156 -356
233 -2314
1148 10
556 -879
96 -503
2448 -296
2171 961
1071 -197
2169 284
229 -398
2098 202
2690 -591
1994 469
2319 1870
1635 1524
1735 957
2378 -232
3126 1202
1518 1040
1923 -396
2254 1110
1151 99
2646 1000
1847 1114
624 -525
3195 192
2745 1368
1010 1595
1935 274
1912 1402
1706 1839
1595 1449
1534 1655
1229 947
1430 715
1724 2107
1356 996
2365 908
2015 531
-243 1910
2119 866
620 1094
2292 1185
330 2829
733 1389
1854 2615
1260 2812
1012 1287
159 1293
240 2081
870 1182
1300 1270
1507 1352
1052 1523
439 2056
721 1131
1539 893
1152 2574
715 2593
479 1235
-237 1863
2032 847
859 2898
1209 1855
195 1911
-702 1331
1057 2694
574 1509
202 3079
-969 1686
-375 828
315 877
-1002 1688
-465 1278
47 703
-1075 1140
268 1065
-669 1529
-280 254
193 537
-1071 -91
635 1277
1266 362
-1658 1001
161 1854
-1115 359
490 546
-199 880
-833 1303
-891 442
-1190 1035
-925 437
-2191 -356
-81 1617
-394 1393
-1105 255
-688 603
-1013 647
-886 469
-1184 1384
-883 1243
-1683 674
-1019 -82
-646 560
-344 -38
-352 21
-330 649
-82 290
-1595 -673
-474 634
-641 -14
-453 321
-735 -250
-610 496
-858 -720
-902 -132
-532 1167
-978 -457
-3488 -199
175 -1403
160 302
-2061 384
-2108 367
-720 -693
-813 158
-553 309
-1495 -297
-192 -35
-797 -567
-745 -1988
-545 -387
-1824 -949
-1164 -866
-538 178
477 -573
-520 893
738 -440
340 -215
-216 -804
1140 -260
523 306
380 98
380 -1077
476 186
-253 -933
672 -44
779 540
1410 -286
-303 1245
1197 70
854 436
865 1383
-277 -44
0 -540
5 1307
1125 343
-33 884
-277 758
1158 161
248 483
103 741
55 1077
-952 -124
232 -183
-765 -713
357 479
-41 -1492
179 -601
-230 -686
1290 -620
828 536
-740 431
477 1196
100 -284
586 -216
-1487 -224
1457 -914
829 385
-1106 115
1368 -790
-989 473
-186 429
7 566
359 -671
-305 287
-912 486
225 26
-273 1234
-239 559
-51 -765
-702 -708
1525 95
-689 321
-60 -615
-708 8
61 1613
8 28
-1769 371
-95 -200
729 170
12 184
260 164
-490 -192
-83 -954
-1180 810
680 824
688 -550
-706 480
392 -269
-273 1002
169 -87
-637 -253
-507 -419
-273 1206
-346 1013
-1384 170
-423 -245
150 814
-1103 -1667
-372 -596
836 88
-1260 -44
368 -434
-748 493
331 -1557
142 -90
-986 675
542 1448
-795 -530
327 786
-1080 556
985 -184
-484 -889
-133 -1485
376 18
354 -588
-203 -157
-1114 -1527
1081 -11
288 1183
201 -161
155 -158
416 120
1647 445
-644 -1214
-516 -296
509 -211
-1006 869
-37 -546
419 1150
-725 -1508
477 -9
-492 731
-530 -1153
-43 -412
-1024 -277
-178 -718
-969 248
501 -38
435 -682
-185 -878
250 515
-200 -597
1340 -814
-1010 916
-349 -169
510 -555
-218 852
-1229 -453
-1 -252
117 56
-839 -201
-601 -927
-99 -158
-576 -1584
468 394
437 431
-1204 -428
-1178 -231
-391 449
-1192 -1160
595 941
545 -850
-498 216
120 -354
-197 -771
392 -823
-532 -33
-439 -246
-319 -1848
8 -290
578 -347
-1011 132
419 450
215 -1259
-30 -165
-121 693
797 -46
-1013 -533
868 1196
-787 -1179
407 602
-449 -490
590 -839
634 901
-32 -705
453 2
-325 1740
-490 556
56 -164
1570 -53
535 289
911 -356
849 485
192 480
737 353
1188 168
732 1177
-729 421
108 452
-409 -417
2068 591
-277 676
-445 10
5 -550
-1090 -1232
13 789
667 -622
-1277 -45
312 -493
-602 -1290
81 -189
635 546
-966 -276
-754 422
699 -1138
-758 665
-393 118
-606 -147
-583 -864
27 863
771 -855
-474 552
-2003 425
554 -2088
447 647
-837 -276
-383 -1096
1163 -605
49 -928
698 1206
-19 172
-416 -1501
282 691
256 -512
-870 -642
1126 82
-246 279
508 54
-495 -893
1478 -720
1041 1633
-365 -1224
679 840
-1878 925
1600 -679
758 220
-808 -557
-346 704
385 -870
443 -106
-352 675
-606 -211
731 17
-513 -258
1072 785
39 1311
212 745
725 -59
15 1114
-1242 -386
-163 -1131
1485 1535
-993 867
-887 -208
237 -1090
-1199 151
1983 226
-484 375
-1113 1084
-158 -604
-1056 -671
1019 -620
1310 -463
248 -868
-195 431
237 984
297 96
-764 -476
465 66
1081 -213
-898 -610
1096 218
227 -93
279 1052
213 227
-495 -769
-356 883
-570 969
753 -502
956 1401
-876 956
-1507 -672
883 -587
-880 -800
1786 368
-2041 569
1155 214
632 637
387 455
-199 27
793 -1268
801 59
760 498
-372 658
487 289
406 -581
2 -560
-723 1144
235 -143
-32 416
-198 -177
-576 -494
-219 -793
-439 -246
261 -73
-966 -338
-329 1119
-749 -381
501 -241
-133 -297
1055 731
-1017 1018
127 940
168 608
-833 -133
-274 -353
859 6
-730 -635
1185 766
-56 783
-492 -847
1050 -641
-1714 -478
-3821 -188
-4542 361
-2603 2262
-479 1624
-2431 -921
-1963 -51
-2950 1246
-1423 258
-1337 2079
-3084 -2580
-3069 1242
-2053 -1139
-3191 -69
-2001 205
-1806 -169
-3091 718
-3134 -55
-459 -2420
-4715 520
-3783 -1971
-2617 -2628
-2205 758
-2112 232
-798 -1612
-5497 -463
-3286 -1805
-1438 -2095
-4853 -1787
-4493 1768
-1787 -1340
-3492 -1173
-2435 -475
-3251 1861
-1206 -1901
-3951 295
-2610 1827
-2399 -2729
-1361 -2024
-4037 -294
116 -1550
-3794 -1342
-2821 -1829
-1127 160
-3834 -1882
-4262 -399
-2746 -1966
-1634 -1699
-2423 113
-1563 1505
-992 -3492
-2027 -142
-2389 -1267
-1820 -1833
-2815 -2514
-367 -13
-2477 -2635
-2853 -923
-3211 -92
62 -820
-1226 707
-1869 -3873
-2366 -1527
-1439 -1312
-8 1906
-28 -844
1298 1662
224 1176
2348 1557
471 695
44 2407
747 988
-1096 -681
335 -1017
-327 943
-243 2790
-1016 -160
-877 469
-506 4799
45 1052
282 3549
-278 1573
173 1530
1408 1874
-2522 556
-1210 1114
1075 980
-1416 -157
-1469 808
-1765 1379
231 1737
-409 820
-58 1646
329 1183
-1884 -382
-849 2294
-1462 2270
493 2250
2821 -410
-1546 1781
2209 -26
-4070 893
1187 -1527
-670 -205
-395 -82
-1695 -293
93 2590
397 763
-321 -1062
-3095 828
-918 2894
-1423 2074
-1024 2527
62 1611
-1190 2432
733 2364
-1118 1064
-2426 1451
655 3323
729 -169
-3061 1730
-1903 -937
-2884 1606
-465 1023
256 2188
-1600 -506
-1412 1384
-1361 429
991 -2169
-1612 -207
-1391 1587
1826 -475
-776 -96
-1025 904
2011 107
463 -1868
-534 -846
-463 436
269 1403
1858 2054
737 -1220
-2225 -157
1132 265
-1868 -2013
667 -228
-1618 -145
284 -255
84 -533
99 -83
820 -1109
437 559
2857 -547
-728 -3822
-1129 -1684
238 -508
-1871 -445
170 235
1103 -229
1011 -2229
-402 -1705
161 -1271
330 1524
168 -1617
-1653 589
-82 315
-342 261
-1117 193
2311 -331
1079 -1546
-588 -1216
-107 -1582
215 -197
-1165 -390
782 566
995 -480
-607 -2331
200 1935
4012 -432
-1837 2159
162 470
2550 77
3003 -2538
-388 80
-120 -1919
-685 -60
1026 -512
222 -320
-863 281
975 372
272 -309
959 -415
-25 427
181 1055
-630 2735
1617 -1066
-415 1945
47 1441
1024 176
-321 -776
1404 465
-484 -743
53 146
-2095 35
5 3275
-115 693
-274 -1040
-2895 1227
3332 -40
0 425
-8 664
34 -1460
0 -484
-66 -60
-479 -4118
-2609 583
-859 -10
395 -896
-1330 89
797 326
281 -545
-88 -1781
1820 45
-1586 63
115 2262
-987 -481
479 1485
467 443
110 606
-288 1010
-774 1
2837 1017
-699 -3366
76 6
-1639 411
2374 -150
-1515 541
-886 -286
1760 -1694
-3580 835
965 175
489 -1155
-702 -815
-1197 1425
1772 -5
772 -411
303 1082
631 -1362
-929 -800
276 1835
2504 -186
-1553 -1467
402 523
-108 855
1902 1226
1432 -3008
-389 -1185
2511 -1225
-150 35
-1352 -667
515 203
267 605
1268 -91
2005 983
1881 -1656
-359 -1595
-2257 526
588 -146
-1674 107
529 -1624
-410 -429
931 -805
686 803
-1152 -2751
-2110 -1428
1025 113
-1346 897
-2319 -438
1151 2780
163 616
-2572 -161
1515 481
-829 -565
225 -345
-1013 2950
1171 2449
3205 -337
-2149 -2287
1783 1159
445 -1231
1363 -1158
-1412 45
603 293
353 196
-125 -2199
-1261 160
-491 -47
1321 3330
-1184 675
-588 -818
1322 1109
1110 -1151
855 -1349
-3800 -1868
573 2861
116 596
462 1253
2531 -648
1103 -977
-1228 -1303
1475 3431
-37 -47
529 -2324
-315 1728
168 -414
2780 -232
527 -1497
802 -1775
-2749 -250
-1328 -20
-209 310
-532 -2146
342 -732
-1829 649
1351 -1610
604 1489
441 909
615 -1505
1628 -129
-314 -1320
-767 -693
631 233
2623 629
-349 -1290
-260 920
-2961 -1172
-2623 -87
952 1305
-75 1175
-225 -1536
1361 1903
-1235 -2576
-1032 638
371 -1087
-1259 -1496
-1461 1480
-1193 476
1675 -596
-402 -939
23 2636
941 -982
-1025 -140
1935 -14
-133 -2479
-1056 1448
1051 -7
-432 -2521
-2007 433
1080 512
-1705 -2675
470 731
-629 -1262
912 1696
-1381 -44
-1127 -921
953 2108
-47 717
683 -1763
-449 -924
718 -1504
-2031 -843
-981 1148
-21 965
1145 -1205
1833 -845
-453 -443
-916 1060
571 -1337
1636 372
1116 -1211
1007 -537
-3331 -875
89 -263
53 -224
-309 1418
1004 940
332 -1306
-1308 451
1150 -2059
-274 609
1239 2456
116 -1793
-1228 -822
1562 1169
-289 -2120
-1329 348
1033 -1288
-400 -1615
-1168 -658
-258 -262
-1817 -1363
-1668 2530
453 588
869 -379
-747 2406
1458 892
1500 1000
703 -492
-769 -1245
60 1589
-144 -1477
-681 -231
2379 1197
-981 -1784
284 -442
870 -428
-2372 -1536
1106 -396
453 323
881 979
-2004 -359
-1635 -1622
655 3142
836 167
3077 -1421
-1171 625
-959 -313
766 1380
104 -1733
-429 2262
-62 984
969 8
1229 1072
767 1193
991 968
-942 -15
1292 -942
1132 -677
14 -829
-870 -1434
364 -1017
-279 966
-1959 -978
561 -1551
773 -872
1079 1432
2604 -886
-4155 -411
476 849
361 -1295
1114 383
2723 -923
-1397 -1281
-3180 -820
-724 1814
380 167
108 -1015
1104 728
2821 -587
-1162 -1738
-2664 -621
131 1437
-2760 1503
661 -70
-198 471
686 1838
1073 1749
1454 -1591
1280 -942
-164 1676
-736 -1533
1418 -44
2862 945
-540 218
1622 1812
-2320 -444
3394 -937
-693 697
582 -1377
-639 -193
2410 -1355
-297 2299
-415 989
1057 1078
505 -2737
-699 -201
-402 825
79 1496
957 -1278
-779 1131
-27 -233
827 150
1161 778
576 1039
2138 -111
-330 -637
1625 238
51 -1683
682 1876
-298 484
529 -1114
-1039 366
1142 1305
1147 201
845 -248
2417 1107
1002 -330
-671 -1529
1840 972
-498 -887
750 -1695
1853 7
-512 -1426
-348 2426
3388 1097
6160 -915
2996 -2352
-1049 -2685
612 3287
2594 2042
1635 -474
-1954 570
-1210 -387
561 1219
419 -455
716 1941
2774 448
-421 462
-562 1886
-187 -280
1061 2324
-5 2061
4002 288
644 2932
1963 4250
1127 1507
181 1813
-669 3494
4502 2024
2864 1753
-39 5023
2630 1392
3496 -2468
-548 1373
4056 2504
2091 898
1566 -2755
-1977 1786
1796 2358
-236 -1733
-2957 3071
-985 2431
2771 923
-3091 1899
4716 4297
2492 3765
62 1422
2336 2303
2794 -303
1254 2149
2460 862
1646 504
2532 -2887
-204 2720
-320 2089
371 1812
-818 1339
2536 2354
-194 20
2588 2207
2736 1614
3021 535
-1528 443
-228 162
-1681 5769
940 3802
850 2074
-2216 -2900
-1705 -75
-1851 -2179
-1749 -1212
-1346 -1404
-2301 -1621
-2412 -858
-2045 -2154
-410 -1458
-1297 163
917 -145
70 -3016
-353 -1091
1915 -721
582 -6879
-1641 -1578
86 -4855
-722 -2143
-1115 -3165
163 -394
2434 167
678 -2410
-780 -4487
1264 1027
2253 -2465
2051 -5380
-991 -3786
1218 -2446
1083 -3501
-1338 -2045
1850 -332
1620 -1917
2559 -3077
-1878 -4849
-3883 750
2660 -1456
-1444 314
5226 -1527
-92 -213
3238 774
-27 -3335
3640 -1423
694 -4552
2139 -1745
2731 225
6993 -1497
1486 -5032
736 -4010
225 -2928
1319 -1715
3520 -1567
-1591 -2466
3380 -3433
3660 -5274
-1029 -5159
296 842
2752 -1637
3129 813
5095 -1558
2109 -1743
1326 -3175
1895 -611
2239 -2104
3057 -3274
-1372 2530
2376 1653
1779 -2035
-3010 -1099
645 -704
-190 -1603
-2739 -297
-2700 2492
-876 363
541 415
-3281 -2116
-3915 -3165
-4940 1743
-290 1851
-2529 -1408
125 2174
489 3337
1391 -148
-2801 -1173
-154 192
-344 634
-1772 -445
-1065 -888
-4681 1481
-1356 6194
1305 1580
-1105 1391
2773 -678
1125 -608
-949 102
-541 1309
1544 -17
1164 850
-1640 -2882
-1642 1970
1177 -1360
-577 -324
-861 -2669
-264 -1675
-3845 1114
-2247 1080
-251 1652
-204 2176
-612 285
1901 -825
-1576 -1353
-1930 -763
910 573
138 -4468
-3236 -616
1279 -3583
-2572 -3826
-3495 -3030
-3184 4182
893 209
1177 2042
1297 -3781
498 -494
-658 -1132
1682 -1508
-1041 1190
-515 -487
980 -536
2389 -767
-445 -2745
894 -3593
-2537 811
-943 -3038
-919 -2167
-1688 965
-1528 1998
-3933 -730
660 1585
-1168 1328
2098 -102
192 -3279
-1705 -291
-412 1453
2248 -2732
-6514 -2098
-1522 -1015
-2438 -3394
-2489 -23
-1306 1820
87 1389
539 6032
2553 -484
1377 -1445
-112 1931
1865 196
-2054 -1040
17 -282
320 2112
911 602
2713 817
859 -2118
2396 1666
1249 239
-848 78
731 832
-1400 -818
-1143 -1833
-3992 -2213
148 5067
787 2519
3341 -204
-1183 -179
434 1648
154 -497
-758 3026
3920 -759
-586 -435
265 583
1670 1015
2729 -1877
-2294 -2236
484 -354
-2013 -1536
-208 873
3520 -1283
-552 -2536
-5002 1593
172 2875
82 -972
-344 176
-2348 -956
-3634 2781
-113 2447
-1448 1176
147 902
-64 1134
-1696 -940
-224 -1937
-1058 -948
-5167 -812
-2751 1672
-603 3300
2507 -628
-1041 439
2310 1231
-826 624
643 2098
227 2512
-809 -1108
1735 3067
5502 1063
876 -1092
2957 -2448
5859 -1526
-331 -3251
-420 -1096
1702 -630
-746 -1026
1343 2162
1025 -513
1666 -3068
-902 -4702
-5043 -1941
2206 1577
-1495 -2379
-1407 1392
609 1286
1587 810
-226 -337
19 1331
-297 3664
835 76
1141 42
-1337 -3824
-759 -1077
560 169
-1876 -2437
-2125 1480
-1762 2234
5138 2069
20 -4222
315 -12
-1688 -1583
-2389 -1356
-2773 2289
1162 1974
-374 -3622
-1244 585
17 3818
1051 -621
-11 2118
-2336 2031
528 4472
-23 2185
3636 2618
2338 1997
1631 738
388 2256
-359 1875
811 185
-1731 1299
974 663
321 -387
-567 673
-1453 821
-21 4058
1675 2316
268 272
-3566 1083
1099 3988
2240 2055
3400 2275
4367 -1323
-302 -1361
1005 -1159
-25 2577
-1368 -710
845 3114
-158 742
674 1012
1649 2150
1909 -2716
-30 -350
-2307 276
1033 2119
594 -405
-889 3110
2039 -1312
-1509 -368
629 3194
2107 -1376
-2378 -402
1843 3065
3487 -1981
-220 -1089
644 1533
712 583
459 830
-240 -2704
2728 372
1220 -1335
-1509 -2562
-632 -2422
-341 -1158
2341 401
-1673 1572
1050 1677
1187 -2651
-478 -2402
-3520 687
-2630 283
1136 484
1205 -2233
-1678 -229
-1510 -722
-641 2371
999 2386
4088 -94
461 -913
2063 1424
1647 -1116
41 -1779
-1611 1127
-374 -1196
-472 3782
77 563
-1669 -2199
-508 3735
55 791
-701 -1988
1326 4366
2643 1232
-1241 323
1378 2529
3438 1284
564 1187
3722 1390
3020 -3168
-337 -3167
3150 -58
66 -2486
-4544 -3283
-1776 -798
-380 3094
-1082 2652
-301 -1687
-1419 980
1634 -614
-4313 -438
495 2662
170 2244
-550 661
1443 2262
-1918 872
-434 193
281 606
1776 1501
3860 -178
39 -5535
-2808 -1497
-1815 843
50 605
2318 734
1757 -1867
1122 2580
1467 -1839
1250 -1055
-1003 -2458
-2063 -2059
-3438 -1558
-1711 -45
-1146 234
-1472 1650
-796 1081
653 1335
2066 -1235
794 1393
78 66
73 -748
-273 590
1370 2377
-2680 -220
-2227 1642
4293 1118
-296 -2382
589 527
-1740 485
-3097 3973
-482 4949
3898 2782
1630 -2846
-1085 -1000
-794 723
-3405 -1730
-4588 3702
1295 3691
4146 2632
-304 -913
3899 -2004
-1908 -1096
-693 -2804
-2186 -3689
688 -1677
-1680 -450
-1589 -241
-86 -2885
-985 258
505 -2411
-2907 -689
-233 176
-1959 -2020
328 682
-1757 1128
-1060 -2326
-1665 1078
562 -655
-3780 1777
-1535 -2702
-820 -1195
-4028 -3426
-698 3835
334 -294
8 -461
-278 -1796
-1677 -1003
-58 -1006
-473 -219
-1364 883
-1810 -32
-773 704
-2995 2177
1057 1399
-1591 1780
1004 1833
737 -1512
-1116 156
-1318 2125
-649 -1468
-1054 -4452
-3507 -1800
-1543 -256
-2798 -2637
-1391 1407
-1220 2162
-2316 -537
-1901 1137
-1613 1930
-2846 2591
-1703 3755
