1581 -480
-2745 377
1986 -2298
2424 761
2030 -523
892 -891
973 -2849
-322 -1387
489 1041
-880 523
912 -1202
-1322 163
1734 862
-1469 -1485
87 -567
224 414
2300 136
1262 -2109
-1366 544
-1815 -327
482 158
-644 221
-840 273
-1204 254
970 -815
-42 -738
769 -70
-545 231
884 -337
-281 6
-92 -509
282 -317
387 245
-252 -89
-238 212
-380 -52
-35 121
-28 225
165 166
-138 -109
-46 -416
-225 -706
38 86
56 -326
84 -146
-90 274
-8 97
-210 -32
235 -146
-487 132
-110 277
-146 96
303 25
-68 17
-208 145
-186 155
-126 46
-157 -31
-357 -68
164 -112
0 223
-250 -5
-14 15
506 95
1112 -380
-2702 341
2226 -2340
2413 1111
2178 -259
1476 -264
869 -3218
-389 -1829
806 1535
-1387 485
1789 -796
-1019 225
1385 1134
-861 -1603
189 -78
-500 -796
2412 647
1583 -1314
-675 218
-1495 -991
146 -88
-39 57
-879 -88
-685 -328
616 350
727 -1170
334 -129
-597 -441
328 337
-239 499
-23 -81
708 480
357 292
86 -180
-47 -332
-274 56
409 283
194 326
-55 722
-25 -427
381 73
1 538
132 -100
99 208
-158 -161
-133 62
-133 233
138 -302
270 -67
-925 -139
-49 251
150 82
-350 -280
-164 408
-138 -155
261 619
12 126
-614 -54
-72 23
112 -273
-130 -44
123 -124
-221 32
70 287
1543 -596
-3174 411
1696 -1907
2356 1035
1950 102
1285 -773
1318 -3080
-373 -1162
258 1458
-717 -76
1647 -746
-1601 -30
2129 895
-493 -1646
560 -205
-622 -781
2103 1477
2152 -902
-862 -67
-1030 -1081
-399 604
-286 -284
-727 -222
-777 309
864 556
272 138
387 -503
-175 -427
748 12
-351 290
-477 -218
-387 -225
-441 -144
345 -272
74 213
248 -126
262 208
839 242
99 314
-107 -173
194 -235
222 306
57 -151
14 168
-349 -444
-432 216
294 -642
386 -456
10 247
75 48
-111 -91
67 189
16 -573
-380 -5
240 -518
114 83
-44 25
-109 243
-460 142
-221 42
-211 510
274 -299
50 -534
-505 0
1404 -444
-2772 404
1648 -1627
2036 1239
1706 583
833 -586
1692 -2584
223 -1399
-339 1507
-621 -16
1485 -809
-1080 -26
1505 1244
-369 -1596
440 -42
-267 -521
1378 2011
2040 -201
-954 -146
-1629 -920
-64 478
-595 -499
-1334 53
-966 -323
606 1085
206 98
369 -392
-638 -463
132 95
-265 413
364 84
-31 -362
61 -80
-503 455
118 -28
158 6
479 234
144 -91
36 -22
286 153
-72 -361
50 -359
-350 -85
583 290
-240 -234
8 -105
570 -320
389 -513
-131 -173
251 -134
-108 242
-82 -81
219 -470
116 195
-263 -195
134 -372
-37 -278
-47 -107
267 -100
437 60
90 46
-353 -48
-335 84
-82 -177
1631 -658
-2576 525
2067 -1971
2400 1623
1928 403
1029 -453
2244 -2660
199 -1963
-364 1121
-700 -480
1526 68
-561 38
1777 1531
111 -897
366 -32
150 -50
503 1756
1411 -26
-1191 129
-1052 -1225
-535 449
219 -348
-125 -664
-737 -1021
48 311
907 -19
-224 -165
47 -122
478 223
-341 60
434 -149
-309 139
461 303
46 -108
-25 12
96 158
-254 -525
-4 554
-474 6
22 -598
194 -82
119 -420
288 63
402 185
-139 -228
92 -181
424 141
360 213
60 265
196 -294
-238 -104
143 -146
195 -261
-9 -70
303 62
-56 21
-152 271
140 121
-118 -54
-227 354
-192 266
-1 294
-301 83
547 166
1525 -24
-2921 280
1717 -1619
2089 1572
1583 468
1811 -1140
2239 -2430
483 -1716
-510 1766
-1236 -288
1758 -722
-1123 -172
1595 1504
-34 -1556
268 254
-30 -282
544 2194
1854 134
-798 -507
-799 -1836
129 629
260 -572
-832 -671
-1070 -390
165 656
526 507
308 271
189 -132
378 126
-383 -232
447 89
-29 -187
-515 55
107 484
-21 -125
228 -81
-85 -72
-28 135
-207 -23
-120 -22
45 28
140 -29
255 -173
408 -51
560 -153
293 -67
251 101
338 148
-690 123
24 -374
458 -434
251 -245
-138 -11
-18 -201
246 523
98 386
19 127
-185 -377
-323 -173
120 296
-317 18
-225 34
-129 5
-110 -125
1749 -514
-2839 -247
1915 -1857
1773 840
1845 68
1292 -363
2440 -2746
420 -2020
-699 938
-773 -587
1798 -516
-1406 -569
1018 2048
-68 -2000
134 -271
-256 -248
-30 1595
1837 628
-1281 -860
-52 -1879
-206 -433
267 -548
17 -1627
-569 -1129
-911 427
182 386
83 224
-299 -464
-107 176
-79 419
194 66
-137 -603
13 -819
75 88
38 575
-320 146
226 221
194 266
-288 -422
29 54
-132 34
607 -53
67 -396
34 442
198 311
44 149
504 906
167 291
-212 376
131 483
700 165
437 -460
172 162
31 28
-390 108
-392 -348
381 -204
-26 -53
88 -80
-222 5
-36 -299
-227 35
-223 8
53 112
1662 -520
-2303 -23
1869 -1541
2035 1812
1769 728
1428 -339
2676 -2307
1320 -1428
-397 1333
-1569 -666
1644 898
-996 -718
641 1975
688 -1995
127 540
96 -23
485 1864
1328 962
-975 -1497
339 -1710
-531 -295
-332 -60
344 -976
134 -811
-444 458
60 959
-298 158
431 -501
-870 -110
-712 -322
181 -3
-151 -123
200 -186
-239 15
290 21
183 221
109 279
10 139
46 71
25 229
-29 39
270 -138
-487 88
51 190
425 193
168 -255
-84 -66
-101 411
-20 -400
653 147
71 -60
35 -309
44 193
-218 167
-227 695
-115 -301
-109 64
-213 85
-250 67
114 -258
-162 100
37 104
-201 -25
196 48
-4000 41
-1565 -2441
4964 80
-616 443
3663 -636
2323 -1084
619 -1016
-2056 1641
-561 1312
3655 -1402
-360 451
-881 -2667
-431 1547
-336 895
2448 -296
-429 -1166
-1221 501
1267 1217
1812 251
2802 -285
2051 1452
394 471
-969 1686
391 1802
-2195 1159
1321 -31
-1445 118
617 -1444
-777 1713
-281 -606
-538 178
-267 283
-65 772
19 -415
350 -206
1068 -41
293 -16
-71 486
-1769 371
800 822
-56 135
839 525
-103 -24
243 -121
-300 685
237 747
250 515
1345 -8
1225 265
-146 -289
-199 657
992 -1226
-1205 717
-59 125
-1090 -1232
323 -339
794 -383
1016 659
-828 -236
597 604
478 81
296 -770
-1113 1084
-715 -249
-4339 205
-1408 -2073
3382 -270
-1040 1580
2723 -375
2803 -986
259 -924
-2012 1617
-47 -71
2355 -768
-2185 735
98 -1629
-1346 1089
-466 1659
2319 1870
538 -212
-1374 712
1167 -476
1185 842
439 906
1048 1839
393 999
-669 1529
-259 501
-660 -782
-620 1211
-639 -5
390 260
-1038 476
347 -329
380 98
-815 -831
-472 -389
216 65
-74 301
929 -218
-1007 -529
1001 -388
680 824
251 -339
311 249
-550 -1543
-148 -19
-378 -127
806 -655
173 -307
-1 -252
-802 -273
-2025 -407
732 493
-134 -221
-364 528
478 -370
-698 -389
-966 -276
-389 176
-448 428
1335 1283
-134 -517
306 803
-1517 590
-116 739
297 96
-769 -1578
-3711 -384
-2268 -2214
3810 -302
-713 993
2311 -379
2910 -1407
1652 -993
-1544 393
-445 109
3553 -1425
-2406 -66
1427 -1449
-2024 1331
-919 208
1151 99
772 658
-228 -731
623 687
218 2093
1209 933
-215 2345
-142 408
-1115 359
888 839
-23 603
-592 552
-1796 -149
-217 103
267 -73
-191 432
1197 70
859 -726
286 -781
-1497 747
150 -219
-1116 446
-1414 67
-299 -652
-273 1206
770 -1065
-87 -928
-25 10
-1556 588
801 6
267 -693
-810 -519
-1204 -428
-320 864
248 813
-381 477
-1063 -38
-762 -483
120 633
-72 -598
771 -855
675 -642
-25 -1167
-1027 1305
755 -1334
-118 -1022
-201 -1479
-179 1777
213 227
378 -1345
-5356 -1835
-3366 -2925
6042 -492
-438 1443
1880 19
2413 -1089
-562 -856
-552 1418
-609 589
3201 -118
-934 431
1511 -2725
-1660 1290
-200 920
1912 1402
1460 1765
61 154
1540 1058
1669 1766
779 323
777 2923
1024 1807
-81 1617
-571 643
-282 -756
758 121
1053 494
831 167
587 1638
400 86
-277 758
764 494
565 1069
672 -813
-987 -533
-473 -568
-329 -607
1124 -1
-1260 -44
-440 -511
-907 -641
1323 126
-263 -468
-499 337
-40 989
-313 748
-197 -771
315 112
99 -94
-259 -434
-85 83
-247 -2128
1371 57
38 519
49 -928
60 453
432 -351
-1690 -617
-99 937
266 593
593 -789
-741 -379
883 -587
-366 363
-4492 1331
-2669 -2719
5123 185
-1268 436
3892 1453
2021 -745
497 -980
-1567 1252
-28 798
3114 24
-1590 -1706
402 -2139
-1791 -313
-596 -120
2365 908
-534 -452
950 -66
2896 1511
-439 1093
551 244
1633 1404
235 -1057
-1683 674
-833 853
-833 569
-616 1577
504 -827
359 -821
-483 784
-841 162
357 479
1280 -671
594 -1057
111 123
-842 391
447 998
-68 785
871 -768
327 786
1248 98
885 234
846 -953
-1216 -415
-240 613
-540 760
-734 -83
419 450
144 -891
1264 281
598 -552
-102 -29
637 -1159
-1177 263
541 682
-246 279
426 70
198 -1090
-232 -825
596 -639
1142 827
-1241 -682
684 -158
793 -1268
451 -864
-2463 -739
-249 -3711
3801 417
-608 1613
4444 1208
2503 1626
-800 161
-1991 -250
-1073 -75
3978 1092
-1472 -1243
1652 -1287
-1349 1158
665 2252
1854 2615
-652 436
1058 -66
1626 2484
-1522 459
-622 1487
64 1632
-1022 621
-474 634
259 -478
691 134
-35 1563
-121 -617
-205 252
284 -362
257 -875
100 -284
-481 -1173
243 1030
-240 -843
134 314
-462 27
-3 -547
-755 1333
-1114 -1527
-579 -1644
-914 1157
1190 47
224 -1017
-1850 589
-697 544
-1667 1291
407 602
-1216 671
198 -176
1196 -857
-905 -318
137 556
467 472
772 1075
1600 -679
191 -630
628 0
-122 618
-701 -116
261 307
-56 817
-79 -362
235 -143
717 190
-4073 -716
-324 -3413
5669 1232
-240 1944
2712 1151
2564 -307
363 -772
-1326 1480
76 -134
3376 1737
-2007 58
2218 -1301
-1913 180
-982 1759
1052 1523
424 -389
651 490
65 -434
-219 1104
24 1611
-1330 1809
240 856
-978 -457
367 959
1003 -225
-1052 1253
113 131
30 -227
-34 -492
262 383
-186 429
-280 1100
904 1221
-15 -791
-235 -1579
576 239
-1163 -841
190 -444
-516 -296
1411 762
820 50
-1015 475
489 177
-1172 655
-714 -719
-228 -1286
56 -164
-1076 1038
-1171 -383
379 66
429 70
-243 66
-1084 -273
100 173
731 17
-551 -81
413 -353
-336 188
-501 -631
-606 908
-570 777
215 57
-329 1119
-37 385
-3406 -94
-2657 -1390
5427 1484
-2336 154
2860 -1121
2755 -1670
304 344
-1652 -257
-1504 -456
5245 1073
-2100 -1170
1313 -1447
-443 -1256
-866 1863
2032 847
-882 -1047
170 -275
994 1878
-391 1286
-871 1467
-1982 3094
340 1625
-553 309
-255 157
-351 645
568 403
1316 -856
129 449
1333 287
465 -641
-51 -765
-114 117
-570 384
615 -284
481 -587
-1287 280
-1083 -51
-579 -45
-530 -1153
496 818
201 360
-435 293
566 455
-2004 342
38 -657
329 -430
732 1177
-260 -208
-543 183
-816 -429
765 896
414 668
411 142
-774 36
-163 -1131
681 -217
-1078 -662
-548 700
102 1070
-626 -712
121 576
681 -822
-833 -133
-665 50
553 694
-4627 -874
-196 -2748
753 1155
3958 3397
1107 45
-1714 -478
233 -3411
1412 -2254
-1871 -2432
2121 725
2033 4037
-214 -2666
2753 -700
-8 1906
-1337 1507
2323 -2635
-161 -1587
-264 1192
-2596 1075
-1167 -1230
12 -828
991 -2169
-357 -2796
2324 234
461 3162
803 -1001
474 309
-686 -2802
777 2252
181 1055
628 -945
-1861 -2484
-879 1041
953 -895
576 1117
250 26
619 -1449
2511 -1225
-2091 -1631
878 566
-598 -313
4 191
865 -412
307 1679
-1341 -1281
-532 -2146
-1632 -413
-1301 -47
-600 904
-944 -549
-705 2028
226 -735
403 827
1004 940
-369 635
-1360 -185
-1442 -1695
1888 67
-1193 -139
171 -646
-435 974
361 -1295
-1437 948
1811 1168
-4739 25
779 -1810
-1401 -1474
5053 3988
-545 -1789
-1423 258
2407 -3627
-671 -556
-401 -2355
4069 -1841
411 1781
1285 -254
532 -2301
-1096 -681
-1599 1172
3487 -2608
872 135
243 -911
899 -1204
1399 21
132 -1000
-534 -846
341 955
1549 1283
104 2525
-282 128
-1645 -480
618 -992
518 210
-484 -743
-278 128
77 1499
357 -354
1432 -73
561 -176
165 1021
-30 -1797
-359 -1595
1392 162
-1533 -924
374 -938
-1522 -296
838 -1826
-344 1896
-161 385
-314 -1320
745 1189
3303 287
1160 -516
460 -72
24 50
-842 -1094
1727 276
1562 1169
960 -1736
864 -1060
-1708 -2870
42 1467
-391 -109
2015 -2972
-313 -1385
1104 728
802 3029
-682 905
-1878 -374
2139 -1887
-1339 -52
5939 4117
629 1054
-3091 718
1195 -1831
1229 -564
-1592 -988
4531 927
552 619
-636 -1487
1015 -103
282 3549
-1462 665
1057 -692
-222 -1668
399 -358
-1101 245
4187 -1640
754 -1538
667 -228
-2548 -656
-706 -1816
683 -876
1465 142
-810 698
-1853 1051
844 -1915
0 425
-496 3375
425 1009
115 -900
523 -1443
1586 -370
1862 -639
-1568 246
-1152 -2751
256 2911
753 2049
-895 -2738
2650 -808
-981 -37
970 1553
2049 196
952 1305
-1543 -1504
-421 -185
-947 -1543
883 -202
529 555
967 -707
-116 290
-1668 2530
-1507 504
-214 1026
2784 -1422
810 1656
1228 2226
433 47
-392 -2396
686 1838
140 3159
1276 3711
-490 -900
-782 -2297
-1292 -1363
7319 3340
1451 1672
-798 -1612
-1103 -2371
2240 -1449
-878 -3294
3659 -672
-1805 2705
164 -1738
1542 -1177
-1469 808
-2858 -1703
861 -1127
128 -1703
-978 465
-706 451
29 -2694
-1581 -3374
-728 -3822
836 0
-866 -149
-385 1099
-3173 483
-837 -239
-1414 -3399
122 -1128
395 -896
-1367 -972
-2420 -1350
-998 347
1497 498
472 1865
290 274
-1983 751
1515 481
942 -1225
1059 2517
-1880 -462
558 1298
304 532
380 -1239
72 -1823
-1461 1480
-1982 127
222 1731
-195 317
249 -695
-729 3093
-2428 676
-237 -1027
60 1589
-858 -284
-1828 1162
1254 1441
166 261
260 381
-1840 1229
798 519
-540 218
547 -219
159 -898
-2486 -1233
-1991 -1169
514 -1247
3007 1562
2540 340
-2435 -475
2262 -2675
-27 -81
317 -3025
2924 3056
-1632 1585
232 -937
1139 -849
-1462 2270
-173 681
365 335
-2106 -964
1514 1999
-1152 1168
186 2280
-658 2663
161 -1271
650 1678
1000 21
-1223 -1520
796 1870
-1541 93
-362 -1453
2403 795
-987 -481
-1466 1197
-2814 1135
-1041 -673
2418 -277
-820 -2410
1458 484
-1477 681
445 -1231
-339 1390
-1518 111
-1075 2808
2636 -1102
-795 350
1980 -1028
1392 110
-133 -2479
-940 792
-2705 1420
-1176 1857
-32 -257
-2449 1597
3800 212
483 -780
1106 -396
-1116 1418
595 867
-122 1719
-605 1113
-2268 -2441
2715 1764
-493 336
-297 2299
-1827 745
-3319 292
-6424 1420
2122 -2698
-2121 -1588
2651 2625
-123 -1474
116 -1550
1980 -571
2077 -441
-583 -4630
2508 5072
-1517 1736
-1190 -2520
-204 -3777
-395 -82
985 342
374 -802
-167 -2232
1227 2733
2169 -196
92 -893
1231 106
1079 -1546
851 1362
-1531 -1140
-1203 -2061
-422 -26
287 -337
-942 -113
259 1966
76 6
1182 2472
1568 -1780
-1315 -870
609 -988
435 1232
1213 1176
1817 -2361
1321 3330
2652 2781
1577 -2389
-1276 1108
736 2562
2884 -1228
-666 -1414
2221 -1428
-629 -1262
680 94
-216 -436
-80 2013
-425 -309
-608 -830
-42 -332
-2279 -1724
-1171 625
-959 -989
-839 526
-183 174
1516 -917
-1523 -1023
1475 -1460
-893 807
-779 1131
-1230 -957
-1142 1147
-5445 2322
-60 -2591
-135 -872
4391 3404
145 -183
-2423 113
1196 -2131
2039 1010
-679 -4618
3829 2148
-1210 1471
900 -1533
3032 -551
-1024 2527
-195 1635
1208 -1672
1032 1699
-890 1862
105 -1280
1555 3156
-185 -2468
200 1935
-1511 -1087
511 263
534 -740
176 -596
131 83
327 -107
-399 -1181
489 -1155
-442 342
-1604 -400
-394 1938
854 410
-408 -69
1883 1616
-1766 -4
116 596
-360 -233
-162 356
2681 -27
258 546
960 -572
111 -237
536 1366
718 -1504
54 -3027
680 -346
87 -773
-1969 -1000
478 396
1497 912
-315 -1089
767 1193
2285 585
-1641 -367
1425 897
-181 713
1628 -742
855 -626
924 -974
51 -1683
1748 -1640
-184 1229
-2061 -1905
-537 -3646
1866 -990
5520 6602
268 2161
-2477 -2635
-129 726
1586 443
-1078 -1212
3259 289
-654 2424
-88 1651
1192 -1107
-3061 1730
1671 1147
-1215 1402
-262 -1426
-375 2393
1193 -2235
2116 -318
1933 -2088
-685 -60
-687 842
653 -1331
-2830 -781
-622 1773
-840 1344
-86 364
1055 788
276 1835
746 855
674 -856
-8 249
-501 843
419 -977
582 -1619
-424 84
-315 1728
338 -66
-847 -1207
-848 1944
-974 -1318
1259 42
179 889
-755 682
571 -1337
658 -941
-256 -1596
517 1824
-81 -2174
262 -946
-318 -1012
2022 -445
-279 966
-1013 -69
1431 1444
1035 -1095
-108 -1142
-62 1804
-294 -1452
-1189 982
2417 1107
1143 -132
-2953 -1470
3391 3088
3502 1251
-1565 -3576
3529 444
-1912 177
-348 2426
2583 658
-1508 2278
-3474 2020
3848 -4778
-2540 -1285
1198 3099
-2962 291
-2216 -2900
5993 2124
-215 1982
3160 -735
298 -532
2186 882
2497 -1017
-1055 -1737
-1372 2530
-13 3473
-759 -2288
-4022 -4681
-119 1792
-1225 869
3226 2728
-1166 -3488
-445 -2745
908 637
3763 3534
1268 303
-1905 2057
-2250 -1974
-1553 -135
-1024 758
-1448 1176
2320 138
-1726 -973
-618 -2465
-477 -200
-875 1584
844 -4551
348 1827
388 2256
79 1345
705 525
57 -1115
3171 329
-1601 -1298
2309 1305
1164 1074
41 -1779
65 -1715
1341 1401
611 3110
-782 977
1963 -78
-1517 836
535 -65
589 527
3691 -858
-4186 -4504
5002 982
1555 -1208
2738 -653
3400 893
1664 4357
-1954 570
-1970 -661
423 3368
-1774 707
3776 -832
404 1341
-960 314
-353 1345
-410 -1458
3060 253
-986 2593
1269 -308
885 2421
-845 2286
406 -2226
-1682 -725
-876 363
625 -992
-2954 974
-15 -7106
-431 -1382
695 -1092
608 445
-1647 529
660 1585
1359 2088
1713 -1565
-1643 -660
-3344 -1084
-2311 -709
2388 -781
-1700 3334
-603 3300
-933 -37
276 1938
1423 4279
2339 2000
-1059 3081
-1091 -1850
-37 -129
-21 4058
485 -1067
-2117 -256
-2484 1575
170 2746
2183 -1254
-238 2456
-1703 -184
-701 -1988
1194 2693
131 1283
851 2793
27 -921
444 -776
-978 3450
1942 107
-3405 -1730
-334 -2358
-127 -2918
-337 2151
-990 1507
2762 -2712
3589 1989
-300 -502
-187 -280
-1765 80
-1711 2569
-462 899
2203 -2890
-3401 2709
4104 2421
1013 526
86 -4855
3241 487
1495 888
3148 739
656 -338
10 387
-3598 2243
-1479 -245
489 3337
2886 1694
-85 2075
-2506 3163
507 -1090
1728 -2450
3892 -1706
-719 2380
-1522 -1015
21 -5459
-1013 -885
3781 -369
-1322 3512
-462 896
-1498 34
2802 -655
1735 3067
-1386 -5314
-901 -2013
1898 6242
-2993 2558
801 975
-2439 -2251
-2902 -349
-302 -1361
3121 1021
1886 -226
1144 2161
975 1176
654 -1248
-2971 -1198
-919 359
3020 -3168
1631 -1125
-449 375
-2783 1168
-3708 -217
-2456 -2305
-1141 2198
1530 1931
-2186 -3689
-1230 -2487
-4261 -5273
-393 3949
1309 1812
906 -967
-199 3342
-2512 -937
-669 3494
3397 -1442
-4648 3338
-1428 299
3242 1261
497 404
540 3227
-1344 2832
2253 -2465
3632 3556
640 3767
1302 1061
506 169
264 2268
2908 2410
1214 1752
-1356 6194
-214 -214
945 320
-1195 -1573
3920 -3458
-1165 235
2690 3337
-699 2957
-112 1931
1263 1827
3272 576
847 1260
-1985 518
-962 -2283
1619 1589
1972 -1232
-746 -1026
347 3324
-1893 -3796
2288 -1606
-1354 -2501
388 -1186
-757 -379
-341 1201
1909 -2716
3321 -714
-1831 -1891
552 -840
-5 1639
1768 -2464
414 -1658
980 2245
-301 -1687
1076 -1766
2846 -1464
-536 -2483
951 -1996
-102 504
2325 -1826
975 36
-233 176
-372 -153
-665 -1198
1995 4293
5534 -111
1337 409
4060 5082
-2618 658
2091 898
-1463 -687
-1273 99
-3124 -752
4317 -1339
2615 3119
1207 2391
199 1414
2559 -3077
1400 3698
-1825 -306
2634 1562
-1435 -1774
1888 -419
-1714 -2358
1025 -5745
1164 850
20 -3571
-1100 -1721
2102 -576
-2239 -3186
3680 795
1198 1422
-1268 -3031
2396 1666
253 -707
4968 127
1980 924
-3473 -329
-340 2279
-3452 -582
1232 -54
-1407 1392
276 -3272
464 -918
1770 -3282
-3727 2747
-15 -1246
-2369 -313
-1723 -827
629 3194
-51 -550
1285 -727
1499 -2162
-344 -102
2286 -1838
-5007 -1469
-1872 689
-1918 872
1563 -1656
-343 747
-29 -933
1246 -881
1265 3343
-2573 -2926
-622 1703
-1535 -2702
1954 -24
1660 -2020
4594 693
-995 943
3281 -1988
2642 3001
-100 -1547
-3091 1899
1281 -2043
-4343 2810
-3252 2513
5009 -4885
-1547 -281
3533 1516
980 2840
-27 -3335
-1155 1064
-68 2786
2260 3783
-839 -1468
-6314 37
1751 2370
1573 -3104
-2247 1080
-2804 -879
140 1547
824 1878
1222 1021
251 853
626 -320
-431 -1463
787 2519
-1166 -3537
-4083 2134
2609 3880
-1718 1017
-112 -1809
-1569 -823
-979 2710
-1337 -3824
-4922 -3213
-2567 1697
1088 -1080
-806 -3737
-2234 416
1768 1868
-2155 1322
459 830
-352 -828
-116 322
-1086 -1855
2261 -1575
1078 600
-1858 71
2044 2719
50 605
1780 3902
1178 -1439
-1810 -2176
-2236 1918
2725 1525
-3042 1766
1520 -1498
-58 -1006
2045 1724
317 -2142
2409 -1155
504 1219
-1166 -2935
2266 2255
764 1939
1646 504
1453 -602
-6523 33
-295 1025
2636 -941
-1212 890
51 4367
-3596 -691
225 -2928
-1495 429
-1394 1925
3176 974
839 -2305
-1967 1432
564 -4967
1309 1744
138 -4468
172 1274
-3338 -897
-765 -1320
-640 591
-1065 706
789 1515
1465 2940
265 583
-530 -3443
1044 -2027
764 -1891
-1215 1394
-800 241
-1778 -709
2816 213
315 -12
62 424
-1705 -1674
-3167 14
-1752 -3084
-231 -420
752 1274
607 -517
-1673 1572
559 1545
526 474
-1671 2932
1763 2218
-424 -1371
-721 -189
-956 513
-3438 -1558
-4650 -1121
2459 2990
-1976 -1769
1740 -1293
-2677 758
-351 39
-1540 1438
1004 1833
-1925 3682
-2041 -2083
1883 3327
2859 3348
-55 429
135 1386
191 -1004
2588 2207
5416 -3841
-3961 1454
-2944 -2548
2403 6639
-2340 -24
-141 -158
-771 -8
2752 -1637
-2980 631
2799 -1534
460 3196
-1008 -3722
-2113 3274
-1549 -1058
-2153 1304
1297 -3781
896 -321
-1749 367
2656 -279
-919 -3491
1531 -2431
-3030 -673
-3055 -831
-552 -2536
-2242 -183
-380 1096
-1944 -958
1378 270
1087 2155
-1426 2665
2352 -804
1051 -621
-1428 -311
1414 1988
2462 -2016
730 963
515 -1493
-1244 -1948
1613 -263
-1678 -229
-66 894
-101 1165
1482 -1925
674 1293
-891 -14
124 1664
-1701 -319
78 66
458 -140
-2046 -490
195 1774
433 -421
-125 -2868
1135 1609
541 214
-2798 -2637
-118 362
