2030 -523
1828 -260
1792 -14
1708 42
1702 -237
1668 -376
2147 -331
2063 -148
2178 -259
2123 -76
1951 103
1515 -332
1763 -496
1703 131
1750 218
1873 20
1950 102
2067 625
1810 548
2042 -20
1996 431
1652 529
1774 237
1585 222
1706 583
1444 985
1491 243
1710 139
1402 511
983 351
1753 454
1650 1022
1928 403
1909 534
1363 402
1479 384
1929 225
1659 196
1467 -101
1642 520
1583 468
1800 412
1575 432
1708 593
1520 395
1275 178
1410 182
1630 299
1845 68
2163 75
1814 549
1559 617
1547 632
1655 512
1545 482
2057 291
1769 728
1162 274
1753 346
1750 862
1636 623
2102 555
1859 875
1748 348
1734 862
2218 934
2033 719
2229 478
2090 713
1766 819
1455 832
1412 987
1385 1134
1547 896
1553 1057
1244 1141
1199 1148
1246 730
1558 463
1933 614
2129 895
1931 901
1527 848
1880 842
1825 1048
1556 914
1730 1102
1670 1420
1505 1244
1562 1206
2028 884
2019 1111
1796 1077
1884 1339
1765 1717
1685 1581
1777 1531
1733 1769
1453 1900
1657 1419
1563 1383
1318 1614
1184 1783
1413 1674
1595 1504
1775 1771
1474 2024
1307 1883
1261 2204
786 2110
1243 1314
1421 1775
1018 2048
1378 2214
1438 2320
1220 1758
1259 1748
718 2450
802 2256
1201 2376
641 1975
332 2109
-135 2304
388 2218
597 2496
418 2070
984 2062
133 2412
482 158
549 106
187 547
117 160
665 -24
348 92
178 321
74 241
146 -88
206 217
199 422
193 149
345 120
473 206
509 229
-256 407
-399 604
-377 775
-31 569
54 790
-12 610
-208 345
84 3
335 596
-64 478
126 278
-271 273
-264 414
-89 512
149 300
81 376
-97 755
-535 449
-177 364
-557 836
-587 306
-452 276
-312 190
-164 647
-81 669
129 629
-179 434
-272 186
-191 -157
-389 179
-602 -194
162 -340
-32 -478
-206 -433
-554 -283
-583 -103
-700 -78
-739 -24
-538 246
-500 510
-808 91
-531 -295
-218 121
-141 448
-564 94
-370 -240
-190 241
-171 395
-402 313
884 -337
1140 -2
521 -165
346 -220
516 167
290 35
254 -196
70 28
328 337
526 173
770 265
-1 488
-41 159
471 24
434 361
276 196
748 12
567 245
219 132
242 116
352 -187
373 8
-136 -10
-309 283
132 95
475 59
174 -225
-51 115
-139 -18
-139 72
-33 0
160 324
478 223
467 734
1 689
226 519
443 666
244 405
188 367
50 126
378 126
183 318
89 358
-118 559
-413 328
-263 126
-15 8
144 166
-107 176
-119 149
-141 469
-391 345
-290 282
-152 197
22 156
-341 155
-870 -110
-209 -388
365 122
62 -222
-3 -529
-181 -351
-348 -273
-190 -69
-35 121
203 -253
434 -215
-377 -373
-635 -431
-434 -135
123 308
223 368
409 283
254 87
8 -254
-203 -726
-195 -287
-606 -235
-206 -124
-118 -89
262 208
-291 517
-86 329
47 411
-183 -236
71 -373
130 265
396 285
479 234
106 -50
-210 -304
-94 -64
45 157
526 -101
536 16
-258 -148
-254 -525
-10 186
-579 184
-115 -231
450 -41
280 379
359 11
500 170
-85 -72
-321 33
-238 -70
-108 -59
127 20
-37 -172
360 -420
336 -127
226 221
-88 -243
343 -95
29 183
28 184
-196 211
-214 46
-35 79
109 279
-140 613
33 98
486 -85
498 11
103 -266
222 11
-321 229
84 -146
264 66
276 -383
317 -243
-141 -428
-105 -180
-508 -155
-62 -186
-158 -161
-126 -378
-114 -145
11 -96
-137 -74
-380 -538
-280 -393
-228 -360
-349 -444
-465 -405
-250 183
-49 -132
224 -366
-69 -146
1 -22
-203 119
-240 -234
305 -137
236 146
38 77
149 -231
308 -472
487 -154
-120 190
-139 -228
334 56
482 76
220 -241
186 -232
-25 -32
73 -78
155 -129
560 -153
439 0
147 -318
332 -247
271 -178
301 -108
-101 -280
255 -339
198 311
479 60
682 -64
294 -202
-229 199
-391 -107
219 -229
459 -52
425 193
214 128
488 107
504 240
294 -214
111 -240
-96 -322
113 -79
303 25
103 147
-83 121
-198 94
68 -246
264 14
163 31
11 32
-350 -280
-215 -330
-240 -130
-152 100
-295 225
134 -293
149 -84
-206 -533
16 -573
132 -30
-114 289
114 -28
416 -159
403 -231
146 -90
46 -210
219 -470
499 -389
223 61
103 -194
345 -391
586 -332
352 -326
26 -642
195 -261
30 132
353 -288
106 -158
-86 -245
174 -350
119 -289
-259 -116
-138 -11
130 -16
204 -212
142 -337
155 -99
-53 579
-15 176
412 -59
172 162
-164 272
-108 174
-121 422
-151 195
332 212
272 356
212 337
44 193
16 348
-23 834
160 575
593 556
27 149
264 3
-29 83
0 223
-331 63
-248 -384
376 -297
178 269
115 -25
212 106
-446 -200
-130 -44
-220 439
-408 -125
-168 -352
-334 102
-290 -110
148 81
-30 310
-211 510
-299 555
-355 299
-33 -45
263 53
291 138
214 59
446 88
90 46
-226 -351
44 -406
300 -291
157 -224
-25 -108
-413 -63
-277 -386
-192 266
-559 85
-67 236
227 286
7 266
-494 -55
-283 -230
-214 -36
-317 18
36 3
190 51
-35 341
-142 181
116 -133
-79 124
-465 -245
-36 -299
-35 -327
72 -71
-462 -185
-220 -150
-386 350
-392 516
-310 373
-162 100
-88 501
-237 289
559 -77
286 272
-202 296
-170 433
36 297
3663 -636
2420 -1841
2881 -106
4376 -1028
3175 -743
4001 -150
2466 119
3527 -138
2723 -375
2925 -781
2762 -1067
4933 -423
2667 -14
2834 -319
3506 -150
3558 -412
2311 -379
2283 -587
5036 -1008
3922 -122
2705 -954
3746 -226
4332 -113
3690 -866
1880 19
5023 -1274
5242 726
4152 -322
3693 -1197
4526 295
2046 934
4037 -673
3892 1453
3758 -1388
3642 -210
4411 917
4128 1206
4184 -556
3624 877
2908 123
4444 1208
3410 426
3458 624
3739 652
5038 29
3683 -663
3192 1089
4090 424
2712 1151
2863 1399
2607 -1246
3134 1105
4771 387
2668 952
4133 782
2718 1127
2860 -1121
4728 187
1925 1396
3267 55
3785 16
2711 1483
3887 -749
3611 1403
-431 1547
-1571 1239
-334 1236
-1839 1281
-1661 595
-1615 -210
-1557 772
-2062 1133
-1346 1089
-829 1611
-1777 -131
-1507 1071
-812 733
-402 1514
-1406 1634
-2253 1463
-2024 1331
-1536 138
-1457 -130
-2493 2024
-1087 -258
-2369 492
-1639 1086
-1238 -907
-1660 1290
-593 629
-1865 1828
-2073 -530
-2629 430
-2785 870
-2446 -281
-1536 737
-1791 -313
-2689 -178
-923 154
-1219 725
-1261 -463
-1996 158
-738 340
-1137 565
-1349 1158
-2794 139
-1682 -106
-1441 -42
-2592 -905
8 -76
-800 1410
-2813 -900
-1913 180
-2084 413
-2123 24
-1277 -222
-2916 -648
-2560 -1048
-1579 890
-2246 -1212
-443 -1256
-2356 -1800
-2030 -453
-2417 -101
-2079 -1034
-968 639
-2811 -76
-211 -2460
2051 1452
1196 1429
1283 249
2513 2814
1619 1076
1035 955
508 1758
2056 1980
1048 1839
266 2068
1436 2122
1783 1686
-90 2022
657 2192
605 1369
751 602
-215 2345
2015 1689
564 2562
583 1882
1124 1677
991 1514
526 3444
-619 1567
777 2923
-325 2211
779 1407
-554 2037
1069 2729
-3 2274
-932 1766
-695 1519
1633 1404
-766 2243
831 1272
609 2553
402 1436
-242 2801
-1140 1034
-349 2285
64 1632
108 941
90 2066
708 2303
-1832 702
770 4237
-1198 3071
-1132 2377
-1330 1809
-894 1768
-1177 1960
-920 1813
-1647 1742
-2198 2653
-1229 1623
-1154 1908
-1982 3094
-2816 1741
-2546 1951
-403 889
-3208 1743
-2718 1832
-2543 688
-2373 713
-777 1713
-779 -899
-155 -777
-1188 -387
-1079 -629
774 -401
-564 -303
-570 302
-1038 476
357 755
-1450 -666
59 -1330
360 425
-29 814
-905 -1285
-31 809
267 -73
-418 -1391
216 389
108 -635
-70 636
117 -983
107 -767
-574 -515
587 1638
73 -1191
34 -483
-363 -959
185 580
-105 -1324
-971 483
-322 -655
-483 784
-859 -1259
177 -512
-27 130
-354 -378
736 -407
243 -847
1694 680
284 -362
149 -445
212 -270
79 -1126
1287 -325
789 183
68 719
-112 -467
-34 -492
-244 45
-318 -360
929 -126
-112 -589
711 353
491 -523
643 -697
1333 287
-470 2071
-207 169
1123 -196
383 -109
110 376
145 -94
-796 276
293 -16
817 1723
-155 -901
678 -941
-354 852
-519 1582
-1806 1001
333 -72
-1007 -529
709 577
567 -526
388 773
-825 -676
715 439
-574 751
780 743
-1414 67
586 -825
-721 489
527 390
1359 -36
-1378 547
-1248 178
-269 470
-329 -607
215 -525
368 -13
-317 844
808 873
-180 1031
-656 -1303
1065 -1303
-68 785
-1124 -751
1441 -611
-31 1225
-336 307
-636 -1755
-421 1448
153 -1332
-3 -547
263 -301
56 758
-71 -527
-819 279
908 196
-1822 844
-333 302
-1163 -841
1257 794
-1546 -1407
-18 -222
-392 -911
-135 -1021
419 163
-360 -580
-1083 -51
49 -1619
404 1058
58 185
-1466 -251
680 -282
-1675 -1331
612 -361
-300 685
-195 156
1183 1008
-874 -840
46 901
-1103 -1217
19 208
-414 816
806 -655
-373 291
-441 -219
-940 26
564 -757
662 62
-913 -87
700 1078
267 -693
-809 389
-521 619
779 1128
-48 -155
-395 -31
-519 659
255 -928
-40 989
-399 828
-14 -876
-106 63
1038 332
51 -211
-1149 392
764 -1260
-540 760
79 393
234 -52
1034 -666
-267 -82
721 -66
30 -106
358 19
-697 544
-24 -1056
207 295
-948 228
307 3
-952 -549
653 -281
-1499 122
-714 -719
55 882
330 -1082
-596 -1326
-538 -1441
931 842
65 650
-337 462
38 -657
528 -337
-581 128
-99 -533
745 -221
276 -776
900 629
220 -97
-1205 717
-671 -870
-549 -496
536 -114
-320 494
-674 -1012
262 -144
373 -1458
478 -370
-443 -238
110 -302
-824 -218
901 -587
316 1538
-96 -889
1270 1345
120 633
-1072 25
1077 -356
778 344
424 372
542 -697
364 -612
1212 679
1371 57
-529 817
234 -1051
166 141
234 537
-625 211
575 -282
1023 -36
-1177 263
1474 -44
382 355
242 -1465
77 637
637 475
-249 -1022
-12 -198
467 472
365 633
260 451
-172 21
-763 140
-729 -954
923 1436
-468 -32
-1084 -273
380 204
194 487
-93 -33
1469 461
-621 467
-54 146
-53 -732
411 142
-561 -586
-794 -78
1212 1104
-935 -879
1498 253
-564 361
1088 816
478 81
657 -776
633 1450
-789 608
-644 -982
293 928
172 -1845
1014 -313
-1517 590
-392 -625
1091 178
-827 198
-811 -295
-8 925
-1107 -668
-18 -602
-201 -1479
-267 -103
902 -171
-578 1141
-411 1068
-635 -405
-709 179
-773 217
593 -789
242 249
150 772
-482 107
-612 -385
-957 -479
62 -369
-586 1310
-1241 -682
1491 902
-941 452
133 1061
1229 -1582
-91 172
812 1194
-6 -986
-56 817
684 713
-1015 -582
-375 -29
1002 443
-19 371
-34 -824
1344 365
-570 777
500 854
-1424 -711
1265 193
-1065 -358
-361 -203
25 -90
285 233
121 576
-1207 -594
1281 1505
-551 934
-997 -1776
-317 -769
306 -143
510 685
3958 3397
6121 3854
4297 2364
3562 3466
5202 3507
3550 2643
4131 3307
4014 2994
5053 3988
4310 3603
5370 4364
2743 4886
5801 4488
5885 3078
4377 2583
4397 4797
5939 4117
5891 4303
2978 4006
3106 3305
4931 3691
3936 3831
3292 4803
4572 4206
7319 3340
1955 5383
2697 2938
5292 4396
4828 4287
3608 2361
6022 2915
2912 3918
3007 1562
3554 6049
4674 4824
2745 3362
3062 2617
3012 5555
4702 4403
4655 3477
2651 2625
3388 2934
5116 4540
3730 2853
3195 3959
5254 4701
4407 3319
2316 4220
4391 3404
1897 3814
5804 7678
3737 2045
1064 5166
6132 3186
2830 3659
3299 3650
5520 6602
2280 4865
5569 2988
3767 4231
2728 5229
3026 2277
2099 6035
3211 4128
-214 -2666
-352 -2558
-1659 -1394
540 -1028
104 -627
-281 1266
-152 -1432
972 -890
1285 -254
-29 -2648
57 143
1184 -2034
288 -585
-279 -1643
347 -1021
516 -429
-636 -1487
486 1516
377 761
443 -2923
-1528 1336
2373 -132
1025 -1443
-1548 -28
164 -1738
-162 252
300 -3433
436 986
37 -890
659 -921
1006 379
865 -1594
232 -937
273 288
-183 -1247
-1117 -1497
-660 2170
2310 -817
-226 -677
-634 -816
-1190 -2520
751 -915
-247 -479
192 -1508
1201 249
-1535 -552
-1542 -1941
1127 1017
900 -1533
-540 -2047
604 -2520
-1038 -57
826 979
2706 -603
-114 -3184
896 1411
-88 1651
2016 367
2762 -2232
1103 -1385
-840 459
-1330 -1542
1757 344
-416 2131
-1167 -1230
4 -1763
1066 1186
-84 -4136
-1293 986
226 -661
1273 -570
-118 -883
1399 21
2014 -787
1041 -1167
294 -676
2576 -1421
603 -13
-69 897
1535 2415
4187 -1640
-765 -525
1562 -2078
2210 -2133
-116 -1121
1112 1137
-486 -2325
1084 163
29 -2694
2287 404
538 1204
3315 -1368
-2011 -2116
1414 -817
1063 -227
1522 139
186 2280
1821 -1267
-94 105
1932 -987
-362 1799
1510 -1749
1390 -466
252 -863
92 -893
78 1677
966 -55
-2302 -395
3202 2274
-2095 -1889
619 219
1829 1365
1555 3156
2932 2127
1572 -93
1883 410
1832 468
3612 -823
-88 -953
1342 1123
2116 -318
2985 620
1952 -533
-216 1842
3160 272
1840 -624
1099 863
1807 2897
-686 -2802
-1375 1474
-611 1318
2106 674
-708 393
-2323 482
481 1463
1090 -1312
618 -992
-907 -1187
-5 414
760 2495
423 -770
-1046 -1863
343 2381
85 -1678
-1853 1051
-285 1332
-240 -1364
-940 1064
-132 -1
-575 1140
153 436
1813 258
-1414 -3399
-183 1856
28 929
497 577
716 -1201
1070 1743
460 -1838
-267 2142
-362 -1453
-11 862
-312 -188
-454 -1381
-971 -1181
-1512 624
-591 1555
-1879 -599
-942 -113
-1112 -583
-714 79
932 67
-1612 219
-1013 -560
-15 -1243
-858 1127
327 -107
-669 -291
1215 708
-482 -1094
693 649
-1158 -761
-924 228
-1512 1174
-86 364
1787 -1496
-1263 567
-1223 1737
-1083 2589
200 -63
454 1395
1260 -591
250 26
-899 -1832
194 899
-2084 2563
2468 -365
352 -1584
3457 -816
-888 -762
165 1021
-3258 -562
515 2979
318 -6
1763 2464
-22 896
1525 -503
-1218 -1285
1862 -639
180 -932
-114 -1794
-1467 -527
-415 553
1078 -825
1987 -1385
-1392 -503
290 274
-1954 326
-630 3392
1637 -750
-908 -1813
-190 -1690
964 2698
-1947 1932
1458 484
2576 -319
-1296 1502
1233 -1185
606 -1163
-1854 426
-1259 -1920
-1909 2629
1213 1176
-471 2
957 -1520
590 1137
74 -469
-2735 496
1700 862
-1080 350
1883 1616
-847 -1047
2142 2089
-1264 -1157
229 550
306 712
-108 -1778
5 -133
582 -1619
-401 1141
-1342 -2668
-1972 -184
1322 55
-867 1393
2114 1772
-660 -890
307 1679
-1197 111
-3234 363
112 1407
-250 -1064
461 2928
-473 -22
-337 -196
-344 1896
255 -1087
-945 -486
474 102
-2163 1422
-332 40
914 580
-1863 -539
970 1553
1093 173
360 -1442
-1255 -1499
-416 1761
945 -771
666 -1802
634 808
380 -1239
304 -925
-612 394
277 -597
-1756 -713
-368 971
518 -875
-857 761
1980 -1028
-1315 -1054
-583 -952
-1800 1848
565 26
-471 -653
784 -1142
-578 -266
-666 -1414
-1328 2346
-1398 -1038
1445 710
-752 -430
1166 838
-991 729
2042 714
111 -237
-1015 -1088
-1567 1471
913 1247
182 839
-358 254
-68 27
157 -967
179 889
-568 -827
-187 -1124
-668 661
-751 2558
793 2265
30 -174
299 709
226 -735
1050 1976
696 735
-1208 -219
1162 -894
-810 1648
-1194 -1263
-1247 932
-842 -1094
587 813
-725 -527
1562 -1496
-1498 0
-1447 -3302
-761 2360
-1437 244
967 -707
1434 -183
-29 70
-1273 -1174
-996 -884
-1355 1505
-1263 1037
-1021 -1079
-2428 676
436 -1116
518 1058
-468 -1546
-1313 397
938 711
-1581 1087
-1039 1794
3800 212
-1434 -797
453 -1533
-130 1793
1144 -845
-537 -573
1271 2581
954 291
-42 -332
54 -1284
-461 -43
671 1538
1420 -42
1842 -624
-2068 -3397
519 1077
1497 912
461 459
502 257
2501 95
-1279 -678
375 -1172
64 -405
289 1644
-318 -1012
690 615
771 -1340
-2458 -3074
-84 797
-3588 744
1161 1558
-1373 -740
171 -646
712 1453
-413 -1828
206 387
84 1469
-178 -2139
-896 2883
-525 -629
2015 -2972
1125 190
-1182 -559
1609 -158
963 -619
87 -1262
1402 1316
-139 -439
433 47
-513 -3027
-2301 -131
-434 -1973
-946 -1114
1036 249
-1418 -776
-503 838
-1840 1229
627 987
-487 -732
-770 -314
-903 1153
1434 1261
-1441 228
1331 490
2715 1764
-1662 -32
1952 -1635
-932 -1128
-1639 1934
2791 -745
-115 -1593
891 2082
1475 -1460
-1224 -2039
1333 1338
58 -538
-1231 -858
663 -419
-16 1047
-472 818
855 -626
-1106 -151
2730 2440
-1478 233
2337 1715
779 -632
684 -1165
-128 -691
-294 -1452
1196 887
-1241 -2346
251 -1730
1017 2021
255 1235
-1518 -687
-1496 -1132
3529 444
2369 1705
2721 611
2223 1476
2070 2051
3981 1168
4696 588
3532 1251
3400 893
4192 1978
3038 1052
2856 -2393
565 -1440
-58 2546
2469 4525
1079 1391
3589 1989
3293 1486
2780 2271
3196 1697
1570 2071
1197 1842
2480 994
2156 2860
-199 3342
3224 1587
1495 3239
-471 1026
-345 2650
1354 4097
911 3217
3761 3544
4060 5082
2404 762
284 1680
2553 2372
3163 2601
2332 -928
-874 973
1798 3284
2642 3001
3207 3565
-1305 -309
1104 3870
-676 3183
-1538 2910
248 3030
3550 2514
2266 2255
6317 472
-1938 -1421
1332 6032
3465 428
-2256 2330
1398 3159
3801 3277
135 1386
1384 2183
155 3104
2410 4737
1896 1722
3390 5651
2726 2306
1201 2501
1198 3099
3021 3033
2776 -149
739 560
1686 1161
2101 -390
1937 3497
1481 1506
-960 314
649 2859
1926 2259
-1285 3341
-218 1667
-594 2434
-306 996
1456 764
4104 2421
1584 -1468
185 574
3154 4680
5197 -493
-2108 324
-517 2839
3542 3973
540 3227
-398 1006
2492 5002
2708 -657
2791 1174
1819 1477
2126 1828
-316 2191
1207 2391
2396 -83
-246 3233
2998 2475
1362 -2495
-3405 1919
-626 2091
2758 524
3533 1516
1404 951
1318 1733
712 2974
-147 1622
788 2126
2049 1014
-728 474
51 4367
3608 3937
2532 4384
3354 -1062
1121 -635
-2626 3160
1334 5926
1623 52
-141 -158
-279 2758
-2594 5584
1184 3421
3555 691
2914 1079
523 194
-1019 -180
2497 -1017
934 626
-1405 -2215
-642 3496
2870 -2572
986 210
-22 263
1672 -463
406 -2226
182 -1939
-600 395
1296 -299
-114 1125
2004 -2861
1719 -3096
-1171 -4350
-3598 2243
2264 583
-819 705
-1321 3481
2815 1658
-473 -3404
2910 640
1885 -816
2908 2410
316 -3217
539 -3131
-3986 1744
3520 3271
7 -1136
1068 -340
-817 1618
-1714 -2358
578 1241
-1170 686
-3463 1165
1534 -2070
-1189 1484
352 3953
1808 2993
1751 2370
886 -728
-700 1186
4498 153
-1658 -2256
2186 191
3071 -2180
-679 -2316
564 -4967
-3016 -2975
-811 590
-1246 533
-21 298
-3409 804
1468 3240
-249 -1390
-1549 -1058
-1248 568
730 1655
1315 -1873
-1481 422
89 1521
871 2121
331 -2501
3226 2728
4330 -1025
1352 -1907
-2435 -636
3060 1517
2298 -580
-236 -2150
-1008 922
608 445
281 189
2004 358
-1571 -1640
-568 861
2072 1214
1178 -2456
247 2179
3892 -1706
1688 -1031
-271 498
1982 -2181
1418 -1742
1303 -1927
-815 -1170
-2992 -293
2690 3337
1309 -2088
-599 -1315
266 -845
-1981 104
-1472 -2610
226 3017
218 -1692
1198 1422
697 -126
483 1304
1372 1557
3042 2678
2089 -1866
-98 -1194
308 -1746
626 -320
1168 1088
1276 -515
-2452 1208
-221 -686
-724 611
-135 601
2082 -1212
789 1515
2482 109
-2048 -2042
-492 1983
-1230 -94
1662 1261
735 -358
809 -1991
-3030 -673
-2218 301
4047 -1126
714 -2625
714 -5887
-335 -508
-970 -2820
-949 379
-1553 -135
967 -85
527 -289
1889 -4304
-5958 -438
-187 -268
-1512 1353
1948 3252
2388 -781
5180 1867
-751 -4145
-982 -2325
-3419 -2647
-973 -1495
-2270 -231
511 1363
-1498 34
-2071 3507
1102 2349
1931 1020
-1021 -681
778 1156
-1004 3133
2927 395
1619 1589
2594 91
-233 -5387
-2536 880
-359 2972
961 2130
1181 -1938
1158 -1271
-3452 -582
-2542 2762
-822 -351
-1839 1524
-848 550
2460 1931
1071 2909
2508 -414
-1569 -823
93 -18
-2291 986
-2137 -496
1484 2106
3577 -1070
-5 -2672
2811 -384
-1778 -709
-811 256
-1444 -887
1153 3074
887 783
-717 304
-859 2457
-398 -327
-1426 2665
-5 2617
2191 2787
2641 -399
137 251
1299 -2485
-1281 -2090
80 2269
844 -4551
1424 397
4231 -1354
1487 -2269
-286 -761
412 -3871
-569 559
1552 531
-1091 -1850
1299 -62
1694 390
504 341
3848 -404
-497 -1212
-873 -1704
977 -812
-2439 -2251
-2185 -1097
-330 1897
1523 994
551 -3854
-1330 1035
483 2683
-1106 -510
-757 -379
193 261
732 288
-321 767
2466 1543
-316 -2189
1470 1522
904 467
-2369 -313
623 638
-377 1592
901 -2396
-1951 -524
-665 870
-1348 2021
-1072 -263
1768 1868
3669 -1495
2302 600
-335 -392
1531 -130
-133 -1024
645 -1063
-227 -1220
752 1274
1921 1253
2442 -1258
122 418
363 -139
-1642 -1387
855 -858
1529 707
-1244 -1948
-1115 1092
1463 3466
2944 92
1994 -4162
-512 -3269
-1468 -1895
-753 -1272
2309 1305
1398 -1045
1287 -77
2420 1234
-235 600
3441 -2447
986 1598
1222 -493
-238 2456
273 -1541
-129 778
-1724 3181
120 450
2068 3055
694 -3956
182 -3836
-2971 -1198
-2396 843
-2649 1197
1347 1679
1091 -67
-319 -1770
817 -1674
-1368 618
414 -1658
-1868 260
-341 -182
646 1849
2590 -1054
-62 -3437
2882 -1927
-245 -4795
-5007 -1469
639 559
687 1070
-380 -1648
-2846 -255
1145 346
-2143 -3801
-789 -737
-1858 71
-317 1580
787 -1242
-677 -2864
-1177 -56
-1414 2200
1769 3562
-141 -2359
-721 -189
-444 -937
-565 -2967
-4161 387
-756 510
-61 1134
583 1362
-207 -238
124 1664
-335 35
-419 2927
1824 4233
838 875
4053 -293
-260 -2724
855 -469
-1517 836
-2947 -242
-184 440
36 -1894
594 -321
1126 3313
1127 -1938
-843 486
-978 3450
-946 -618
1347 -74
-1454 -2294
-1621 607
-895 837
-1918 -469
-486 1650
-1141 2198
95 4434
1847 510
1041 814
1982 977
-1304 -59
3709 882
2551 -1970
2325 -1826
-1788 -3581
-436 -1291
971 -191
1998 -857
-1517 -1536
2145 613
-1621 -2267
-2573 -2926
-689 -1487
-2687 1331
2019 1667
2533 -480
-4012 40
-685 44
-2014 -2885
-3042 1766
458 2757
735 -1123
673 6
286 326
-1946 275
-211 -542
-2913 -1435
-351 39
423 -812
-3037 -2803
-655 329
-2819 -2263
-1116 3421
-1023 2424
-862 1568
1135 1609
-1148 502
623 2750
1486 1526
-166 -834
-818 396
1183 2127
1024 2485
