6225 -9169
12267 458
6751 6755
-219 -2237
5670 2422
2736 8709
-7351 8134
-9625 -6352
-2034 3510
-12208 1095
-4874 -12667
3448 -13264
6605 -7407
2704 3523
-5930 -1288
11861 -7630
11975 9011
-7269 9543
-8575 -7723
-2138 -8597
1731 -10698
5311 -3876
2435 -1885
1212 -2586
2595 -1846
-1799 -2178
6806 -5130
6424 1956
-1871 4754
-10095 -5051
-1216 -15172
13744 -14591
16383 2377
3345 4127
573 -4796
4398 92
6617 -6763
11904 -182
11163 567
8606 4478
3908 8360
6716 1847
592 8803
-2272 1460
2541 -1577
12677 -2839
6401 13276
-90 6757
4025 7249
-3238 12272
-13261 1856
-2140 0
-1043 42
-2363 868
-6980 29
-245 -612
2843 -2508
88 3620
-13380 1511
-5027 -4009
-2732 -9006
360 -8688
-3506 -7645
1552 -10434
9347 -9967
8693 -1279
8085 6491
781 -1658
4932 -617
5259 12759
-8276 6140
-8680 -1336
-2352 -312
-12244 -6305
-4836 -14044
4172 -10955
7038 -6432
7706 -718
-1785 -905
9637 -7758
6291 10701
-12223 6882
-5837 -10231
2545 -4261
1411 -3830
3068 -4209
4811 -4724
2678 -2644
5672 1442
1339 -2694
3121 -5888
2811 -1773
-722 2389
-4152 -9419
-859 -12573
13936 -13105
15397 979
5802 4917
-830 -6111
3064 -1858
5899 -5041
10903 -1259
11256 412
8585 7801
6544 8260
6981 107
5946 10754
1917 936
5303 -4332
9752 501
5510 12576
1157 8944
1413 9231
-8749 15837
-9461 2260
-3172 -528
-1265 1560
-4330 173
-3530 -3214
-2045 -3090
576 2234
-3343 7257
-9693 -3390
-2623 -8215
-3019 -4809
-4894 -4548
1768 -8800
5780 -7203
6218 -8932
12613 -4704
3960 9412
-564 2878
4632 4822
4714 10618
-13882 9172
-2703 341
-6212 -1306
-14416 -2557
-3199 -10408
5774 -6734
8188 -4655
1249 1525
-4151 -4663
14881 1028
-499 8613
-9938 2747
-2774 -9375
7006 -6691
3371 -8645
7132 -849
2277 563
2143 40
371 1599
2330 -5727
2118 -6483
5347 2396
-2477 3220
-7409 -9171
1292 -14665
13817 -10952
15716 4048
-826 3614
3149 -5123
4803 -3791
4845 -2268
8106 -3898
12321 -735
4599 992
-698 4422
5921 273
2484 5096
5641 -1475
5176 -619
13860 7680
6654 15146
-404 7474
8781 12395
-8773 13754
-13267 -1209
-7416 749
172 1859
-538 1193
-3588 -3126
-359 -5619
4203 1937
-4229 1727
-10567 -4518
-298 -9810
-3019 -314
474 -2575
1077 -6524
7767 -5273
10478 -5579
6935 729
2690 6473
1624 7037
7656 7438
-950 11528
-5615 7388
-4950 -4177
-8267 2238
-8846 -4853
-574 -13807
6139 -6368
8617 -4629
3593 3132
-2140 -4176
11451 -3288
989 10986
-10935 816
-3340 -9563
3072 -12927
5279 -8137
8438 -3072
3385 -1028
2642 -3806
-2147 3343
2106 -7226
6595 -1857
6670 3905
-4369 2147
-5152 -7084
4153 -14716
18432 -7738
8404 4613
1612 2693
1501 -5492
5625 -2905
6695 -5921
9009 746
12544 1708
5391 1493
817 6372
7605 3844
2045 2941
3616 3622
6866 -1345
7453 10438
3268 10765
885 5788
3785 13044
-11516 10440
-13445 6250
-1672 -3280
-4963 4896
-3995 -1478
-3207 -5494
552 -5399
-923 2719
-5162 7824
-5008 -3801
2546 -4401
-1350 375
-9330 -5691
-419 -10518
3240 -10499
8622 -5787
10720 -1800
1437 9880
2821 3431
9330 3007
2132 10727
-14068 3881
-4905 -536
-10605 1525
-8699 -7925
-4566 -10288
3242 -7441
10521 -3385
1252 1491
951 -8990
9848 -2430
-910 12583
-13721 646
-2356 -5113
1463 -3818
5153 -4947
7034 -1644
3668 -390
-1977 -2105
-2368 -1667
-1081 -6340
8522 -1838
2637 5760
-6917 -854
-7610 -9814
3036 -13383
17098 -5520
9920 6683
-2317 -3829
880 -2124
4497 35
5064 -6042
11397 3361
14478 2431
8188 6443
1871 6079
5042 2956
1636 8342
3068 1138
5648 -1960
7076 5903
5523 12516
-978 2163
248 11205
-9938 10591
-5707 3099
-7250 -2060
-3640 5317
-4412 1120
-5613 -2418
2662 -3170
6230 -29
-3851 5468
-3230 -8141
-507 -4748
-5480 -2528
-767 -7182
3104 -9928
5343 -7763
12242 -2560
11846 -286
2586 3466
4646 1900
6942 6420
-1898 15607
-6622 2486
-5805 -1959
-7036 -258
-9071 -5347
-654 -11418
4912 -7005
6870 -2520
3061 -688
1421 -9381
9851 6425
-3365 11291
-10682 -2567
-492 -8974
5230 -9976
5750 -8253
2787 -4737
1269 1017
980 -3659
-2170 -2587
-332 -7066
6155 -5714
2208 4824
-8729 1641
-5294 -14258
7903 -16613
14021 -5437
4896 6668
-2906 3085
6767 -2364
1252 -4807
3005 -8519
10462 787
12988 6191
4261 4915
3994 5686
8731 3658
5532 8191
2329 4361
5353 -3698
10545 7205
5717 12730
2823 8815
-2629 10645
-5505 7063
-5928 -1318
-3684 -2002
-4877 2080
-3685 806
483 -8
2320 -1526
4172 4115
-9695 3836
-2607 -4430
539 -2330
-5506 -839
-3034 -8715
6026 -8248
3269 -4585
11469 -2076
13988 2435
1671 8023
3056 2616
8777 10720
-3293 11877
-14827 1617
-6621 -3935
-8452 122
-7992 -10250
-1377 -9609
2792 -9875
3129 -371
-3953 -1221
6692 -11035
14992 7037
-6266 11073
-8292 -2703
-3617 -7556
2025 -9171
3892 -876
2271 1084
7318 -155
879 -3526
2116 -7537
1069 -6308
9323 -11
3371 5231
-4394 -3444
-4184 -11334
10220 -12296
11620 -3882
4623 2948
67 11
6160 -2884
119 -6116
4821 -5553
15170 3953
11046 7006
6841 5797
6664 -2318
6194 4292
1709 4383
3504 3933
6804 -230
8018 9481
3419 10943
5709 8621
-1078 12115
-14817 9298
-4646 -3922
125 1146
-1602 -1587
486 3939
35 -4089
-755 1192
84 1225
-6731 2078
-2952 -6753
-1503 -8235
-3322 -4964
-1761 -8009
-575 -6205
5636 -9317
10204 -2312
9360 6477
3290 5302
4383 7474
4095 8330
-5223 9552
-6134 1753
-6824 -1484
-7980 2134
-9108 -10071
3295 -12434
1462 -11916
5849 -582
-4889 -527
8065 -7455
11331 7963
-4445 8979
-9876 -3207
3321 -12114
5412 -4245
9372 -2504
2691 1135
1406 -906
-180 -6025
-5806 -3954
2728 -6706
7307 -2525
298 7662
-5737 -5012
-3228 -13687
10079 -15555
17120 -845
5416 3794
663 -452
4109 -4056
3028 -8317
11139 -4281
10249 1914
11703 4095
8676 5738
5776 -36
3313 3624
4892 3152
1043 -1499
10366 444
8245 7916
3091 9272
4473 3798
-1859 12795
-13606 7807
-1368 -1852
-938 3082
-7217 2616
-3715 -474
-2611 -2434
640 -3937
-178 5480
-8329 -712
-4285 -8232
834 991
-1857 -5858
-11 -8128
1457 -13545
3898 -5832
8570 -2830
-8298 11194
1762 5522
8957 6108
-10417 4951
1435 8023
-13119 -2524
-1576 3670
-12675 -3144
-11849 -4153
-9089 9318
-17817 -1989
1959 -15230
1620 -9575
13148 377
-2184 9237
-4461 939
2241 -1692
-3526 11847
1989 -4681
-1082 8731
-14393 -1008
-7174 -18248
5161 11613
5059 -2005
1726 -3216
-14776 -6778
-7834 -11445
15262 -6730
9952 -10192
12948 -4207
10373 31
-3160 1862
-1230 -2232
11315 -2502
21963 9374
20423 15464
1672 12129
-4242 5333
-21294 15938
-13143 5300
-6200 276
-2486 5567
983 7428
-8344 8906
-19662 8886
-13447 12750
-15716 3216
-12329 2653
-12259 -4950
2165 -3619
-4643 10136
-6019 -518
-5897 -97
-6263 -29
-19477 956
-8157 -1327
-13665 -8828
-3630 -12580
-7576 -12217
12226 -2270
-12041 2490
-7010 -1155
6003 -10382
11706 12320
-4919 1566
8414 -5934
7098 5257
1483 16067
-5710 3726
-4245 -6434
-5424 3186
-12596 -564
-9737 4396
-16773 -7276
-24599 -5726
-5439 -17787
709 -17977
6189 -18255
5392 6828
-7440 9646
-10264 3241
-4163 -12553
-5359 -409
-12753 -6089
-8639 -6868
-1578 -9710
-1286 2802
-1642 -2292
-9644 -5810
-5337 -10805
8225 -520
5122 -5025
6262 -293
15231 -44
7287 5271
3008 2862
-4350 2752
6240 154
18990 2136
5845 7913
-6647 16430
4596 19089
-20947 4862
-7254 -14658
8917 5410
-1296 1380
561 8079
-21749 13653
-13493 7578
-18478 4131
-22457 11100
-6014 4128
4254 -11197
-3838 -3338
-5932 -3482
-9204 -7023
4163 2975
-6052 9107
-13769 7790
-15208 -10850
-3425 -6375
-4175 -1723
805 -8173
11718 -14365
-6244 1356
-18672 -9531
-7227 -7977
10382 5098
1109 9247
681 -6727
-4405 4454
8017 966
-11977 9402
-10699 -2224
-15327 -4552
50 -2575
-7424 3293
-9299 1670
-15395 -23912
-2452 -27393
5044 -14642
14415 1772
-6975 6818
83 7513
-983 -2339
-13512 -768
-10549 -2396
-19714 6624
-10583 -4447
-783 -14473
-4385 7461
-2077 -2345
911 7766
-16005 -2396
1309 -22038
13274 -3403
3875 -8375
1556 3073
12942 16810
-9298 -9700
1273 4319
-94 4820
14275 1199
3909 14924
156 14345
143 15428
-16909 8183
-2564 -3321
2689 4851
6211 13798
-21195 14775
-15206 -1353
-21443 9645
-10240 3741
-22887 -6387
-13807 -16919
-2256 -11774
-9508 835
-7765 3140
-14516 -4098
-10180 5522
-18498 1416
-16890 3132
-13001 -7455
-5858 -16566
-13115 6335
-22812 -22406
-1400 -6899
-7122 1975
-10485 -13724
4377 -16343
5266 3339
4776 7224
-697 -2042
11427 3646
-17287 -3198
-14738 12606
-21157 541
-9878 -2985
4179 -5700
-13003 2470
-16909 3275
-15474 -8917
5426 -19029
13222 -19220
6367 -5605
-4750 7518
-5297 16762
-15847 -1929
-13596 5311
-2077 3732
-15928 1471
-11081 -12776
3166 -3757
-6109 -645
3472 -5700
-6807 2084
-16976 -14271
-7166 -15778
10015 -8314
-593 -8827
10048 -36
5691 7378
-6054 1837
5962 -6269
9127 -1544
19891 21862
9745 22641
-1356 7310
-1808 26559
-15112 11324
-11999 784
8103 3471
768 17758
-15895 11714
-9070 777
-15142 -6785
-4410 -2379
-16695 1528
-3367 -18854
-4338 6025
-9912 -22
-16615 544
-10186 7445
1158 6165
-13788 4481
-9917 3456
-4480 -7636
2758 -1423
-12187 -3256
-7507 -12685
-388 -5186
-7458 7873
-627 -3317
11033 -8126
9911 2910
-6692 3341
-523 -14642
-1831 14289
-7510 13597
-8612 1840
-4365 -304
-11695 -4032
-6768 2742
-9946 661
-18503 -4641
-13624 -11912
3070 -9550
7559 -13784
832 3712
5038 15819
-6953 9226
-5318 6895
-1447 -3340
3750 4830
-6540 196
-10813 -9547
1436 -2772
-2134 -1368
-2813 4322
-8117 3
-17826 -20581
1504 -18700
8691 4663
15192 -4977
12000 3349
-5088 2675
1925 508
1670 2389
16141 -4203
13033 8008
5731 14306
-1260 14189
-6604 22963
-25242 -391
-4254 -670
5140 15813
-565 20010
-3004 8451
-16488 2641
-6267 2940
-17404 423
-22020 1626
-6923 -84
-5464 -8328
-16374 -7087
-2524 14429
-1108 4065
-5538 9900
-2109 18624
-10915 3652
-14709 -410
-6020 -9595
-23760 2420
-1482 -10010
4164 -2174
-20122 436
-8129 -9403
16715 -6263
5849 823
-1999 3022
11583 6595
-2295 16031
-3494 13362
-9580 -5932
-7963 -448
-4965 9196
-11047 115
-4710 -3327
-16025 -5592
-18222 -8373
3346 -11314
2124 3047
5911 -426
-2779 -548
-2977 5135
-7264 9468
-2843 -1963
-4766 -284
-911 5248
-8848 -7961
-1359 -6606
-2366 12465
-6197 -3850
2554 -7902
-13145 -9118
1535 -7986
2272 -5970
6163 1106
1134 4985
3896 10035
1073 167
2009 -2156
7580 -2424
21271 12282
4273 10164
5900 15369
-15731 13260
-22085 12705
-5689 -10231
6824 5996
-5552 26496
-16446 8207
-1408 9388
-16848 10206
-20998 -1986
-12882 -13631
479 -4929
-15169 -2796
-1877 -4474
-5365 -2466
-15408 -7135
-460 -5332
-4700 3982
-16843 -6555
-8307 -6798
-1322 3030
-14152 -15551
6894 -18054
3346 -8912
-19500 -4352
-8246 -22970
17051 -16592
-2007 4436
-11494 -1274
6921 -4095
-7126 14228
-161 3759
-10060 8820
-3995 -3853
-2231 -3182
-2337 6191
-5270 5307
-18566 -3867
-7758 -9308
5873 -11690
13620 -5840
13113 -2758
-14502 5424
-11320 4625
-10705 -4468
-4872 -3518
-3292 5569
-6177 -13851
-7986 -14951
7584 -9504
5989 4758
1920 -6651
-900 3197
-12598 -11168
-1211 -27648
3839 9003
13779 -5669
6671 -1594
436 13561
-965 11216
-6383 -4745
11578 -6522
12076 19616
3631 14397
-8165 10291
-11690 18803
-7266 -1175
7327 5171
-2209 1784
-2174 14016
-10691 12496
-7742 376
-12359 2392
-15578 2508
-6341 -7196
-3140 4271
2198 -4300
-4405 9968
-12816 -2833
-13893 -2429
-7967 -9070
-13676 2596
-20024 -7617
-11822 -4123
-15008 2524
-18964 -6204
6842 -17580
6287 -3757
-11988 -5485
-4565 -25222
13741 4583
1410 2610
2285 -1448
-3605 9755
-3460 1295
437 6473
-5246 2657
-9939 52
-2797 925
-10641 -1574
-4638 14233
-15195 1338
12631 -8863
3553 -11868
6812 -3796
9699 3095
6631 8788
-6678 364
-2592 -7423
-13270 -4304
-10139 2670
-18971 -7683
1890 -8762
3887 -326
6279 2402
-1772 -2755
-1143 8937
-7592 -2103
10820 -10563
4136 -482
5435 -3178
8462 3535
4940 14007
-4354 12202
-5891 3841
4756 6069
17930 13278
-9180 18894
4115 22239
-21588 15351
-15905 -9757
1411 828
7535 6327
-10254 14513
-14224 9897
-13992 -1868
-21075 -2120
-17334 3802
-8448 1680
-8202 -7188
-16322 -571
-4923 7273
-14648 3421
-4941 -10103
-5053 -662
-2230 13462
-22643 -11941
-16998 -10559
-14190 -6349
-16381 -11847
9853 -7800
4175 -2763
-180 -7205
-5422 -11683
13803 -5936
-375 -3977
14196 -14404
2692 -12601
7285 9853
5009 19670
-14396 10775
-10638 10293
2568 7474
10578 -1721
1536 2592
-4929 -11598
2669 -9018
-15280 -6931
17445 -12674
6896 -2658
11834 -4837
-5602 1852
-5124 7920
-5926 -12199
362 20074
-13419 9591
-9103 -9882
-13203 16216
-24920 -14412
-8351 -11615
-5784 -26245
3198 -1130
3280 6963
87 -9736
14739 11281
-1006 2186
5891 2416
13025 -1315
16481 13247
-17135 14932
-25201 -6699
-20809 -65
-6210 2350
5041 7254
25527 1919
20078 -12473
-9327 11456
-4173 94
-6765 15690
-6149 -8745
25035 587
26071 -7449
11007 13152
5996 1564
6023 839
-7875 20110
-11629 -5178
-370 5848
-4962 11825
-4654 4769
-4211 -1598
-17237 -12731
2719 552
955 15024
4905 -2602
-12174 15344
380 9127
-11699 -26780
-4106 -8894
-3083 -18854
8818 16055
-7673 17961
-2619 14942
-11026 2938
-10014 2692
-15907 9648
-6584 -4419
-3796 11719
12707 2432
23358 13722
16106 -3542
13801 971
4940 20691
501 10290
2750 -4676
16676 -1291
18451 3699
-2497 37163
-4154 -216
-2072 19642
-6382 2124
-15840 5333
-14369 -2920
-8982 -8108
22625 -4758
2825 6843
-16002 -18847
10496 3302
-6960 2018
-2076 -5977
4147 1960
-353 14646
2811 9664
3753 16156
-5131 6496
4947 5957
12690 -198
-5790 -11186
12643 18521
-4290 26019
-20386 12063
-12150 4093
-29736 -2450
19597 -16520
17599 -7624
20310 3187
19734 -11291
5868 -14917
-1740 8467
-2475 15994
-4791 26662
-5893 25063
-21506 5135
-24582 1576
-15104 -14068
8584 -17494
-15816 -7360
-9054 -9916
-16607 -1391
-14843 13135
2290 11091
4961 -9415
12583 -13690
12170 -1323
-956 170
10914 7225
21040 580
-24616 22707
-12077 -8781
3105 -11475
3990 6108
-18861 7031
9201 -16492
531 -3570
-607 17869
-2787 16564
21198 4878
-4510 -4385
8631 -7805
12932 4613
-3838 9989
2161 11334
-11587 14335
5382 -1706
-13458 -4712
-5777 -2333
-19357 -26265
3855 -14237
-915 -27198
22722 -8479
-8251 7624
906 -15528
9614 15393
15165 -14601
5503 -26265
16126 27817
10546 -4257
-3313 -4355
-3167 10068
4251 -17495
13130 860
-8804 7250
13200 12715
-11129 12801
-7566 1140
-23156 -2404
9943 -14200
19099 -3350
34531 -14636
-2 1659
11770 18276
-760 20681
-2682 24829
22655 23395
-1530 12748
611 10530
-4357 2729
4685 13797
-16852 -6625
-1797 -2879
-8516 9765
7837 -8873
22481 25062
9707 8414
-20576 -8748
-14773 -6310
3912 30
17154 7274
2674 -8005
10871 3200
-4974 -4941
22960 16189
5531 -5598
5599 -12607
10653 5643
-14006 6080
5698 -8355
3105 -61
-7192 -12646
-5788 5284
1733 15933
3022 4069
7986 2028
20576 -8268
29000 20760
1281 11534
-5312 18703
1270 11236
-6827 11340
-9372 -2493
1032 -5266
-5533 -3833
8584 -7385
7106 12950
4316 -12444
8427 -4338
13026 8281
-3172 -7328
3567 -761
27876 6196
-18306 18815
-14485 3782
-20420 -33263
-9491 -13738
20780 8944
13601 -5567
3669 8006
6832 -1238
-22330 16394
-15259 1167
12047 -16305
-10453 -8353
20088 14414
1841 14021
-1796 -3376
-12938 26210
16546 -2921
24657 7813
-893 19342
-3239 -1947
-31836 17051
-10317 8707
-24772 -15871
-3145 1451
-5886 -18892
-3492 -2345
-5465 6839
-598 -4653
5444 -14054
4054 4871
1874 -1735
2116 2267
81 7418
14656 9923
2050 -13924
-9867 -2104
-28698 4664
7460 -9997
-232 8837
-3464 -859
-5268 -12461
20652 -417
-4045 -13920
-3155 157
11194 14213
7964 -3100
108 -12291
17957 -6268
11812 1538
-11518 11473
-21958 -8524
-15852 -9019
-10824 4346
3829 -19817
-10462 -17723
-1850 -21142
15315 -2031
19976 12886
-5866 -5400
3757 -2051
477 169
3025 -4179
33272 5227
-274 4347
5850 14893
-5317 -2193
-14943 -14430
-3568 82
1783 -18939
-2802 4168
14053 11335
-14746 11373
-32302 -13469
-12384 -31335
548 -16935
16699 -58
11441 5053
9758 17036
19453 -4348
-4659 -2334
13418 15887
5021 24797
-6064 -10609
-11025 90
-11427 7280
-25196 -26156
-31277 -10701
-6792 -7904
-6611 -599
16058 4050
-2067 -4643
-15612 -1103
2496 -7433
-239 -11173
-745 -3360
-803 7375
-2520 2834
-15014 1997
6310 -4314
-13103 -8792
-7011 13278
-4712 -1739
-11065 -7564
1123 -1775
535 -3471
878 2601
4322 -24039
495 -1081
1833 1371
-8426 3895
29472 -15833
4329 9501
12688 -5951
-17994 15654
-21373 26857
-25705 -2656
1292 12020
-346 -3574
-6044 -34501
16846 -2357
-14284 12763
25516 5610
1180 -22516
16072 3966
7347 -5481
22819 -4179
13746 9218
9521 4719
1865 -3073
1642 -4379
-10197 -2658
9735 13830
2156 2460
14024 3524
20945 -9136
-3793 16725
-40012 10593
-19187 -34662
6361 -6919
2285 -7914
11898 -9514
13184 18099
6819 9745
-2075 2321
10814 7173
2555 26088
-1758 11807
17422 17718
-17275 23094
-33901 -1469
-22629 1402
-15580 -4605
-5791 -20906
-1036 13779
-21169 3955
-3488 1249
16704 11723
14046 -188
-793 8545
13028 -4538
12266 -1514
-17069 12138
9949 1831
-20525 14546
-11239 -3895
14850 -7623
-3974 12385
-15699 -7553
-5703 -8611
15229 1101
12747 -13746
10451 -2349
6735 13373
-6292 7969
8724 -18111
10958 -3814
19389 18668
4947 13188
-17486 7232
-14427 17796
3127 4948
-37239 9866
-28036 -24633
-16337 -2110
-6200 -6167
11261 -10430
-546 11835
1759 -12708
-6416 -6253
2203 -3206
17662 -6905
24790 6180
10355 15852
-8650 16307
12715 -802
19757 12601
2393 427
6255 7865
-12675 21733
-16171 2323
-18311 9541
-18597 -9301
-7556 -22372
12455 -2424
16413 14247
-1762 9703
-7847 661
-6016 -11684
-5424 16053
-5833 -2953
-1682 17344
-6089 10053
-24219 16758
-19734 8469
-1003 -6442
-8185 -7804
13379 -19728
6305 590
-7307 23552
-16788 4829
-2738 4300
7664 2251
-3955 -15531
-2174 14191
3697 -6715
6623 -12064
6345 10984
-19066 5555
-11507 5182
-496 -4704
7142 -4129
2340 -4544
-4222 -24612
-2381 -10539
-20540 2972
212 2680
-747 13623
-9470 -4322
-2488 -12940
755 16078
-206 22478
10862 26559
-6816 3552
-13701 2602
-20056 -4513
-17315 -7187
6127 -14854
16476 -13939
-8082 -10124
11982 -10988
-2965 -8787
8517 9134
11836 -2263
5405 -936
-5274 -7292
17904 -4373
12265 -2735
7572 3852
1259 -2256
21291 -664
-18167 -10585
9088 15802
-2049 18212
-14762 10054
-22057 5824
-12104 -3923
2098 -8262
10595 -1769
32945 12860
6631 439
-8724 13449
-1665 9156
13066 5289
-11320 7573
6194 4971
-4144 17591
-19225 19029
-28164 -10493
10122 13555
8134 -1999
17604 2390
6070 12259
-26724 -11627
-19784 11095
-32310 -8649
5801 4369
4374 -7950
20684 7658
317 28768
-17416 19491
-21925 -41198
16344 -17473
4493 -11157
-2793 -15106
-20954 -22252
-22344 12297
-16546 -7943
9938 -13417
-3842 3771
9799 4579
-24144 27463
-35259 9585
-10887 1584
32932 3562
-4000 10687
-3744 8921
-16763 -34523
7246 -18144
15979 22655
15380 -21156
-5989 -6718
-11951 6899
13634 11179
1990 2018
6733 -25790
-3425 -6281
-13858 -13869
9811 -668
8866 -1924
8474 14120
-12733 503
4228 2953
-45 29800
4427 -22178
8152 -29360
5341 -11448
-9903 -11383
-36556 29551
-8520 -2956
-28928 359
-12913 -48344
5049 -10292
269 -31080
-4041 5682
5479 -18079
-5030 -564
-5014 1665
8748 -17181
25049 22486
-22513 16391
7622 13269
-29181 11033
-15611 -12420
14647 -1051
-6984 -11254
-14575 -23352
-19157 -5110
-4391 -47682
15572 -18696
-2010 14766
16759 -3130
19382 24575
-3669 -16475
-1194 -15958
-1457 -32435
18666 -20253
9323 20193
-5966 -12600
-3625 3095
6390 -20495
-30479 -23024
-27594 -26201
-10373 1468
-15098 -11153
16021 -30747
-16068 26729
-15427 -1465
-13589 6330
-40556 12210
-21445 -40870
5539 -283
-751 -10600
-4649 6358
2764 -11425
-4577 -17862
-12893 1967
-25213 -6857
-10779 -27154
9575 4690
859 -30850
22344 -19580
5492 4209
3917 -18943
9358 -2975
6420 -1893
-21652 -18577
-21102 8734
-14113 -8092
-18265 -26572
14288 17179
2885 -19932
712 4297
-4477 -21858
1807 -3236
26992 -14817
-3027 -13656
-2898 -16726
1235 6329
-17210 22092
-29759 17386
-14645 9502
7158 -12599
10020 -19091
3090 -10864
6187 6659
-3982 -7583
-1203 4904
-33833 23403
19734 -11967
15629 746
12446 -4145
7935 -17789
-9306 -14949
565 -462
3681 14182
-12957 2251
16617 14082
-36144 5483
-27314 -7574
15590 -15284
18879 16406
-21994 26024
5845 4653
14672 -3627
-31230 3599
11072 -14921
-2362 -4054
8599 -9033
-19347 8116
-1896 9181
-10131 7299
-22325 -6049
-19126 -7499
-10644 -15049
44821 -15709
-11032 509
11400 11335
-18634 15114
23140 16766
-20318 -2357
8175 1119
-36329 -8668
18296 -2924
5777 12270
-5026 -35834
2629 -1058
-4680 16778
-2697 -14325
-18304 20508
7475 8906
-17956 -9455
-18301 32323
-17207 -29859
30474 -19857
-261 -7556
-5090 8669
-6304 1764
704 -12783
2505 -4761
-16423 -19974
-4119 9953
24339 25073
1767 3884
6835 -8789
-728 -25832
-23991 -20686
2513 10490
9435 1312
-6083 13569
-33340 -19885
6398 -7932
-2360 -7173
4950 -29302
-8695 -8490
-15844 -36725
-14653 -1380
31837 4995
31678 -703
9134 -2701
-8645 -9529
-16371 29481
-16765 -77
-8402 12450
-17793 -2908
-12784 17973
-6746 8554
-20847 -10271
-8434 154
-13518 2889
2179 -26081
17933 12960
6600 -5579
-18288 435
-1517 -2245
1151 -31250
-16396 6860
-48380 -9064
-7214 -10928
5476 -43286
-3047 -9531
3457 -7256
-18737 -11102
-10017 -19383
-11665 -151
256 -17636
13695 -22160
12225 10725
-14069 -413
-1245 -9190
12509 1488
15843 -9994
-24297 -783
29076 -4069
4239 -1672
5872 38107
3309 -6530
-29541 -17045
-6883 -11074
557 -4621
-12796 16934
3714 -24414
3964 -31406
-19937 3597
28487 -20062
-6964 -3112
15044 2294
25794 14367
2178 -11736
-21276 1168
-34421 9423
13476 -18907
-13892 18693
17721 -7851
-21799 -21987
21790 -5755
-20457 -6493
-9463 12391
18524 -4091
8738 -34627
-347 -4190
-20522 420
-11686 -34295
4428 -4129
4896 -5579
-303 921
-32197 1472
7368 6920
19038 1544
53783 6680
-22889 17169
-10000 -3666
-12371 3593
-6711 9376
-26493 5618
-3133 18480
7710 -14871
-17944 -18988
-5213 -6792
-15401 -8652
-35025 20988
-28364 -4596
2551 -7652
16854 12118
14876 28036
3864 -6443
-25449 22100
-14701 2752
2495 -4754
-17915 -11702
-14574 -22253
4300 5579
-591 -15446
-5870 945
14574 2943
-23092 -4512
4424 179
-2322 -20155
-23593 21865
1180 23381
-11210 -15405
1141 16791
29516 -20304
-3003 -3076
-525 8395
21353 2887
721 37184
-17936 -4824
1037 -22613
10466 -16875
11760 1513
-11790 12708
10913 3684
-4410 -15338
25696 -23879
-14452 20072
-13485 15837
-14451 5781
-14671 17017
27721 -3501
5569 -18330
16733 -13197
-5271 -13170
1874 -14164
16024 -2986
-297 -4215
6316 -7679
4595 4864
17740 8629
-500 -682
-5000 -7112
-4163 -6042
13666 14220
696 8004
7836 1650
3766 -558
-12833 -5204
-12550 1939
8518 -7949
-5558 31420
-295 -16515
10891 -8045
19023 -7419
-47127 30793
-20645 -3310
-32696 6105
17496 -30068
32116 -50807
13986 6361
-7656 -36999
-23944 8348
-18084 8676
-30295 -18980
17977 -38337
-22755 -27211
-8624 16127
-9357 -2107
-8683 2346
-27741 5385
8271 -16140
-10830 4045
-1838 30570
674 25404
-32990 -8725
-34051 -26380
-5695 -9937
3995 6382
-11514 25465
-13023 -5680
29678 -24019
32185 13375
-10359 -24203
7114 -23081
21428 6034
7326 -5666
-758 30838
-19829 -2252
-11608 -16005
-3103 -11753
-12785 11599
-17969 2339
-17584 331
9942 1637
19826 -7602
16219 -12776
-5063 16180
1866 -23382
34725 -7730
-3886 -365
-25068 -23295
-14316 -4598
216 1721
-9260 25271
-7928 7899
17000 -2014
3220 -3093
17560 -4489
13339 1351
-39379 13216
-15348 -18041
470 -4266
1874 -146
-24091 -14713
-23484 2179
-21585 5531
-35800 -9984
-6553 -9758
7881 11428
-16492 16701
-38652 -7140
-10220 -16852
21364 -16592
13879 12795
-26695 -1537
35438 -17126
21376 1745
26993 -32905
7261 -7500
4713 10491
15714 -8833
4544 -3456
9127 14875
7870 8243
-11480 3630
-30534 -12979
-9155 -7353
3383 -2261
-45214 -19753
-48830 -39915
19496 -2212
6115 -8083
30931 -15056
-7212 -6498
974 -21208
11413 3401
11244 12067
-1026 -9483
10534 -27676
28013 1644
8265 26369
2058 16975
7534 -2999
18070 10357
11297 -2510
21874 -1903
21113 9783
-633 -34666
-9648 -2571
6841 1421
-2881 1616
-6363 -5921
3980 -46549
7487 -4337
-1197 -15480
-10264 -1974
28733 -1254
13590 -7361
-23678 25810
-6974 4737
1766 -263
11128 4364
-14616 2020
7020 11901
-35620 14819
-12355 7829
-7001 6765
8373 2646
3378 -25221
5641 -12641
-39 -22004
-1282 4435
1239 19037
-4416 -15793
-17427 -16905
-8457 -44555
11541 5843
15468 17821
4820 9849
3674 8916
-36184 -16281
-34092 -20514
12015 -7924
-13985 -19010
9497 5269
8964 -29172
-6451 262
5928 -1636
28072 4344
416 15221
-11395 24456
-24785 2497
-37025 -11402
-27507 -31283
39927 -3223
18099 -23113
26213 -1014
3773 -8697
-2990 -19577
17013 -28823
11091 -15060
15798 -6058
-3097 -3043
3270 5654
4402 -4812
10114 -4511
5329 9787
27909 3987
-4438 10921
-2273 214
6944 -12478
-853 -12789
-20827 -31668
-18262 -7798
-16021 -14592
-7485 -34070
32162 10493
19981 -21670
31553 9228
2216 -24024
2061 17956
