5535 -7106
10030 -746
9785 6553
1206 3922
7726 2455
5440 11034
-4593 11192
-9664 -1203
-5835 1586
-7091 225
-7312 -10903
2572 -11190
6842 -3880
5158 -1842
-2886 -4446
8571 -7503
7959 7952
-11002 9542
-8172 -7094
-3096 -7412
569 -9051
3227 -4327
1691 -1883
3136 -2640
916 -1975
-690 -3001
1910 -5321
5820 1801
-639 3801
-10700 -6473
1167 -16924
10396 -13522
15971 -522
5777 5770
1196 -1176
4586 -293
2821 -3235
9984 -621
13816 224
9786 6782
1903 5620
9539 -1312
5548 3429
2647 1451
9421 57
10807 780
10249 10355
-1492 11706
6391 8372
-6023 10923
-13363 2133
-4765 -2419
-700 2136
-5456 -1569
-3042 771
-6041 -2024
-424 1657
697 6147
-11256 -229
-5495 -2727
8 -5658
-2831 -2514
-241 -12282
1227 -9321
6597 -5542
10079 -678
6562 8019
2294 1669
6367 1048
4917 18171
-8826 7136
-5613 3018
-3340 1871
-8618 -2198
-1224 -10705
3383 -10161
9920 -7882
4786 1218
-443 -3974
11040 -5321
6339 8574
-12252 7312
-4639 -5097
-748 -4706
2842 -4301
3950 462
3089 -2117
2718 -1733
3560 -1968
775 -7584
5085 -2610
10027 3456
-2429 6726
-7055 -6151
-1606 -13127
12742 -10992
17763 3012
1070 6707
5068 -1665
9215 635
7655 -5764
12746 -566
8106 4288
8242 8599
4764 6403
7656 -568
2339 8982
2715 1728
2970 -2998
12760 3009
7068 12536
-2057 7885
6493 10528
-6180 10722
-8147 4354
-6139 2119
-1553 5197
-7526 -1766
-6051 368
-5712 -1520
2456 722
-1258 7547
-10716 -590
-4618 -7021
-2437 -602
-2986 -3301
-1617 -10039
2576 -6583
7887 -5419
11496 -296
6102 9908
4462 4396
-333 4763
3463 13879
-10064 11957
-8781 -820
-6730 1424
-12168 -5291
-4842 -11932
3621 -4438
8435 -4401
5464 1855
-3284 -4284
8973 -6788
4462 15946
-10106 6827
-4903 -10831
6849 -9652
4713 -4131
5732 -6169
5911 -3049
3340 1200
2853 -663
81 -4542
6428 -7898
4516 -2682
-4555 3473
-8155 -6533
1537 -11407
10592 -9388
12937 2697
2926 1959
125 -3206
5513 -986
4573 -2417
13575 -2252
9514 -325
8909 4359
4078 -558
6682 985
3949 8039
3145 -1683
7387 -444
12570 201
6725 12979
2718 5700
790 14408
-4178 12534
-9278 1756
-7836 1575
-2945 1181
-4711 166
-5494 -36
-1575 -4112
4115 1853
-2271 4532
-12566 -5860
3669 -6763
-3076 -2735
-2802 -4125
971 -10594
1711 -6174
10640 -7886
13316 266
4781 7257
4073 5505
2431 6844
1075 14721
-8538 8930
-4666 793
-7517 6716
-12693 -1449
-592 -11272
5767 -7622
9780 -2871
2588 1639
-677 -5216
10614 -912
-3200 11808
-11529 804
-1897 -10291
2687 -6681
3701 -8110
6936 11
3491 976
3442 -896
-5417 2369
-1787 -8254
3179 -7816
5377 577
-2522 3128
-6383 -7505
-1785 -14914
15701 -9477
12672 2622
-156 3606
276 -8345
67 -4024
4282 -5865
9282 -4814
13136 2880
8369 6434
603 4994
6336 4283
4666 4667
5927 443
4357 3912
12139 7877
7225 12204
-966 8394
1508 14616
-6581 11774
-10621 1041
-5616 -1233
-1070 583
-6825 760
-5806 -1076
-2159 -5372
4231 1705
-6165 2356
-3497 -3378
-1301 -6623
-3279 -726
-7490 -3659
625 -11087
7497 -7930
10626 -2687
10462 -2315
3748 5420
4850 3097
4107 5514
-858 13560
-8696 6875
-3882 775
-8421 1611
-14086 -5848
-315 -13880
3542 -8949
8125 -845
830 3361
-2876 -4341
12344 1954
501 13664
-12244 -2160
-1899 -8680
1064 -2283
4634 -7588
4795 457
2728 -2884
1238 -3735
-3490 -1881
3037 -5100
6927 -3322
1748 5116
-4426 -1002
-8278 -10072
1128 -19013
16678 -9564
8976 5521
-194 893
3830 -8120
1581 -771
3066 -7416
12202 -901
12619 632
5036 4503
4367 -1669
5883 2834
4952 4247
6760 156
2148 2942
11050 7015
5102 9171
5509 5738
-2391 11998
-9500 6141
-10085 2061
1181 -2133
-743 -1470
-4448 -488
-3566 -4516
-3301 -2918
5664 -1845
-2077 3662
-4080 -7542
725 -7187
-8919 -1743
-4143 -8239
161 -8349
8012 -5701
11373 -2674
9529 3005
1610 6953
3442 2330
7949 6319
-2395 15425
-11743 4523
-9048 2346
-9133 -484
-12406 -6419
-1520 -15491
5998 -7518
8641 -1697
-987 4369
1374 -7729
11310 2705
-971 11874
-11283 -2448
-412 -10015
3648 -7922
8024 -7053
6148 -1334
2288 862
-74 -901
-2210 701
2446 -4105
10631 -3047
6942 -101
-4673 2311
-5868 -12058
2179 -14687
16347 -3961
9287 5660
-2938 1367
4054 -3322
1225 -2041
7043 -7777
12151 -1657
12493 2064
4254 2374
1863 68
9943 1088
1506 6399
2104 6001
3574 374
10330 6455
5060 12797
2713 5415
-2257 9604
-8569 12549
-8253 -2765
-806 -4616
-6425 3319
-4468 3808
-2122 -2336
-510 -3426
1560 4571
-10181 4986
-4442 -7408
-2478 -6908
-5182 -1131
-1915 -6342
2191 -5950
6645 -7905
11817 -5560
11624 85
-320 7150
967 3520
10086 7113
-9035 12135
-14525 -968
-2542 -621
-9177 1841
-1973 -8584
-961 -10734
5070 -8907
7590 683
6 1120
7165 -10714
13665 5339
-2905 10018
-6081 -3311
-4769 -8141
666 -9677
7380 -6244
5271 464
3684 1535
343 -717
-3184 -4476
898 -7634
8842 -2139
153 2373
-4266 -300
-4357 -8829
4740 -18240
17776 -2365
8419 5482
2824 -537
9368 1893
4809 -4672
8461 -11665
11309 1616
10817 10268
5468 6918
3401 961
8910 818
3487 2618
5400 3596
4127 -1623
10106 6054
929 11827
1475 8823
-1475 13472
-9799 6012
-8549 726
-455 -3442
-5815 3089
464 1995
-2197 -1408
-485 -2810
-3320 -346
-6283 2806
-6689 -8268
1607 -422
-4371 -1788
611 -9922
1349 -10284
5282 -6040
12353 -563
12762 5236
573 898
5704 5641
6355 12374
-4047 12146
-10016 6069
-7476 -1211
-8717 -1073
-8437 -13049
-1561 -11940
4483 -6166
5917 -1332
-827 -2755
6115 -11599
8413 5220
-8717 9115
-13571 -3496
3186 -12518
5461 -3391
4928 -7602
674 478
4584 47
4442 -1364
-3058 -5814
4630 -7627
5368 903
-1809 5167
-10432 223
-2533 -14831
10203 -14555
10720 -805
4967 8635
1148 -4724
2931 -327
1386 -4151
5789 -4216
7490 4229
11145 6357
7434 3773
2303 655
7506 3959
-961 6014
2863 -833
9989 1683
5388 5331
2035 11385
3177 8031
-187 13905
-12215 2347
-2121 -3889
1546 69
-5204 4060
-5444 -479
-4006 -5670
2675 -5560
1064 940
-8661 3473
-1463 -7062
-3541 -1611
-2374 -5085
-1145 -8623
-316 -6786
5116 -7465
10124 -5339
-2013 1791
-4974 -4057
5564 2278
-5495 9853
-12173 2010
-22572 7652
5510 -1102
-6904 -1456
-12734 10173
4294 4978
-20323 -4189
-5081 -12077
-760 -5623
5913 -5320
-3267 9529
832 7141
-3802 10029
-6084 -2695
-7834 -4377
12134 -2578
-9821 -7818
-5044 -8303
2362 -8332
-3345 728
-1178 -6186
-3763 -2824
-7529 -9477
2441 -4916
9990 -5078
3860 -898
7957 15034
4192 5897
-7875 3539
1414 11778
15476 1984
17439 11472
1871 16628
-905 15711
-16040 8845
-9948 802
-12099 -7371
-940 5644
1246 11741
-15610 16039
-11348 11867
-16221 -3171
-11411 -702
-12636 2113
-2665 4248
8730 1553
-1932 8227
-3063 -8358
-3968 -1037
-8818 -2070
-9361 -7077
-15587 -3566
-5546 -6973
-5087 -1400
-12142 -18687
5899 -5722
923 6039
-17133 -4176
10012 -19984
16554 3638
-524 16096
9770 3292
2337 9360
-5746 17870
-16514 -5735
-7966 -1740
-13049 -10135
-14614 1575
-5285 296
-24848 5548
-15052 -3369
-8422 -23245
8209 -13306
2524 -10317
1037 5388
-4077 -767
-3941 1015
-9410 -3626
-6110 -4005
-14265 -3237
-8563 -16953
-102 -7083
1734 6726
-10353 7846
-3396 5137
-9493 -6268
-5623 -16260
10611 -6763
3205 4618
5760 4202
2553 15855
-4326 -1340
3218 -1472
-8883 -1166
15855 -3345
5140 13907
3900 13238
3880 6700
-20841 3017
7396 -1371
-3618 10732
-10671 18662
-13235 15005
-17569 15016
-16138 7130
-15491 2596
-13980 -2197
-9699 -6527
-1038 -11411
-9057 -7867
-2217 -7508
-6521 -2069
2315 -7672
-6090 10228
-12658 5237
-2361 -8158
-2514 -5892
-11696 -6791
-8325 -16540
2507 -18152
2109 5156
-995 -8034
6756 -17980
14162 4944
4834 9216
7648 -8143
-621 13709
4617 22595
-7901 2112
-4903 -15688
-12685 15666
-4184 3337
-8719 16411
-10590 1907
-20263 -5946
-7078 -14824
461 -10302
9919 107
4240 5873
-830 982
-6555 -4563
-4265 5198
-14847 11348
-25007 -2836
-13812 -3096
-3721 -15459
-8045 -6515
-10994 -14192
-6754 -1245
-13642 -9675
443 -7350
22907 -1194
-3718 2513
7847 -1044
9158 -448
-10154 4028
3344 31
8028 -7147
8792 5460
11600 11301
-13502 8764
-6865 22337
-20427 12547
-1642 4421
-3321 13569
-733 9027
-8738 8244
-27705 1985
-18787 15
-10446 -9316
-20064 1069
-4454 -8586
-1004 -6942
-270 -9955
-2690 5547
-4334 1548
-1339 2291
-7498 10214
-16645 -1899
-25224 -11350
-13751 -9379
-10416 -1972
-17227 -21605
6592 -7887
-5223 -3267
-11549 -2904
8354 -17939
6741 7148
-2099 7779
2048 1881
-891 -538
-4075 10323
-15549 3394
-18951 558
-13475 -5851
-5693 2051
3380 -3332
-16428 -249
-25808 -20609
-11407 -13054
10352 -13150
4176 -11269
-3107 814
2084 10479
-10312 13279
-12108 8527
-6020 -3359
-5822 -120
-9888 -2796
-531 -10115
-2602 -3110
-13055 -6936
-3799 3366
-592 -2342
-2585 -10659
9742 -7071
-2372 1233
21104 9400
3735 10284
1497 2966
5460 -4956
9021 -1725
18690 10313
21207 19182
-5534 13311
-11488 17581
-22404 1553
-4185 -3949
-964 5104
2678 6184
-10884 17584
-8576 -5639
-13481 -9573
-16178 1206
-8751 6208
-7130 -5665
-13595 764
-2184 1403
-7664 6596
-8798 3744
4902 -429
-4432 4744
-21255 5105
-13299 5282
-12135 -8676
-20786 -6110
-9210 -16755
11378 -7652
-7200 90
-1061 -2634
14505 -9032
9895 8803
-6918 15045
-2912 9183
3624 13820
-10345 15678
-2571 4948
-1805 -3706
-14424 -446
-12274 3689
-7630 14446
-28030 -9081
-9557 -6698
-1841 -18784
6015 -10139
-1118 -7248
1062 -1542
-591 -2041
-3414 2150
-14739 -10193
-932 -9897
-6009 7313
-8737 -5729
3811 52
-1805 -17
-1961 -5462
-34 -4067
40 -12780
3884 -17113
6449 -1477
9581 -7838
7883 -914
-2106 19825
-4059 4045
-4008 -3580
9043 3981
16091 3666
12894 20965
-432 15808
-5481 15051
-7381 8705
-11032 3093
-1799 4828
-5556 15846
-16825 6075
-11032 8139
-20512 2896
-17958 9484
-30725 -8718
-6609 -1959
-6392 9329
-752 2980
-22332 3637
-4891 1008
-4467 -1886
-14169 4743
-10225 -4853
-14841 744
-7779 -5104
-10214 4415
-3835 -7171
4185 -4905
-3704 10958
2084 -22262
7598 -3192
-827 9515
1551 -2875
-8360 9509
7291 2015
-8892 4121
-8032 112
5070 852
-7636 -2310
-10072 3076
-3336 -1561
-13116 6594
-16043 -18793
2100 -18742
6609 -13549
4769 -6071
203 5141
324 6386
-5609 836
-7999 -1750
-6452 3602
-15098 3363
-8994 -8193
10103 -8242
2170 -10265
-2294 -8648
256 -1181
-4913 -7646
-491 -8494
15662 -5967
17452 -761
14303 -5184
4643 1841
-2861 -1357
4820 -8441
11984 9158
12293 10140
-1775 19303
2769 14305
-12986 19732
-5445 9788
456 -4794
1972 8558
-726 19146
-3883 3531
-11512 7648
-5960 3872
-11415 8331
-21242 -4592
-6996 -708
-2079 -6749
1547 -3755
-15057 -54
1309 -3839
811 5886
-12331 -2406
-11008 3144
-11138 -1686
-1505 -12530
-6305 -6721
-3271 -14591
5790 -9127
-14582 -4434
3367 -13546
14807 -10455
-3389 11575
-816 4348
5508 -8759
3319 8890
-8913 11223
-8517 -2215
1909 -3887
-665 3586
-4683 -853
-12959 4774
-12674 -645
-17200 -16295
-16301 -10790
14386 -14860
2153 -2570
-1987 7044
-10488 -628
-17446 -3825
9357 2318
-5519 -13886
-14403 -2377
-9754 -10206
3725 -4403
-6937 -13566
-4330 17240
-8782 5620
-7142 1149
11601 -7730
5961 1031
11110 -25983
10014 5842
6580 11406
-14503 -9381
623 -2895
3132 -4042
9151 15742
-4077 20087
-5356 17710
-6478 16600
-12854 3784
-3697 -1341
-189 5324
-462 19784
-13613 9405
-12604 7803
-24003 10043
-23201 -11107
-8273 -9979
-13540 -10290
-15936 -1921
2912 3210
-5967 8707
-590 -305
-9531 4314
-4953 10869
-12264 -3226
-1554 -5090
-10223 -5321
560 -9912
-1242 -18634
10343 1679
-21437 -8043
-11689 -13184
10798 -8257
-2967 7934
913 -2210
8709 -761
4367 15281
-9146 -1733
-6304 -7039
-8305 -1142
3069 -1084
1399 -2513
-5739 11624
-23333 -3999
-14633 -18888
243 -12255
15496 -6511
-3663 3573
1546 17086
-15765 17086
-180 525
-8765 7104
-3880 -3159
-13609 -4971
-871 -10084
-2653 -8921
-1436 -623
-2001 -7082
-11444 4177
-8073 -9604
5514 -6306
10491 -2145
-1551 8145
14119 9650
6881 5907
-3393 48
900 6267
17172 -1277
14964 878
7899 5857
-1362 6965
-16234 14234
-20495 9973
2321 -9757
1013 7822
-3230 8710
-4654 16171
-19379 1684
-13268 20418
-6299 8116
-16997 1136
-10875 -6304
-16157 -880
-6833 6864
-7671 -6216
-19888 -4277
607 6882
-12055 -189
-10398 -15214
-14335 -7292
-13875 -745
-16016 -8996
2771 -18653
-2276 3384
-13443 -10957
1489 -13985
10123 -3137
4876 -5803
10671 5740
12075 3314
-11445 -5450
-5568 3396
-4118 5688
14941 -19114
-16119 -4430
6066 -4057
-6890 -8802
-27454 -9528
17722 -8090
-7572 -14051
10480 -3556
14416 11973
20617 -7003
4020 -5425
8197 1688
-2718 11966
-3220 15386
-31349 23129
-4878 2171
1205 12005
-10003 18025
2730 -11030
11312 -4858
3749 7412
11041 -6779
25174 -11365
7800 21083
-2915 13058
18466 -19129
9068 7649
8761 1173
5865 -9544
-13467 7483
-8914 -3672
-258 -14084
-5618 2525
19042 -1607
8872 7269
5888 29160
-9948 12991
-30156 -1934
-9770 -27016
7336 -19351
16206 22706
9999 7877
7244 -1805
-3424 -2539
-6530 8473
-5208 8418
-12805 24879
-17022 9253
-23095 25310
-948 17813
4852 -26710
-17120 -16585
9665 -755
1870 8559
-12668 2804
-9552 -6882
1693 -10023
-17167 2541
-8114 -15702
779 -20467
-11412 -6605
-2112 -12027
3320 -5253
5007 5930
-12044 8109
4085 7620
8948 4464
-10523 3326
3972 -13433
64 -18886
12641 8200
3609 -4232
11732 27416
6747 -5333
16801 10025
-203 10587
6357 13707
-1516 975
4218 17386
-5877 10803
-16354 -7927
-14491 -8176
-2675 -14270
5218 -11997
-1961 -10341
-4062 6802
6670 -23655
8880 -1188
15705 -18342
22013 -34071
4498 15692
1724 11308
5575 11304
-10336 8988
-4031 6101
-4706 -7471
-5023 9252
12675 8542
-19940 3694
1831 4376
11703 -18503
-5054 -11612
23670 -30341
17544 -3042
14611 12897
3643 13706
-8057 7877
-130 26754
13708 22620
1681 24698
-5104 9462
-9924 25533
-20498 -2913
-392 -9908
-14213 -17284
-12063 -13378
20705 -2133
-2676 18341
4519 7284
-11165 -969
-16153 3596
1457 -8218
1434 -8305
-13387 -4551
275 2084
3342 -10948
-11808 -15136
-15161 5468
-11069 9875
4019 -20327
2842 2462
-5453 -32223
-1130 -3629
5541 -23580
7964 -7119
6319 -11248
-9377 -1482
-388 6438
10565 -1732
19836 7999
-10305 6092
4944 -952
375 -74
-8474 6443
-13530 12977
-5588 -11413
10144 18019
16969 -10881
-158 1470
10114 -6394
-15905 -25682
19606 -19231
-7797 -7934
10850 7583
25246 17033
-2855 25962
-13628 13860
10212 -3474
-2924 -3890
12044 16714
11038 -8941
6444 12689
-18738 8998
-434 -12658
-8345 3462
5908 -7210
10738 -17605
17863 5872
1096 26780
1087 16752
439 9712
4574 5107
-13447 25197
-4698 7918
-9643 22468
-8887 2113
-18690 -7273
-3124 4553
22692 3005
8673 -2682
12019 592
11034 7192
-7757 4165
-15889 11555
1289 -17531
7392 -7630
1764 1828
-8712 -1226
-953 608
5365 -2790
-1796 -307
4538 -652
293 -8306
608 4061
-7818 -20330
-10997 -6353
-2411 -6974
2673 4903
26148 -9707
5733 10090
7975 18454
8431 1257
9269 1721
31521 -9953
-1112 843
-3484 14091
-15162 12305
-4681 -10136
3651 -13613
-10764 -5132
22567 -6228
12856 -9028
-1169 -11498
-4177 -3629
4849 2868
11817 -13302
4056 -12283
13986 -10627
6892 10702
1915 8624
-5599 16122
-2574 15735
-21960 -11896
16205 13257
21531 -7640
15025 20976
-5056 17714
-12181 9614
-17671 10830
-357 -18624
14118 -17416
12579 19684
12197 -1201
-3289 -8266
-641 1521
23606 -3470
-5310 11353
-2998 7042
-13094 16422
-13046 8533
-21672 -15319
702 -8095
-11225 -21384
11625 8888
8097 -11300
16345 2995
-5655 9627
-4906 -8123
-10831 -15082
-13554 -17001
3269 -12340
-1365 -25891
10860 -4711
1132 -3219
12490 -4246
-14508 6237
-15481 -6438
11162 -9550
8029 -20745
9431 -31195
22602 6166
-5940 -14813
10153 11056
4823 2089
11346 7846
9539 -7402
5056 17997
-1586 9443
8150 29716
-17714 16061
-19900 2483
-7187 -7381
-2893 -14170
-11897 -10479
-423 8175
-378 -2821
-4169 -5114
-1779 -2145
4457 2831
1967 10028
17427 11971
20145 -17339
24519 680
23255 23813
-13810 10383
-2877 479
-3930 -10597
4669 -7312
10241 10361
-10929 3316
-3433 10785
-6768 5386
-7124 -5842
6688 8415
23415 -24473
30307 3861
20299 -42
26402 16601
3032 -8333
11451 -10807
-6096 6077
-477 14912
-15443 24281
-9236 24161
-21307 -5117
-18870 238
-5185 -7219
-9759 6988
-1156 -3203
-5977 -11093
6551 -397
-14014 -8086
-6088 7382
1663 -10654
19521 405
-2131 12536
17090 -6760
-16350 13690
-6055 13451
-11900 -4547
-14286 -14369
1181 -4754
2554 -3534
-1888 -8413
-1836 -7994
-11050 3036
-1722 1659
13630 8788
3729 9674
3272 1281
8628 -1260
2351 11968
-2866 16047
-11060 9071
-9602 4185
-6844 -5693
-18227 -1316
-14874 -2115
-2465 -8777
-2689 -20561
-12451 -4527
-8552 -4402
-10613 2619
-9319 3129
7515 7477
17177 10800
13085 9263
8030 23392
421 -19960
-2831 -15105
1991 -7771
-6556 13944
15390 4850
-13142 10718
-5840 16778
-7338 4747
-12119 -14925
-13370 -10294
14931 -31737
11118 2875
4334 8033
9530 14460
-10 9972
3306 9081
-165 28219
-5862 17194
-14454 27715
-13892 -2690
-19365 9514
-18553 -9501
2559 -8663
-2811 -160
-2377 -7933
9639 10605
-6540 4208
229 -3308
-6722 -10959
-11603 -1868
21733 2583
4308 -5577
5669 14153
-1694 7209
-17566 369
105 12149
-10284 -29
-15385 -7926
-2256 1107
-2902 -14300
-1413 -20612
11800 -844
24177 225
-4987 14035
-3092 23601
-7346 -10385
13682 15942
15555 22995
-21286 11649
-9229 34360
-9390 14870
-10777 -5640
-11365 -12549
2561 -5094
-1981 -41027
15998 -3315
-7266 -24123
4472 -9824
-3252 -9526
3049 25362
10583 -12069
178 -2398
24693 27633
3070 22990
3792 5092
1056 -9216
11812 -148
7998 -6345
-2765 -8703
1175 8085
-334 8041
-19580 4557
-24323 -8606
1075 -18183
30049 -23015
25232 6187
30889 32321
-1927 15205
14336 10722
25684 21363
-11447 11540
-8829 -3893
-15196 5421
-15998 3201
-15807 -15045
-15985 -6380
-25001 -7481
-6810 1339
-20670 12257
-1957 2041
-18658 -3477
7543 1159
12961 -7567
2818 -1302
3473 -10675
-12469 1452
-10115 11582
-14924 -3551
-3401 13100
-17240 1918
6121 -11385
-9888 7067
-25880 -1294
-5635 -9577
15827 -927
9304 -10956
8029 3200
-17098 5211
14279 3390
6544 -17709
20456 -10720
17923 -1473
1926 13533
-3029 6950
-6924 20194
-11452 4024
4345 3971
-24569 -15655
3210 -1654
986 -2771
11146 -13280
15226 -8603
277 -5598
13572 -4960
-4967 -15621
24135 6104
8417 2859
-7874 7199
-10424 -180
224 9056
-546 3545
3493 2340
9299 9742
15330 9426
-5432 28104
-28640 1426
-18322 -8361
-4246 -26605
26908 -1912
26112 -3709
-10172 14596
6347 -1199
2186 284
13389 25526
3535 12152
-16026 14668
17671 8593
-24077 10016
-5715 20017
-19907 9645
6466 10096
11611 -22401
-21 1089
2060 12464
241 -5291
552 6035
-1829 4067
4603 -13917
2331 12598
-3603 2062
-22095 -1830
8143 11163
30874 14661
15561 3957
-24859 27819
374 -4300
-31947 21029
6879 -1858
31895 678
-6485 3598
17732 18393
-1946 498
-26318 -18307
-32468 -217
-1755 5048
-19410 -5619
-4165 -15566
3172 -22634
19715 -34618
-1786 1824
-5678 -18362
-2495 -39383
-25935 -3283
-21836 -17899
-10552 -33132
-14493 -496
-27762 -6302
-3651 -43439
17892 -40897
-19377 -1865
-5813 -8798
12030 225
-6913 18451
2693 8254
-20752 -10870
-2100 -1867
28566 -21366
-11031 17286
-18183 9099
-15119 -28625
-10866 -39033
34233 -27808
30575 1522
13565 -7256
5747 -15113
-20681 20168
-12143 8088
-896 -9911
-10174 -20376
-9963 -6333
-4173 -11649
24124 2242
-7243 -22555
-31618 -21372
-31755 29611
-1779 20138
-25251 -14896
-9920 -10340
13119 -15729
12864 1321
-5940 2772
25082 -12392
23964 28129
15070 18495
-12737 10758
-1332 6863
3968 7019
-15149 31940
1101 -8755
-6660 1852
-21216 -13998
12677 -16065
12801 -657
-8583 11376
-11064 3471
10832 15011
-10225 -33818
-14652 7865
-12106 -23265
-21986 2615
-18204 -1524
5492 4445
-7564 -11501
-13938 1084
-2762 12354
-9633 -11894
-3253 -27186
-542 -21045
14736 9921
19194 -17220
-3339 19619
-766 -11525
-7702 14676
-6891 27843
21908 1501
1796 2839
3004 2812
-939 7532
-1973 -19600
7148 -287
4757 -5831
3945 3127
3102 25410
-26826 -16095
-35515 5631
15830 6107
-24132 -5400
6220 -12922
17771 -7284
15205 -4341
10474 4739
-8572 -22043
8500 -12381
-12509 -1102
-13864 2362
-11703 -13528
-601 5863
-35692 16204
-2625 18774
3915 1154
-37752 3698
-3068 -14061
-19721 3893
-8481 -7004
7437 -26036
11815 8189
-5131 5396
26685 22528
-22408 7773
-2045 90
7734 18435
14845 8978
-9592 6099
-1393 6412
-25386 -15026
-8373 11112
-6534 -11333
-4161 38312
-3247 8446
14834 24150
5962 6245
-4324 -19418
-9891 14404
-30113 21385
7583 -6886
8132 -9448
16651 6709
95 -15995
-906 -8309
962 11905
-17934 -39299
-10555 -8195
20429 -10571
-14948 -8101
11626 15498
-10105 5752
31754 -457
2697 -10758
-13427 -20184
16568 -28929
5139 1884
-37162 7375
-30809 -1408
5619 -51728
-8371 1487
13816 -15274
11522 -4232
-15728 2296
-5944 -18343
-23654 -5771
16140 -3546
16470 -33650
17143 -16364
15577 -12180
-10479 7352
-13076 1369
21621 -13404
306 12036
4785 -19016
-3751 20810
-7805 8934
-21394 -13146
-21890 -14483
-3001 -1812
-23678 -9328
-4454 -9896
-1814 -7541
21842 -17815
-6569 -5956
-11619 13236
21170 970
15939 8731
-7710 7941
-12668 20870
2868 20396
-7089 20999
-2745 18925
3272 15885
-7061 42070
-11172 8609
22888 -2507
13521 -6329
-27415 6158
-725 -12074
-13947 -7850
-14197 -1354
-30251 -1797
-58473 14108
-12485 -12918
5824 -23054
7148 -19092
-5687 17808
-23704 34730
7423 -1623
-43431 -9450
-18779 -16361
-5543 -8139
8715 -2683
-2872 -13714
-2538 2013
-26351 -4701
4415 13525
-6350 -10396
-7986 20660
-19590 -10521
-39783 -28363
-4656 -1354
-16595 -38520
-5114 9969
-3683 -14697
-9207 3788
-10603 -16744
4655 -31298
-3359 7549
-11484 18255
14663 -24939
18135 33920
13629 25397
-5769 25035
-26077 15726
4136 -12992
-9422 529
17369 -17354
-18923 9293
-14478 31074
-18712 -8675
9307 -380
-13335 -27975
11681 21418
-16037 -1885
-661 -22271
-2236 10938
9306 5141
40503 16411
-6593 22823
-2349 32495
-9962 -5105
-9297 -6643
-21770 15208
12088 1272
5901 10543
-15525 24505
-12866 33868
-32655 30139
-4561 -7189
-5264 117
-15047 -3243
-11564 8299
-13661 4932
-24527 20067
-6345 -5947
-11299 1369
-22067 -31755
10162 4217
15300 -762
9221 7819
-23946 10860
-13827 -3849
-11290 -46785
1694 -4754
13139 -351
-1671 -869
6776 -21081
600 -27231
-13094 -29081
2016 -714
-30659 6833
-35911 -18430
1437 -19359
-40731 5934
-18328 -98
-1047 5095
5541 -21635
14646 5356
2040 -17394
-15084 -11382
-3959 -16068
-10208 -31615
-21023 8713
1615 -19128
8268 16698
-232 2143
-6007 15395
1259 1667
17098 8838
8935 -10846
14773 -18111
-16659 -21198
1185 2534
-8248 -13654
3296 -14945
22340 -18647
1114 -17603
18189 -3192
-15730 -2601
2904 -14505
7886 -13683
6047 11938
-2955 -1450
-6581 4742
-29811 -7253
25113 -18787
4004 -12056
13118 23344
378 22440
-7227 17433
-6487 -5646
-11776 11447
6281 -10941
30274 -937
7999 3047
-30002 10725
-7685 -13251
2845 -3434
-23098 10767
-11469 -17270
7559 -28705
19873 -16764
13051 -9208
-3153 -33
-6417 -417
-5619 1761
-17756 -2052
13325 19766
32666 -7048
17598 -19914
9992 -7933
405 -19428
-16843 -8159
-489 1676
3349 2160
-19259 -7696
-18167 31313
-26596 22736
-18362 -17902
13570 -46952
-553 -16927
3887 -3194
-17941 -9734
-17702 -18710
4147 6177
3323 -6272
-11774 19421
19616 -10055
10732 2424
-12410 -5909
-7004 -18365
-8010 -5171
5854 -24907
16211 -14562
11270 -15106
-18214 20659
1410 -7156
-697 -6487
-4500 16
-9780 -6279
-21113 12308
-30218 -22851
3155 4313
-3032 670
5289 10342
29444 12737
-14740 -16301
-16500 22280
-31532 -4248
7638 -10244
36902 -2469
-25117 -7345
-6046 3437
-1474 19658
-9132 -5439
8934 10589
6861 22074
-5742 -3964
-4735 -12485
-3958 -1263
3376 -32327
19983 9311
-15270 -3491
-19283 -37268
-1474 -37362
5433 -36754
5687 -15718
17315 3545
-3424 9210
-20424 -213
1814 11308
-17279 -10544
26863 20131
-15175 -16635
25833 387
-9227 -20068
-1254 1740
24188 -207
-9480 -22281
-6779 1154
-17351 19855
-13074 -4781
-18428 -24397
11195 -4126
14149 25754
14858 4126
-19178 -4729
10040 -13482
13117 -26706
-9924 4729
-24828 3613
8431 -13463
-18557 -5124
9029 4228
-19058 -8723
-18830 -30444
2495 4846
-1933 16900
-424 1752
15189 -1693
-2651 6335
10386 -4791
6900 -704
15530 -28015
19029 -33262
9444 -3771
3738 4829
-10173 1664
-4305 -9809
8899 1897
24481 31126
-430 12448
-6865 -19431
31116 -989
7643 -4115
1585 3227
-16445 16684
-15743 526
7575 -1350
-5428 -25109
-11246 2031
-8256 10710
-2520 -18136
10626 -2095
-5194 -2358
-20447 8144
-25806 15549
-47348 9522
-773 -46674
-3838 1182
2691 -32826
-8635 -551
-30622 -4701
26356 -7825
-22136 -24469
14587 -26742
-7283 10010
-27370 -13675
-5435 1947
-7968 -16592
18932 -4270
-35535 -8494
7053 22160
5967 -7326
-11340 30873
-33199 -9212
-12857 -14365
-278 1597
15635 -11013
-12328 -837
-8603 -31462
20081 -14009
16532 7747
2323 3201
-717 -9855
-9813 -8382
18315 -7771
-9894 14703
6936 9593
-445 -38892
21251 -8194
20653 1669
-13728 24747
957 -10752
-12791 -38584
14923 -17885
-13740 -33467
-19845 17488
9356 -7306
-2621 -14529
-9187 6540
-6348 -10790
17465 -36514
18148 18240
