1308 -921
-2983 43
1752 -2121
1794 851
1668 -376
1717 -485
1087 -3226
-62 -1136
813 1929
-1083 3
1584 -606
-1316 746
1766 819
-1276 -2276
34 147
-390 -233
2697 195
1952 -1905
-956 -28
-1154 -1106
348 92
-20 127
-1140 -64
-903 25
1062 586
556 -483
-24 -14
-685 -367
290 35
-416 802
-291 153
-70 527
-274 89
-294 -272
521 -172
340 -143
-434 -135
287 -188
-86 91
160 -175
-157 121
-147 -173
138 83
-138 -111
-105 -180
-193 -145
-374 -243
93 -548
234 -66
-118 406
85 471
-55 466
264 14
-233 -141
-297 -73
-341 298
57 190
194 4
-246 -49
-143 249
115 -25
-42 -191
-135 -112
-110 -242
1687 -914
-3233 -16
1799 -2424
2003 1183
1703 131
1565 -715
1534 -3170
-233 -1426
289 2137
-1292 15
1436 -81
-840 252
1246 730
-542 -1394
973 -499
-332 -132
2059 995
1557 -1004
-1114 -122
-1565 -842
473 206
-603 -77
-1489 -486
-895 381
915 523
428 -501
86 -40
-537 -37
471 24
93 381
-165 -165
49 -182
121 -17
136 -191
73 -83
317 -108
-606 -235
641 182
84 340
282 -87
156 -72
234 -143
150 -356
107 -70
-380 -538
-28 -245
154 269
-518 -262
37 27
-144 -322
-183 -14
-194 -328
134 -293
17 82
389 -22
228 36
97 142
-323 -168
417 -238
178 215
-290 -110
349 160
116 -139
70 -110
1609 -501
-2571 459
1702 -1908
2670 1218
1652 529
591 -577
2051 -2911
187 -1353
-515 1651
-1126 3
1497 -429
-1435 -240
1556 914
-256 -1738
254 -271
-206 -1030
1765 1459
1759 -501
-1094 -11
-1576 -1660
-208 345
-720 131
-968 -685
-1144 -313
603 689
263 441
-103 -109
-300 -621
373 8
-619 497
-88 330
-1 -440
-588 149
-642 342
59 381
-483 27
71 -373
319 260
350 -129
449 -629
178 -105
-220 -206
-185 -89
195 406
-69 -146
-439 406
344 -35
728 6
262 -96
-352 -363
-360 316
-208 -484
403 -231
291 198
69 -481
-193 -474
171 -399
544 -288
138 48
35 -126
291 138
-142 11
-253 -490
-147 148
1502 -352
-3148 -46
1972 -1747
2323 1169
983 351
1133 -522
2104 -3095
349 -2018
-211 1346
-498 -92
1529 -137
-1181 -382
1884 1339
182 -1863
234 269
279 -305
1576 2217
1486 88
-1309 -138
-613 -1013
149 300
-310 -59
-755 -617
-738 -535
257 819
861 -196
195 -297
-24 -87
-139 72
-84 191
492 -43
292 -53
-252 278
407 128
-197 -340
565 49
526 -101
-57 504
-665 -276
127 -425
-229 667
-194 11
67 458
178 120
308 -472
178 330
21 19
107 -59
-478 -108
200 -128
93 -35
25 -231
586 -332
416 61
190 9
-279 -45
-523 -150
-117 -199
-268 -341
-372 83
-25 -108
-451 -57
-176 62
-5 485
1217 -315
-2526 40
2087 -1841
2063 1679
1659 196
1454 -483
1505 -2728
310 -1759
-97 1499
-698 -83
1688 344
-1485 -85
1318 1614
230 -1902
81 223
396 -509
771 1479
1958 -110
-1155 -521
-1052 -1487
-312 190
-139 -490
-551 -1059
-773 -810
-89 1255
469 126
84 583
115 -274
244 405
-420 154
-448 -527
-103 -153
45 213
-286 52
-312 133
364 91
280 379
247 128
-301 120
-172 -407
204 265
-21 -321
705 138
36 534
-25 -32
-90 59
517 73
88 638
10 -177
231 -106
231 -310
-383 -245
174 -350
-576 -167
422 -319
-84 -430
-435 -395
-7 593
235 187
-197 204
-494 -55
194 -318
13 -219
208 -394
1624 -449
-2682 550
1969 -1831
1968 1310
1275 178
1522 -747
2238 -2374
319 -1721
-456 1773
-926 -192
1673 155
-1531 -538
786 2110
290 -1695
736 502
-43 135
-175 1680
2160 189
-1163 -496
-295 -1549
-602 -194
-16 -351
-191 -1084
-300 -887
239 677
169 26
476 228
-136 -170
-263 126
-143 -45
565 -50
188 -203
234 -22
-10 -43
12 136
-112 389
-37 -172
-200 149
-174 218
396 111
161 243
89 43
415 20
91 774
301 -108
144 -111
-250 11
188 425
-501 -2
349 -149
-27 312
428 -156
-53 579
487 233
-33 -250
48 -573
137 225
318 117
24 -122
-279 163
116 -133
447 -97
-487 168
745 -1
1639 -518
-2928 347
2067 -1542
2264 1582
1655 512
2164 -722
2254 -2377
669 -992
-622 1333
-823 -837
1298 -334
-1233 -789
718 2450
688 -1399
605 -383
255 -45
387 1521
2066 807
-359 -1571
439 -1414
-538 246
-205 -150
-120 -787
-61 -1002
-395 545
-385 829
350 312
415 -648
-152 197
-274 445
-96 12
-774 272
138 -210
236 263
220 707
-103 57
-196 211
-386 -18
4 -113
-143 -54
214 -117
84 46
-133 70
-15 264
-391 -107
445 140
-38 411
191 361
-460 -215
481 324
196 -27
35 -501
332 212
191 -698
32 361
-63 321
244 -395
-80 388
-195 94
141 339
-386 350
177 276
-226 -412
-45 -304
1698 -788
-2841 427
1913 -1836
2133 1803
2102 555
1481 -373
2050 -1948
850 -1534
-651 1267
-577 -356
1978 584
-1244 -1243
418 2070
1057 -1751
352 105
-44 -244
-291 2390
1293 949
-538 -1269
225 -1070
-190 241
-225 120
226 -1244
531 -847
-283 949
280 618
-318 256
333 -415
-181 -351
-383 -382
-471 123
87 109
638 -384
-68 -177
-76 -648
136 -147
103 -266
-335 -71
406 353
84 62
-376 -10
387 413
-181 36
-39 231
111 -240
168 -170
426 0
27 306
-349 34
276 292
281 318
149 179
27 149
-399 -391
-225 477
-311 219
-245 -98
11 133
-247 -450
-541 263
-202 296
118 -161
-95 70
-225 155
-2957 748
-2870 -2164
4809 -191
-933 2100
4001 -150
982 -373
494 -606
-1358 1701
-1914 -461
2980 -1746
-1215 546
1479 -2402
-1615 -210
1327 1206
2098 202
973 -222
-200 935
178 -598
770 1730
1244 1065
1035 955
-929 -270
47 703
1225 -326
-1329 -407
228 2317
732 -119
515 -1333
774 -401
-96 -1119
-216 -804
200 -707
1091 -316
143 651
-264 316
-693 948
-519 1582
956 -172
-490 -192
582 143
357 -125
-335 -749
-211 -858
227 -269
-1103 -1217
185 -377
510 -555
-477 -372
1048 -445
-837 -985
-674 442
-246 -423
-674 -1012
1195 1165
-602 -1290
841 -125
-1133 252
-168 -192
-486 404
408 188
293 928
-435 266
248 -868
-626 828
-3465 -498
-3034 -1464
4534 1222
-135 923
2834 -319
1679 -2330
135 -541
-2682 1647
-1795 -211
3537 -1046
-1789 -1676
428 -2567
-402 1514
-143 767
1518 1040
-1101 -345
-728 622
2836 199
1379 964
1251 1393
657 2192
687 336
1266 362
-1324 950
371 -671
-16 1343
-701 -39
865 -284
-29 814
-239 -208
779 540
625 635
204 -1496
-437 -229
806 78
528 406
715 439
482 595
169 -87
264 -1076
579 560
-577 101
-149 616
225 -465
662 62
-660 851
-576 -1584
359 1018
213 618
950 738
465 -372
1038 -49
316 1538
708 1295
-606 -147
157 -43
191 1150
-1151 1481
-1284 -242
-129 431
-8 925
-1068 292
1096 218
426 -566
-5358 -900
-2564 -3640
4317 -320
-978 1463
3746 -226
3622 -1280
242 -147
-2444 258
-65 243
4116 -250
-1492 41
1429 -1286
-2369 492
-98 1787
2745 1368
321 387
1175 -2074
2396 -677
923 1538
748 167
991 1514
631 627
-1190 1035
793 2050
-1702 -1437
-916 1468
-59 -1029
181 390
117 -983
1864 -371
5 1307
704 277
747 -280
1013 319
-815 -1377
-140 -438
-1378 547
-301 -346
-1103 -1667
215 771
703 100
-80 516
-151 -621
-319 1244
-395 -31
-67 1454
545 -850
-615 719
-209 108
488 491
-135 345
-828 997
542 -697
-35 -762
-837 -276
-441 121
930 527
844 304
-249 453
565 238
-635 -405
115 587
956 1401
-379 -186
-4095 386
-2737 -1274
4543 385
-2365 1860
4526 295
2221 372
430 -1513
-1678 172
139 531
3730 115
-2209 -1565
1396 -1750
-2785 870
-285 1839
1430 715
602 172
173 -1016
3286 -275
-74 2136
-419 -621
-3 2274
655 -8
-886 469
-571 1612
375 -1560
509 447
386 -7
-253 -714
-105 -1324
1350 539
-952 -124
-1047 -593
78 -288
-316 -664
-655 -305
-1150 -261
-180 1031
503 1025
-986 675
374 669
-198 294
1603 -787
-483 785
-553 523
51 -211
-480 -889
8 -290
-459 276
972 -242
-996 -761
-1133 -895
-1269 -274
-625 211
400 1178
256 -512
417 -251
271 -1
1113 751
1662 1226
447 -205
-957 -479
1178 -750
632 637
454 -722
-3936 1314
-3275 -2039
3621 -273
-1826 1067
4184 -556
2730 -1124
1250 47
-1609 691
-1927 85
3693 347
-1374 -1671
2571 -971
-1996 158
-371 1370
2292 1185
-1074 813
589 732
1783 1431
-400 1432
860 1089
-242 2801
178 1201
-330 649
-823 622
1457 -1395
-1067 633
571 -823
198 -733
736 -407
215 -450
828 536
-195 -122
-57 274
-274 -325
499 -293
-456 -455
-636 -1755
-7 124
376 18
504 -74
-862 831
-1436 879
-928 -670
333 -434
721 -66
-1762 -196
-1013 -533
517 -603
868 573
1361 -630
-178 732
1206 -768
637 475
1063 965
-365 -1224
496 -707
45 -96
823 -938
1173 38
-1058 789
-91 172
670 -640
406 -581
25 389
-3745 -204
-1073 -3033
5228 473
-496 1683
3683 -663
2743 -899
1332 -528
-576 327
-341 -1082
3818 972
-1502 -1170
2371 -2177
8 -76
246 -146
870 1182
-377 394
885 51
1216 2232
-1704 1384
518 1671
770 4237
-2145 -227
-858 -720
239 -281
-436 -687
-348 1156
468 532
-770 8
789 183
76 465
-1106 115
762 334
-42 -764
245 232
-895 -750
1079 104
908 196
302 -618
416 120
-712 -580
-117 -228
-829 625
-523 -127
-600 -649
-952 -549
308 422
453 2
-1216 311
727 -4
-156 -380
607 -961
442 -929
-729 -954
-79 585
443 -106
87 419
-283 472
-503 -349
-435 996
-1370 -428
-19 371
-111 -9
-439 -246
-703 -907
-3609 -426
-2750 -2791
4553 186
17 -177
2668 952
1908 657
662 -211
-1903 -513
-342 1278
3064 1495
-2312 -929
2210 -1745
-2560 -1048
-40 1448
715 2593
315 -155
146 1220
1050 1205
-205 2503
-651 429
-2198 2653
-925 -70
-2108 367
-98 97
-31 -87
-1606 479
1341 -424
-695 1333
711 353
34 -1248
225 26
1108 -463
612 130
-1046 -837
-93 -1209
716 -535
-135 -1021
463 -150
-725 -1508
-191 383
143 293
87 237
890 -494
-1035 -15
931 842
-276 -1522
192 480
-904 -402
933 385
360 38
207 -245
1110 -641
-621 467
669 1067
725 -59
-232 -281
-645 349
-1447 302
-178 -405
89 -1193
-361 -203
283 40
-1017 1018
-205 138
-3737 824
-1184 -4445
4589 1189
-300 -55
2711 1483
2182 490
1148 10
-2549 232
-574 662
2211 676
-2017 -1771
3492 -1466
-968 639
264 -87
1057 2694
-366 -434
524 -384
1448 636
452 682
116 -170
-2718 1832
-295 -420
-545 -387
100 -490
705 -674
-1534 308
211 272
-952 1435
110 376
-172 1097
-708 8
725 -1031
-1936 192
-209 1094
-605 958
-590 -692
680 -282
760 -662
501 -38
-452 220
23 442
-707 -122
459 -549
-1135 11
276 -776
1225 563
-277 676
110 -395
111 -1599
443 -149
38 456
110 620
1498 253
340 -346
-1199 151
-648 -63
-844 -222
-737 -570
-64 275
1924 -70
-317 -769
-706 -842
-56 783
-32 331
-613 698
-1386 774
98 -1992
163 -1877
3550 2643
706 -4268
-2431 -921
565 -3678
1991 -668
-2392 -798
3111 -3800
-1123 85
-281 1266
-794 1205
471 695
-944 1418
-212 -1204
1074 2264
2242 -461
-1996 1566
226 -661
928 135
-1025 904
-1480 1487
689 -251
-804 -2893
-1520 -826
1835 1077
-2323 482
537 563
1024 176
-1000 -181
-1930 -666
119 596
-1372 -51
717 -1570
352 -1584
-1548 921
1268 -91
-238 -1298
822 -438
635 1036
-302 519
816 92
461 2928
660 1815
441 909
-700 1647
-57 207
155 289
0 71
1254 -955
-810 1648
-1157 -595
1239 2456
-1723 825
1574 -2730
384 755
544 -1579
-703 -998
-178 -2139
-395 435
-724 1814
1135 -1205
-683 3421
74 -1698
182 -2833
-1120 -865
5885 3078
1415 3103
-3191 -69
3259 -3144
3351 -1564
-1649 -2308
3367 1305
-15 2303
-279 -1643
985 -1912
-877 469
1539 519
2392 -1977
-1279 -397
-26 1541
-1089 -748
603 -13
-62 -889
-2225 -157
2716 -1574
-2238 573
1053 772
1498 165
-1126 -239
-1046 -1863
-915 -353
-274 -1040
-1962 -1554
161 1319
981 195
-1300 -517
-497 -339
-22 896
-971 -2369
-410 -429
-859 1234
-408 -1476
980 -419
465 -119
-73 1415
-332 40
411 -128
-260 920
-784 -2135
-268 125
-740 -330
-1102 1119
-795 587
-1447 -3302
-880 -1750
-1168 -658
-2118 -787
-979 -1456
3104 -1938
1586 1800
640 -1348
87 -1262
217 -656
-2760 1503
-1805 1002
1827 1589
-2764 2590
657 -2342
-1496 -2088
3936 3831
-184 369
-2617 -2628
3254 -910
1193 -1123
-1854 -4127
3690 -498
-834 -102
2373 -132
982 -1468
-1210 1114
-1493 1494
-995 1447
-1553 2611
631 2021
677 2251
1112 1137
-153 -2409
820 -1109
-165 -2975
1345 2533
1299 -2444
-376 1503
-283 -373
-575 1140
-1223 660
-479 -4118
-482 691
-123 677
-189 -481
600 3473
845 1
1078 -825
712 -126
1151 2780
-738 -1169
-235 595
1070 -1920
-486 1374
-30 -2830
945 -771
793 -3472
-1032 638
-794 -1328
859 952
942 -696
751 -1219
2380 159
-1355 1505
-582 1238
1500 1000
1200 1660
-2304 143
-2151 -209
1167 -156
-76 741
1036 249
-151 -824
-736 -1533
1063 916
1206 1499
188 -1908
35 -3370
1841 -796
3608 2361
1415 -918
-4493 1768
782 -927
499 617
-1076 -3932
3457 3852
-1580 1719
659 -921
-1440 -1376
329 1183
-2340 1148
2088 -1215
-2495 104
1628 -154
611 1134
1414 -817
-512 -2586
1103 -229
670 -1428
-976 1381
-1783 1914
-613 -1
1980 1383
1070 1743
-2393 -483
1820 45
1311 853
636 853
370 1674
1017 1602
299 646
-190 -1690
-317 -1234
3205 -337
-597 330
1629 185
-3519 1515
-295 -2969
58 242
-368 971
231 -459
941 -982
756 1477
-1436 960
2015 -115
1814 1366
1295 154
938 711
-2132 -1730
284 -442
640 475
956 -46
-801 -140
-1466 -1073
276 781
1434 1261
949 1565
582 -1377
-63 1457
-763 -2335
-1596 -743
600 -738
747 -2671
3012 5555
309 1320
-2399 -2729
1572 -417
2137 523
-524 -4165
3413 3848
-2076 473
2310 -817
-52 155
-4070 893
657 -315
479 -272
-1633 177
946 2224
-324 523
1510 -1749
1448 -2284
-342 261
551 -690
-2700 393
93 528
115 -396
357 1472
-1512 624
494 512
-774 1
1562 940
782 505
713 -1227
670 -190
172 -79
-1854 426
-801 153
-125 -2199
1174 1665
1279 -2081
3199 -386
-829 51
-334 1508
-471 -653
1786 -1533
1080 512
-1253 -526
-3644 -56
-856 841
-539 -1302
-1320 836
-537 -573
-429 -837
655 3142
-243 2448
966 758
-1280 543
-863 -399
757 -1018
2791 -745
-1257 772
-402 825
-418 985
-286 1285
-3853 172
-265 -1366
-1020 -1691
5254 4701
1268 2360
-4262 -399
0 821
112 1423
-862 -4573
1679 2791
-83 3361
-1535 -552
88 1065
-3095 828
500 -1153
1939 329
-699 -2671
1642 259
-986 -207
-2095 -1889
5292 1438
782 566
-2191 441
-563 1725
-604 -467
-1241 -2227
1623 25
-1013 -560
-266 50
1760 -1694
-2099 -1098
515 1505
-828 222
1460 697
-860 -2338
-2735 496
200 2218
855 -1349
801 1979
456 293
2025 348
1523 542
-464 386
1166 838
-70 -1180
-47 717
740 -1182
-1338 -105
532 1335
-1484 1074
-1957 1007
1842 -624
-2447 -2391
-62 984
0 1543
361 -2467
28 31
233 -1244
2554 -877
663 -419
-590 1106
2138 -111
-934 1248
-1562 1958
-1188 -1218
1626 -2221
-3745 1188
6132 3186
-1009 -233
-1820 -1833
2401 -186
272 -3101
-1 -3204
5565 3351
-366 1317
2706 -603
-464 -2460
-2426 1451
-1603 -26
1553 -1198
-2301 195
-801 749
1356 -692
3612 -823
1528 195
3003 -2538
-1255 -167
647 -623
634 -880
-2755 175
1043 -914
-1158 -761
416 917
303 1082
-1858 -206
-735 207
612 412
149 241
-1270 463
306 712
361 11
1475 3431
1163 1355
-737 195
350 800
159 126
624 -646
-358 254
26 1513
1833 -845
-962 -1117
-946 -133
-337 590
676 44
-994 2376
375 -1172
-634 -1256
14 -829
354 -1463
-196 -930
2137 -854
76 596
-234 -255
779 -632
-1103 -1451
1142 1305
438 537
-1209 1291
-3678 903
968 -2214
-2440 -1519
3026 2277
682 -244
-1869 -3873
3363 925
1869 -1554
670 -3006
2343 2713
-1166 3459
-1330 -1542
-1504 605
-1600 -506
-1325 1068
766 1225
-727 1077
-1533 1747
-667 864
1840 -624
928 1479
272 -309
-2645 1484
-1393 461
1020 -485
914 -1490
1806 -1431
200 -63
1122 -809
1902 1226
-1736 932
1200 1101
-583 -1051
1060 939
-1052 1910
-867 1393
-660 1579
-2749 -250
64 469
95 -553
-296 969
224 749
157 -1425
793 2265
-2439 -308
89 -263
-344 -238
-74 811
-1111 1215
267 -806
-185 -1658
-3588 744
1106 583
2604 -886
2568 -57
2122 296
1489 -88
518 1064
-2948 409
255 1235
692 1617
750 -1695
-200 54
-2656 -3742
416 -792
559 1108
84 -3212
3981 1168
1252 6413
612 3287
280 -400
-345 4439
-915 -620
2890 4505
-370 6481
2101 -390
1128 -3353
-2301 -1621
2884 953
4047 -788
1879 -3888
-482 -633
3896 -2325
986 210
-838 -3096
-190 -1603
1297 -1615
1015 2411
1227 3867
-69 1608
-5460 -952
2298 -580
-2126 1026
-1688 965
1337 1846
496 1988
-980 -3003
2382 -746
886 2299
-187 -268
1021 -1112
-1058 -948
186 535
-423 891
-41 -2485
-921 2145
-468 -302
412 -3871
-2183 -2219
321 -387
499 -1442
-1050 754
1100 1102
918 -1107
-1737 3219
3441 -2447
-380 -603
-1669 -2199
890 424
-977 3106
2141 -867
-620 3167
-250 2052
1126 3313
1383 -1476
1630 -2846
-1933 314
-2976 -6184
-830 3118
1973 -465
155 -774
-58 2546
-1187 -2560
2774 448
-2695 -875
-5636 4823
-854 452
2925 -637
-206 1818
-594 2434
438 3677
1915 -721
284 2327
-982 1983
803 -1757
-252 -1447
567 756
2004 -2861
-1332 -1461
-290 1851
-3935 3667
3422 1802
-2141 -2398
-2387 -408
-233 890
2072 1214
3580 704
-412 1453
2108 152
-662 239
-1548 -716
2006 -436
-550 274
-973 -1495
1715 3597
643 2098
2771 -991
-1177 2494
1235 -872
-830 512
596 -1422
-497 -1212
-514 -1545
2240 2055
361 2252
1078 -336
454 -849
217 -1414
-317 -524
2068 3055
506 703
3438 1284
3997 2158
154 1990
-2683 1795
163 -2698
-114 2391
-895 837
2100 957
3899 -2004
2481 -1169
-2317 -1959
2053 -118
1480 826
3510 239
1197 1842
-1465 1809
1963 4250
-1466 -1935
-3605 3031
-1427 2901
4232 1610
-457 3672
-2108 324
1399 572
678 -2410
2445 -1715
542 1143
3384 -3839
-524 -1178
-2167 -3488
-473 -3404
-581 128
-1772 -445
-1176 4006
180 -2205
-1443 2829
-159 -3449
855 -1461
1303 -1927
-2080 -989
539 6032
132 -1926
-2325 -9
-899 624
-23 -3179
-4774 1501
778 1156
-939 714
-331 -3251
1785 559
-249 -604
-1072 1275
-814 -1727
848 4478
-1330 1035
-1144 3795
-158 742
1912 1387
22 -1091
-2033 537
-1219 4126
-3887 -3533
-319 -1770
1280 159
-1776 -798
-50 -2399
2222 -2231
3170 -164
-1172 -716
452 -1628
-1304 -59
-83 1201
-985 258
-1212 -903
-3702 -4930
-2751 2615
2104 2204
747 -2200
1354 4097
-1191 1390
3496 -2468
1791 -561
-987 -244
-1444 2187
2419 -2390
-328 1849
1819 1477
3436 -753
-1338 -2045
3023 1243
-8 5286
3470 252
-2528 70
-519 122
7 -1136
-122 2649
-949 102
-757 1565
-306 1295
1314 -3686
299 -1038
-2207 -862
-1472 -2610
3570 -1275
911 602
-583 -248
-1513 -1027
886 -2234
-2385 -4549
1409 340
961 2130
59 255
-5043 -1941
938 -1953
-2400 299
3783 -2608
1936 3957
1024 -949
-316 -2189
180 1333
-889 3110
-1758 -2775
-1731 -1533
-1947 861
-709 -934
383 -252
-62 -3437
3094 2140
170 2244
-1298 -741
-1917 261
-344 635
-510 639
-1408 -582
-1517 -1536
-3431 -1304
-1665 1078
-1193 -826
-1661 59
1769 2561
2684 -699
2081 329
2332 -928
-1347 -866
-2957 3071
-952 -3085
-1901 529
-1106 3240
2994 -794
-858 3214
-3405 1919
2749 -25
5226 -1527
300 1797
-619 -1582
3475 -993
-863 -1685
-818 -1156
-1189 1484
-1549 2164
-861 -2669
-8 1825
1021 777
-86 -1713
-150 -34
489 -3882
2089 -1866
364 863
-1143 -1833
-2664 -1230
-384 173
-1387 1003
-1644 -278
-587 843
2460 1931
2564 -1166
-297 3664
-1942 -3612
-593 2633
-1636 -1662
4046 546
-578 -1856
-665 870
-786 2439
-220 -1089
1123 1639
3525 242
700 -970
1291 394
1203 -764
1145 346
-1148 1622
39 -5535
146 -3771
-1841 -1809
493 3251
205 1411
-1485 -247
-4012 40
1375 297
8 -461
342 -2968
-3025 -3047
1537 1975
1554 -5
2542 -2240
-1538 2910
-2579 -1741
2794 -303
982 -3165
-2901 471
-635 2863
6533 -1255
-4989 -524
788 2126
334 126
6993 -1497
223 4008
-3702 -357
2196 3539
-515 2020
-206 -231
2186 191
-4324 -4119
-1576 -1353
3324 684
-74 -1326
660 -2674
2407 3024
146 102
-724 611
-298 947
-758 3026
1602 -197
141 -1454
1883 -1325
-2337 -454
-359 4372
3577 -1070
311 -2773
-1762 2234
300 -298
-759 -1651
-126 1159
-1615 -1033
2357 760
-133 -1024
307 2916
-632 -2422
-225 395
68 -208
1585 -1431
1390 872
3093 -900
-1414 2200
4946 3910
1250 -1055
-1026 -3671
1065 3131
-39 1254
1115 583
-3515 2636
-1946 275
1120 -3276
-2995 2177
3158 -789
454 -3939
-179 4317
-822 2465
7170 -3795
-2256 2330
3402 -188
-818 1339
765 -647
-768 3045
-2276 -146
-139 -1160
-2438 1518
-2626 3160
1242 3414
3660 -5274
1035 3727
-916 1787
5652 259
-344 -1348
-3641 2687
-3409 804
766 160
-3184 4182
2012 1019
-1995 993
-1441 148
3412 498
-672 -1294
1662 1261
699 2038
-2013 -1536
-70 2243
-414 578
-375 332
-1145 2273
-178 615
-717 304
-1355 -443
-374 -3622
-1364 -2067
1079 -1305
-917 343
-507 727
-414 67
-1642 -1387
705 -917
-2630 283
3041 2264
-1201 -1022
532 1161
-1684 -311
898 -4660
-61 1134
-529 -1519
653 1335
-318 3901
369 328
-2310 1457
649 -745
234 1633
-1116 3421
1634 3784
-1054 -4452
-673 -2286
482 -4561
1076 3740
504 665
5030 572
3390 5651
-427 -1356
-1681 5769
-1142 -4598
-4578 2523
-1646 874
4904 2461
-5178 -3520
2914 1079
2007 1794
1895 -611
548 683
-285 354
128 750
1235 -40
-730 641
89 1521
2068 -1949
-515 -487
3563 -1428
1934 -12
-1637 -801
-665 2100
-1433 -46
-335 -508
-1266 571
-2348 -956
1672 250
632 -3667
1970 -338
-188 -3409
1730 -3803
1299 -2485
-727 -1709
3636 2618
899 -1088
-746 79
1860 191
-1008 -714
1273 1717
-512 -3269
2027 -584
461 -913
1168 779
-456 371
609 -1136
-858 40
-160 1406
4053 -293
-2388 -2036
-2227 1642
-2863 1663
-2137 -290
-1813 1123
545 -3054
2888 -1366
-818 396
-1368 -1147
-1613 1930
-1151 -1140
