892 -891
734 -898
1068 -1034
1007 -810
1235 -980
1717 -485
1507 -59
1316 -189
1476 -264
1791 -134
1444 -596
1731 -1057
1798 -1004
1565 -715
1174 -679
1416 -632
1285 -773
1477 -525
1228 -454
1222 -801
996 -633
591 -577
723 -1045
923 -749
833 -586
1011 -690
1147 -943
1329 -847
914 -332
1133 -522
1098 -474
997 -941
1029 -453
975 -705
1384 -781
1578 -788
1840 -528
1454 -483
1338 -346
1152 -661
1811 -1140
2068 -900
1827 -723
1188 -1026
1535 -1191
1522 -747
1221 -825
1214 -552
1292 -363
1437 -528
1481 -274
1253 -100
1516 -502
2164 -722
1784 -201
1310 -507
1428 -339
1444 -595
1587 -409
1233 -259
1078 -353
1481 -373
1759 -382
1480 -369
-1469 -1485
-1299 -1420
-944 -1456
-1190 -1727
-1127 -2012
-1276 -2276
-1146 -2296
-1153 -2032
-861 -1603
-952 -1782
-671 -1856
-940 -1981
-595 -1913
-542 -1394
-745 -1404
-653 -2097
-493 -1646
-707 -1862
-178 -1826
-244 -1789
-115 -1593
-256 -1738
44 -1844
-97 -1488
-369 -1596
-162 -1556
-621 -1438
-459 -1425
-148 -1427
182 -1863
406 -2000
614 -1441
111 -897
-146 -1253
-426 -1660
-49 -1697
-47 -1377
230 -1902
205 -1822
-41 -1475
-34 -1556
256 -1705
26 -2029
29 -1969
327 -1784
290 -1695
70 -1838
-305 -1965
-68 -2000
-48 -1411
22 -1546
683 -1362
536 -1127
688 -1399
592 -1919
662 -2355
688 -1995
823 -1830
956 -1700
1105 -1381
1242 -1352
1057 -1751
695 -1958
891 -2169
-644 221
-364 276
-263 593
-268 61
145 -331
-20 127
-443 519
-524 337
-39 57
-169 389
-649 90
-872 305
-915 -55
-603 -77
-54 -362
-81 -64
-286 -284
-288 -19
-666 -560
-595 -847
-639 -208
-720 131
-845 152
-1039 -124
-595 -499
-325 -294
-411 -196
-726 321
-845 -62
-310 -59
-763 -209
-111 -940
219 -348
-405 -571
-232 -685
-152 -537
-290 -457
-139 -490
141 -607
291 -693
260 -572
427 -292
151 -204
302 -437
65 -709
-16 -351
-588 -55
-25 -440
267 -548
108 -593
41 -624
-59 -435
-70 -501
-205 -150
-165 -296
-133 73
-332 -60
44 -122
224 -213
-93 78
-204 -125
-225 120
-366 -141
-101 -539
-281 6
-303 -7
-172 309
-308 94
35 261
-416 802
-750 544
-413 318
-239 499
-329 440
-480 296
-409 372
-90 350
93 381
-141 555
-452 496
-351 290
-148 765
-433 534
-149 75
-54 541
-619 497
-436 100
-320 451
-265 413
-424 187
-638 -166
-819 103
-418 287
-84 191
-409 -364
-464 -498
-341 60
-748 245
-675 9
-307 -81
-72 79
-420 154
-458 -330
1 -346
-383 -232
-434 -310
-362 39
-151 26
-112 73
-143 -45
-473 247
-565 279
-79 419
-39 414
-209 68
-41 -53
-108 145
-274 445
-373 195
-354 -107
-712 -322
-571 -284
-760 -436
-329 -464
-678 -54
-383 -382
-371 113
-266 -31
-28 225
-15 186
132 -70
624 113
620 396
287 -188
107 -256
240 142
194 326
478 193
249 524
-85 266
264 330
641 182
876 326
650 116
839 242
539 123
580 -375
327 -260
100 -209
319 260
76 232
242 72
144 -91
390 -146
39 343
-594 -98
-147 -10
-57 504
174 200
453 270
-4 554
-43 54
5 7
47 -30
275 171
247 128
-103 17
-373 47
-28 135
11 250
-64 308
-239 462
42 280
-200 149
-55 -120
291 243
194 266
-125 265
-61 267
-308 483
-380 73
-386 -18
-101 -283
47 39
10 139
-447 347
-622 195
247 231
355 482
-335 -71
-34 -519
397 -8
-90 274
23 286
52 105
66 -91
86 -229
-193 -145
-303 3
-217 82
-133 62
-191 -139
-185 86
-327 -66
-102 -160
-28 -245
-89 -168
-230 -185
-432 216
-686 -157
-138 -358
-302 27
-634 407
-439 406
138 329
-120 171
8 -105
149 139
-501 60
-386 -365
278 114
178 330
-45 220
-184 -93
92 -181
85 -291
62 -113
-255 -97
-146 -270
-90 59
-23 61
-80 -127
293 -67
336 118
227 -58
-315 307
-357 195
144 -111
219 -36
208 -98
44 149
-133 6
325 57
349 170
360 -152
445 140
129 315
39 -36
168 -255
239 103
-100 64
-57 -473
214 -123
168 -170
273 -22
61 75
-68 17
16 25
6 -32
-275 148
-479 226
-233 -141
293 -63
-113 216
-164 408
-317 294
201 -147
-68 346
-399 325
17 82
653 1
254 177
-380 -5
-185 227
-221 552
-219 396
70 116
291 198
-69 140
-2 177
116 195
27 -23
176 -193
231 160
219 341
416 61
507 49
-76 71
-9 -70
280 -318
211 -556
52 -422
-401 200
-576 -167
244 -139
34 256
-18 -201
225 -28
-368 -172
-328 -181
16 248
487 233
520 -70
162 -128
31 28
-71 -27
-19 -184
-120 -77
-150 -309
191 -698
236 -372
-333 -120
-218 167
-82 544
242 301
631 -31
151 -194
-399 -391
-272 -245
-99 54
-250 -5
18 -350
244 36
-214 -157
-242 -265
-42 -191
-220 53
-207 -13
123 -124
80 41
-97 97
-294 -34
20 -224
349 160
191 364
-226 79
274 -299
386 -162
280 -451
106 188
-498 194
-142 11
95 -179
40 -220
-353 -48
-279 22
-142 144
-29 197
5 219
-451 -57
-442 -365
14 227
-1 294
97 -2
120 159
340 294
474 233
194 -318
334 -262
-39 137
-225 34
-120 11
137 38
88 213
128 -82
447 -97
35 -183
-65 -148
-227 35
-382 -410
-176 -508
-232 -198
198 181
177 276
198 88
270 166
37 104
-24 -72
157 332
202 520
153 -91
118 -161
-214 -106
-51 -169
2323 -1084
3467 -1319
1422 -491
3038 -1174
2100 -292
982 -373
1950 -2083
2328 -1159
2803 -986
2125 -1453
4233 -1116
1640 -306
2275 -7
1679 -2330
2392 -681
2640 -331
2910 -1407
1333 -1254
4194 -1037
2413 -1609
2363 -962
3622 -1280
3071 470
2221 -828
2413 -1089
3390 -10
2832 -155
1345 -116
2308 -1643
2221 372
3998 -1342
2228 244
2021 -745
3732 221
2298 -622
2685 282
2127 -929
2730 -1124
2221 -751
4247 292
2503 1626
1844 87
2313 -1022
3840 -511
1288 875
2743 -899
2674 -1225
1382 -645
2564 -307
2544 -427
1893 -300
2782 -151
2388 358
1908 657
1842 -2295
2714 236
2755 -1670
2770 22
2322 -704
2465 -826
2845 318
2182 490
2522 550
2457 -1179
-336 895
1406 1238
502 454
1622 799
589 1305
1327 1206
-131 1157
367 1230
-466 1659
1408 1422
-581 816
887 1460
-660 846
-143 767
1520 480
565 1540
-919 208
1235 2265
-1069 749
-177 1973
-730 1019
-98 1787
-423 1572
-983 366
-200 920
-334 227
709 -30
-547 1571
668 1643
-285 1839
-1057 1625
-1567 800
-596 -120
588 652
1038 446
-1595 2144
884 897
-371 1370
-371 876
-855 436
665 2252
718 890
707 1429
-282 1341
-527 2041
246 -146
-564 451
609 992
-982 1759
-771 832
395 1543
-1389 1340
612 510
-40 1448
1344 1663
-446 1203
-866 1863
-177 1969
-1545 639
-1725 1104
507 503
264 -87
-406 886
-222 2217
394 471
554 615
-206 384
1612 1336
63 117
-929 -270
600 -133
653 627
393 999
633 -1959
698 84
238 -855
897 1350
687 336
-189 2104
615 -1103
-142 408
388 -42
1854 209
84 758
-257 155
631 627
953 10
1299 133
1024 1807
-157 74
-177 336
68 -1306
1934 654
655 -8
1483 -438
320 2675
235 -1057
1255 642
333 936
275 910
585 458
178 1201
745 986
-457 576
-1022 621
-348 248
976 -549
-195 843
1537 436
-2145 -227
1846 918
1185 868
240 856
-2 -9
-762 1137
-15 545
-145 517
-925 -70
-9 1850
-537 -394
340 1625
530 911
-348 576
-339 -593
-490 1044
-295 -420
368 1223
909 529
-281 -606
316 750
-282 -507
569 489
-1126 -595
-96 -1119
1313 580
205 703
347 -329
1391 116
335 58
-675 378
407 709
-239 -208
-425 138
1160 18
-191 432
-1151 -88
1450 -168
-154 286
-404 349
1864 -371
-258 1103
146 -283
400 86
799 -533
578 -767
-451 -229
-360 1829
1350 539
355 230
-940 1184
-841 162
920 -410
481 990
240 800
-816 -435
215 -450
757 541
-1045 737
257 -875
-1082 31
-377 661
-561 805
-740 -179
76 465
-167 -1422
-175 823
262 383
103 -463
693 151
204 9
-735 -416
34 -1248
1290 -254
576 -760
465 -641
-188 623
1146 280
-1120 736
723 125
-172 1097
33 -387
280 1407
-71 486
1452 665
335 175
-1294 1840
839 -644
956 -172
351 262
-149 427
1001 -388
-276 -398
279 -1603
1096 124
-168 378
482 595
-664 -1280
169 283
-299 -652
756 95
789 375
-149 -732
-138 548
-301 -346
668 -398
-25 -318
1124 -1
-342 639
-103 -730
1858 -132
-925 1077
503 1025
605 940
-597 62
871 -768
820 1242
674 -24
-476 1127
13 664
-7 124
97 -48
128 223
-755 1333
275 -406
-811 167
429 646
-402 666
302 -618
-616 841
-680 -31
190 -444
-489 -879
-441 415
585 -1369
18 773
463 -150
-920 998
-1015 -152
-579 -45
-77 -805
-226 633
-739 1643
-66 -1430
760 -662
28 1377
-1331 -255
237 747
62 72
530 305
924 676
115 460
185 -377
-107 238
393 670
173 -307
104 658
-932 16
565 1151
-352 599
-660 851
-399 -332
-654 463
-810 -519
623 355
-1333 599
-1018 -504
-916 -210
-67 1454
-275 276
213 -858
-313 748
-377 -843
408 -1627
-797 1418
-1473 -96
-480 -889
144 -1192
622 106
-734 -83
474 -104
-1292 -716
-245 93
-516 -424
-1762 -196
-178 971
-35 -396
-1667 1291
1022 -217
-918 -1533
38 -955
1117 246
308 422
-3 -727
-677 237
-228 -1286
96 157
-728 577
406 -896
85 127
-276 -1522
571 -1017
1035 -452
329 -430
-369 -342
1513 -388
526 210
-1122 161
1225 563
-703 -1339
487 505
-59 125
276 55
134 -407
262 -466
733 416
1195 1165
-521 547
365 -643
-698 -389
1577 92
-504 76
-341 -1158
7 850
708 1295
-492 826
237 -1444
-72 -598
-1030 713
683 -645
95 -287
1051 664
-35 -762
157 157
-400 -33
38 519
577 203
-841 952
-394 448
-368 268
400 1178
-276 -691
604 -783
541 682
1123 386
25 -461
-697 126
-393 -1387
1063 965
-735 457
157 -1432
772 1075
-712 -666
813 -831
-593 -132
-731 652
-79 585
-298 -563
-322 -831
100 173
803 -350
61 22
1005 4
1240 537
669 1067
-574 -986
-437 -461
-774 36
338 -416
1073 638
534 -33
521 -1935
340 -346
192 486
-414 -28
296 -770
-449 2039
-432 -1071
-52 27
304 117
-435 266
-118 -99
-176 589
-116 739
-685 -1181
-634 91
959 -330
-1284 838
-1068 292
-377 -1109
191 -83
-179 1777
-18 -1014
-503 457
-1429 -1856
400 -452
115 587
477 207
-646 -774
-741 -379
-170 484
-28 -330
-356 -131
670 279
1178 -750
-309 959
-981 418
684 -158
335 -93
-79 -279
429 279
841 -441
670 -640
-1578 -298
-120 -917
-79 -362
191 977
70 662
-400 -331
579 1321
-111 -9
787 -101
-150 271
215 57
1165 316
-689 291
-23 637
-1181 1016
283 40
-535 -647
-43 425
681 -822
-704 -191
-445 310
-116 -330
765 213
-706 -842
-298 166
209 48
1107 45
79 -491
2299 -652
-1314 927
1945 -318
706 -4268
89 1546
1278 -672
-545 -1789
-256 -1003
-3959 -929
-220 -144
-1019 509
1415 3103
-549 218
43 315
629 1054
1687 1073
-2584 -981
-61 1777
560 927
-184 369
864 312
2936 -371
1451 1672
-1489 -922
27 625
2163 610
1468 1015
1415 -918
-2612 986
1906 -289
2540 340
-115 -1111
715 943
519 -518
-530 -300
309 1320
1005 -627
-2584 -355
-123 -1474
456 -77
-28 2142
-890 1062
2317 -292
1268 2360
1174 1667
2230 371
145 -183
-217 1285
1653 212
1078 -1988
896 -656
-1009 -233
1150 4007
2076 -364
268 2161
-553 -69
-469 455
596 1451
858 -1183
682 -244
-775 -965
1056 2973
2753 -700
-1826 -1271
-792 -659
-2527 296
-485 -641
-794 1205
1520 -669
-978 -126
532 -2301
-1946 -646
681 -503
-857 -854
926 191
985 -1912
-2064 -1996
-7 -983
1015 -103
-1067 -3380
721 -771
-996 -1873
429 201
982 -1468
-186 -1498
1554 262
1542 -1177
-1007 1225
649 1264
1673 -3753
-3283 -2165
-1440 -1376
9 -479
-830 -684
1139 -849
-1600 -1940
-2373 -137
3282 -1656
-1859 -2171
-52 155
669 -411
1836 233
-204 -3777
-1114 -189
-403 -1750
1499 -604
1648 -3263
88 1065
689 -252
-499 216
3032 -551
2688 -983
-16 -1652
2189 -2246
-1464 -745
-464 -2460
-2995 -1331
1020 1650
1192 -1107
180 -2390
1840 -159
2178 -737
-1618 -741
-1504 605
1518 969
492 -1067
12 -828
-1204 -1338
254 -2412
-2418 -2341
-699 380
928 135
-1921 -1578
-896 -1323
132 -1000
-1599 613
-1105 -1142
441 -89
-1043 -2359
-62 -889
-326 -3483
-1202 1813
754 -1538
-2364 -1416
-2334 1433
1442 -487
1111 -676
-153 -2409
475 -1383
1047 -749
-1581 -3374
1954 -341
769 -956
2733 612
-693 -2345
-512 -2586
-402 -261
-158 -2952
-658 2663
-963 -2067
-178 -350
479 -1103
377 -286
1448 -2284
-716 -1170
394 -1431
1231 106
239 309
-931 -565
13 -1383
-3195 383
5292 1438
186 -1321
378 -1000
-185 -2468
-553 1120
800 -675
2175 521
1256 -676
1528 195
642 -1886
2487 1661
1933 -2088
174 -1424
1761 -498
1291 -369
2150 -1728
928 1479
2004 -1364
-64 -264
777 2252
640 -1142
853 749
434 -1697
662 852
537 563
-725 -978
1853 -40
518 210
-2390 -767
1325 -1135
1404 -905
-374 -1032
-915 -353
1315 297
-76 -875
844 -1915
1951 -1531
-1992 -1035
-99 761
594 -1300
-1223 660
1983 -1629
724 -86
122 -1128
559 1096
144 1868
1445 -435
977 -2383
-2393 -483
692 25
2409 337
2403 795
592 374
1684 -1479
632 -1883
976 611
494 512
-432 407
1624 -775
259 1966
1818 503
103 -1044
696 -1524
1136 1492
-266 50
1979 3010
1838 -2392
-399 -1181
-80 360
593 -471
-506 -299
2303 193
416 917
-1259 -1442
-885 503
1055 788
-229 -730
588 1158
390 588
512 129
1122 -809
374 -124
1750 -1806
619 -1449
-1227 -2315
-1152 -41
1168 -3233
-2093 1015
-1548 921
603 753
1888 -1256
-30 -1797
1 -1257
-1542 855
-1178 -793
1239 -2066
-971 -2369
-1243 1064
-1799 -966
-1568 246
-2372 -1116
-1662 1123
131 1874
684 362
712 -126
176 -300
-193 736
-1983 751
-388 -272
1746 1289
-861 1708
2302 -1300
-317 -1234
-170 -426
1544 884
-1477 681
-304 -384
-459 1115
1469 -1188
222 -239
-801 153
230 2301
1646 651
1817 -2361
-1236 2232
1324 328
-34 -1805
290 -1471
200 2218
620 -533
-370 52
-1766 -4
768 573
-197 -261
-712 825
-829 -1825
361 11
-577 -1794
1100 1177
-424 84
149 1103
2521 -774
-270 -3996
-1885 1321
-660 1579
-1107 -1271
1419 -770
-1341 -1281
156 76
-1523 1130
-1755 -147
-240 442
660 1815
472 -62
96 -435
-161 385
-1191 -1778
906 395
-989 -1523
-303 -699
411 -128
-483 1370
288 116
2049 196
-387 -914
-316 -602
673 1941
1887 -293
793 -3472
-531 -1091
-3 1134
72 -1823
663 -539
-722 1401
1945 -2594
1347 -750
231 -459
-794 948
-1558 -1599
1392 110
-2520 -157
1322 751
507 -1886
-128 1104
1786 -1533
-2214 -1412
557 1727
2221 -1428
-1835 -260
981 1453
153 557
-703 -1364
-70 -1180
-503 526
1041 -1051
536 1366
225 -826
1189 -2107
-1085 1671
1116 -674
26 1513
-1420 -924
-1381 355
-755 682
669 265
-1325 -454
-985 759
2372 64
-2439 -308
1541 3455
-934 -1999
403 827
949 508
-707 1014
729 1254
1550 -1356
-1157 -595
863 165
345 273
1727 276
-1951 -2524
165 296
-1308 892
1078 -1364
-880 -1750
-579 -724
-381 1278
-116 290
1945 -438
-312 179
1096 82
-1913 -1205
-582 1238
29 -1152
275 244
-237 -1027
-1469 404
553 302
-352 -87
5 -503
-2132 -1730
-287 2509
-1 1808
483 -780
-3000 303
-70 2127
-75 158
1600 2580
-429 -837
430 -625
-837 2764
-2279 -1724
942 1349
-604 1202
1157 592
576 -2490
-2447 -2391
-1180 1623
-85 2167
-315 -1089
-1024 6
72 400
-867 292
-730 -1302
-634 -1256
657 1049
1603 -771
2022 -445
475 -760
-1698 -2926
-1171 -1593
-588 2661
1106 583
346 -833
2027 -796
-435 974
1110 -2983
-533 1544
471 929
893 622
-395 435
260 790
1360 -357
-313 -1385
3 1756
353 -1097
-1746 394
1647 -1294
217 -656
-1213 880
-340 1096
-392 -2396
-272 2999
306 -1076
1343 1935
-310 511
-151 -824
-997 -164
361 1097
798 519
906 167
1472 -696
-80 89
-988 197
949 1565
1826 -1126
1726 -637
-493 336
-641 1029
828 731
-635 -1837
-2267 -1324
-1257 772
1287 942
-242 484
-893 807
-46 -1115
-422 -1870
791 1226
-1562 -2171
-590 1106
-450 728
458 -365
924 -974
-912 492
1971 1017
-244 -5
1280 -2007
-1103 -1451
174 1981
-924 -1656
-1189 982
1253 1360
-55 -1313
-487 -1749
-2180 -133
692 1617
321 471
-116 934
-1912 177
-2900 611
-2766 951
1733 -433
-3009 -854
1252 6413
851 -720
-1570 1848
1664 4357
773 1535
4857 1568
231 -1291
1918 -2214
-1187 -2560
1139 666
130 -1234
-300 -502
-909 -653
2201 1813
-1222 -1293
-401 -268
-1465 1809
-2141 -1848
-3899 1894
-2512 -937
2469 1490
-690 -935
-546 -852
-1511 1070
-1191 1390
2173 -704
-2109 298
-2618 658
-1015 1119
-1654 -127
-214 1967
3805 1947
-1347 -866
-133 2502
2576 -869
-100 -1547
1809 -689
385 -2120
808 -1569
-2068 -1147
-2579 -1741
-2084 -1108
-1189 1702
764 1939
1678 -1308
-2522 843
-306 3645
-624 325
3402 -188
-82 -3256
-3120 1791
191 -1004
486 1014
1885 126
-1538 -997
-1290 2333
-427 -1356
1373 164
-1676 -2770
-2962 291
2945 2066
2365 1169
2182 -1278
1810 64
1128 -3353
-854 -1489
1221 -1477
-353 1345
2307 129
1771 944
2235 -867
221 -321
438 3677
1651 2952
1210 -700
1013 526
1282 2172
932 452
1422 1198
2074 931
1399 572
2269 228
-442 -1243
-1344 2832
2785 -939
-2205 -679
-1244 4858
5014 943
3436 -753
1931 -810
4598 1334
199 1414
3130 2947
2644 -870
-2881 316
2417 3760
2749 -25
1903 -735
441 -1274
980 2840
730 -2012
-74 1130
-1615 -930
-1584 3510
334 126
449 861
523 72
-3596 -691
-2498 3616
1601 2609
-790 3444
1845 1851
1242 3414
3130 1313
-905 -3162
-771 -8
-147 3553
494 1299
-201 2263
2380 2798
2007 1794
-2550 -1379
-293 159
-1055 -1737
453 -271
-188 1056
2041 115
767 -3062
-838 -3096
1019 895
-1180 -530
-1682 -725
1470 903
448 -643
-1226 -444
2007 255
-1332 -1461
2596 838
1810 -4453
-1479 -245
4453 -258
719 -4817
-3102 -3768
-2405 -360
-581 128
-3570 871
-3925 -345
1214 1752
-2964 -1120
-374 -85
-3791 -368
-2195 1365
-122 2649
-1381 630
1881 -518
1025 -5745
-361 1991
681 -2098
377 -1208
130 -1521
-1549 2164
2212 -653
1919 335
1573 -3104
1883 -1162
1912 1323
1071 320
5933 -2006
-4324 -4119
-2066 1994
-896 -1187
1309 1744
2375 -2832
2430 -1427
-2635 -2098
-277 939
766 160
1065 1512
-1147 -2098
-2153 1304
412 1273
-306 -308
120 1902
-1563 2295
2068 -1949
-2712 143
-387 740
-1166 -3488
-1321 -452
-1342 -780
-2122 1843
164 -2274
-2126 1026
-2364 322
-3139 -1438
-1647 529
1432 436
-2943 1594
-1036 2032
871 1761
3580 704
-1343 -1204
-816 53
-719 2380
-660 2560
1336 2092
-593 -1376
41 1648
-2080 -989
-1777 1573
-499 1834
-699 2957
-876 -1322
-450 -1636
-1778 2063
241 1931
3570 -1275
-1231 -1370
-1737 -3074
-1268 -3031
-2773 621
-4005 252
-687 1008
-861 1014
364 863
288 -1097
438 56
-431 -1463
-536 -559
3 660
401 2135
-863 -2721
-298 947
-2494 -1824
-2758 4256
1465 2940
1306 -392
-1267 1775
1367 -240
-2171 467
699 2038
-470 2692
1741 223
-3055 -831
384 1253
-4017 -3360
864 -1152
-2053 -206
-1266 571
-790 1485
-2953 1570
-1024 758
-1640 1973
619 -823
-437 2257
2100 -604
1021 -1112
-2313 -2349
-2913 1118
-1700 3334
-72 2196
1335 918
-561 1772
-1846 3342
1715 3597
3706 -1112
3966 768
2802 -655
2704 1285
963 -3536
-1113 -3542
-171 -1009
-939 714
-131 1511
577 -1858
1972 -1232
1289 -982
-2017 -825
-292 -3149
-3424 -56
59 255
82 -376
-561 -1682
1232 -54
-754 -293
1585 -1726
-769 450
316 -667
2564 -1166
-1202 -3948
-2727 -735
-979 2710
3652 -2843
-29 -1053
-167 2067
1426 1259
311 -2773
804 -331
2196 660
2816 213
-1209 898
1124 -373
902 1122
3124 944
-1355 -443
3089 1227
-415 -1039
2352 -804
740 -980
-3543 286
2828 3935
4265 -186
-727 -1709
2802 1047
385 1993
348 1827
-266 1119
1039 -1928
761 -628
-753 -1646
-2183 -2219
-1680 686
-1341 -614
-37 -129
2210 1683
778 -3124
-1236 -1208
130 -777
-514 -1545
1628 -1870
-360 -1726
-2902 -349
-2061 782
2390 93
-1286 -2555
-2668 2237
-1144 3795
1398 1584
981 -557
-341 1201
10 2808
-134 -351
-1718 3536
1561 628
180 1333
412 916
1403 1685
-1723 -827
3098 -20
399 -795
278 2721
1881 -2742
-786 2439
4187 1089
-1126 -2907
-2155 1322
3585 26
-651 -1019
-3155 1097
-1167 3456
307 2916
1702 740
1195 1577
607 -517
-894 1320
313 3262
1066 -576
-564 746
705 -917
361 2973
-58 1603
1613 -263
-1827 -717
199 1231
1042 -2105
-1928 346
2027 -584
-2072 -3077
689 5032
1164 1074
-319 -510
2277 -1269
-2464 -1084
-4260 1427
-380 -603
-1382 -1357
-711 707
-1703 -184
888 5570
-237 67
3076 1827
-2080 958
506 703
2604 -1246
403 -74
-919 359
-2144 770
-375 2128
-1544 1810
1435 3631
1280 159
-190 2499
1000 778
980 2245
2359 -1241
926 -2089
1644 -439
816 405
3094 2140
1065 -3478
-1894 140
-1872 689
4183 -1052
-663 -3450
626 -657
-3993 -1218
-1148 1622
247 1174
-534 -2396
2044 2719
-99 -2320
-1474 -611
-2450 -587
-163 4568
4946 3910
2937 -3283
41 -3527
-956 513
943 272
-377 -2520
-981 -2028
-883 -61
-529 -1519
-918 -2205
-1966 1523
-1701 -319
-967 1256
1060 3354
2556 1358
1294 -3455
-2388 -2036
-1705 19
-1873 2739
535 -65
-205 1167
2218 -1664
-637 -1698
-2994 -962
1383 -1476
1360 -435
-1259 -1346
1942 107
1100 -1777
387 2043
1011 -590
-1784 1568
2100 957
2030 1013
1028 -860
1530 1931
1980 -4068
512 747
364 -944
-1440 286
-83 1201
1903 276
891 -492
975 36
-1497 -612
-2403 2424
404 1093
-230 -927
-3431 -1304
-2277 931
-1547 415
-622 1703
882 29
-335 903
982 2054
2550 2545
1375 297
223 -1131
2728 370
1520 -1498
-385 -269
419 2547
-1279 -2277
3818 1301
1120 -3276
188 -2005
-370 -1999
-1540 1438
-807 -2993
-3642 -2332
-149 -2500
-134 372
1634 3784
725 -2394
-246 2132
541 214
-983 -1133
1522 1407
2611 3428
3056 -1519
-1368 -1147
1531 -468
-396 -749
