1557 -402
-2682 465
1835 -2312
2182 691
1828 -260
734 -898
1232 -3313
-163 -1093
672 1208
-1074 117
1277 -1099
-1387 180
2218 934
-1299 -1420
105 -660
-198 274
2097 717
1618 -1786
-1262 367
-1714 -543
549 106
-364 276
-782 346
-766 503
709 -31
216 -812
550 387
-556 69
1140 -2
-303 -7
-411 -332
119 -63
553 23
-35 -249
-139 18
-297 -412
203 -253
-15 186
83 594
272 -296
141 -94
-350 -453
170 -53
-114 -235
264 66
23 286
66 168
99 -437
443 31
-357 141
34 232
-184 -383
103 147
16 25
-363 21
-462 -1
-408 -345
230 89
-169 -124
567 -49
-331 63
18 -350
-64 479
118 -31
1460 -59
-2808 159
1610 -1842
2050 1493
2123 -76
1791 -134
585 -3017
-13 -1325
587 1507
-1369 542
1892 -546
-1198 570
1547 896
-952 -1782
633 99
-263 -610
2304 1052
1503 -1061
-874 298
-1409 -716
206 217
-169 389
-921 49
-972 -117
765 389
584 -205
471 97
-341 -38
526 173
-329 440
-88 66
272 286
118 -11
-162 -56
-226 171
-69 78
254 87
478 193
91 378
-82 -196
615 217
-599 321
350 -63
58 121
-126 -378
-191 -139
4 -86
29 -99
-17 318
-566 120
-207 97
-34 43
-215 -330
-317 294
60 127
168 144
-36 152
-90 81
-301 -107
136 -471
-220 439
80 41
-140 390
-284 112
1499 -611
-2894 680
1860 -1628
2815 758
2067 625
1477 -525
1229 -3400
-298 -1427
193 1424
-928 -354
1488 -483
-1217 293
1931 901
-707 -1862
282 -201
-213 -646
1712 1373
2059 -537
-1049 272
-925 -794
-377 775
-288 -19
-1065 -392
-251 79
1190 319
325 226
172 -473
-306 -496
567 245
-148 765
-486 -332
-300 -380
-167 116
80 -48
-48 43
-133 -250
-291 517
539 123
530 201
-40 -182
-4 -254
345 338
129 -169
421 -111
-465 -405
-686 -157
139 -311
180 4
1 349
-50 229
1 116
-123 318
132 -30
-185 227
133 -1018
-51 -22
-207 -233
-201 286
-221 -5
-571 -34
-299 555
386 -162
-239 -256
-656 -67
958 -291
-2902 566
1779 -2363
2700 1348
1444 985
1011 -690
1752 -2539
219 -1712
-544 1699
-789 -189
2265 -1139
-1160 -64
1562 1206
-162 -1556
621 -156
267 -428
1486 2183
2017 -166
-448 -444
-1616 -1161
126 278
-325 -294
-617 -377
-852 -300
319 975
230 -56
410 -522
-420 -497
475 59
-424 187
89 2
324 -385
286 254
-312 266
-195 283
-201 51
106 -50
390 -146
-266 137
139 230
-329 -127
450 -225
-530 -163
257 80
305 -137
149 139
204 -304
466 -484
-238 -67
-283 168
236 95
-374 -493
499 -389
27 -23
-133 -410
163 -95
168 -179
-82 295
766 79
273 -23
-226 -351
-279 22
-229 90
196 66
1251 -531
-2551 425
1893 -1780
2264 1966
1909 534
975 -705
1883 -2936
340 -1330
-98 1043
-887 212
1644 8
-847 -21
1733 1769
-146 -1253
-154 -281
-103 -16
678 1991
1927 -221
-1310 -298
-982 -1529
-177 364
-405 -571
-321 -510
-876 -415
381 868
1139 80
-59 -492
239 -361
467 734
-748 245
331 -20
372 -4
-64 0
-187 -125
-116 -72
360 414
-10 186
-43 54
114 188
6 -594
321 -113
114 -340
10 332
314 270
334 56
85 -291
393 98
-11 -15
-158 -139
145 -537
-165 183
-329 -104
30 132
280 -318
334 -30
99 -236
-298 -168
187 -277
-113 -375
333 310
-559 85
97 -2
-537 -226
-36 223
1744 -370
-2888 -216
1610 -1350
2392 1469
1800 412
2068 -900
2295 -1978
-134 -1723
-732 1728
-939 -173
1618 -238
-1314 38
1775 1771
256 -1705
808 -143
0 57
807 1726
2252 248
-1287 -498
-662 -1832
-179 434
427 -292
-379 -615
-914 -928
224 580
753 334
94 77
106 -124
183 318
-434 -310
355 -244
-84 -64
-315 171
-239 92
-66 112
-60 173
-321 33
11 250
-674 -64
-537 -72
92 435
-19 -22
169 -365
-68 692
439 0
336 118
612 155
162 534
-529 -83
-9 -609
210 -415
261 63
130 -16
225 -28
343 -269
3 206
102 -58
231 -66
-406 249
177 143
36 3
-120 11
-98 -178
37 68
1698 -604
-2835 -389
1920 -1891
2011 1342
2163 75
1437 -528
2365 -2584
820 -1949
-481 1038
-270 -623
1919 -116
-1314 -755
1378 2214
-48 -1411
303 -221
-23 27
-68 1353
1470 530
-988 -1068
294 -1468
-554 -283
108 -593
191 -1218
-234 -1376
-772 530
356 591
278 341
-85 -364
-119 149
-39 414
418 -117
321 -61
-37 -285
-69 -65
-481 -19
-45 23
-88 -243
-125 265
-679 -367
64 -132
-48 -409
167 187
-58 -336
-473 709
479 60
-133 6
235 527
274 477
8 80
324 391
475 -27
279 -469
-164 272
-71 -27
-302 305
-439 -155
391 -221
-199 275
-18 -320
-351 368
-35 -327
-382 -410
88 141
111 433
1439 -579
-2307 286
2381 -1302
1932 1937
1162 274
1444 -595
2810 -2148
661 -1526
-599 1309
-785 -843
1693 1005
-1197 -624
332 2109
823 -1830
457 -16
-268 -167
77 1877
1623 1044
-882 -1770
492 -1430
-218 121
44 -122
419 -855
400 -711
-199 802
453 773
-235 -168
185 -535
-209 -388
-571 -284
-93 297
-21 -403
256 -31
-527 -158
285 -16
267 166
-140 613
-447 347
-378 11
61 -72
42 229
22 -119
-87 -40
-357 602
214 128
239 103
136 278
-291 430
69 -218
535 240
585 -82
217 -471
16 348
-82 544
-350 -3
-1 -441
-318 -38
67 385
235 38
-235 -205
-88 501
-24 -72
-237 366
199 55
-4746 -197
-3367 -2969
5147 -786
-30 222
2420 -1841
3467 -1319
817 -308
-2833 1109
-1263 825
5097 -1800
-2506 472
422 -1415
-1571 1239
1406 1238
2171 961
718 -1118
24 -559
908 -766
1900 1081
1295 237
1196 1429
554 615
-375 828
135 346
-1794 -1085
-155 2196
-1057 -2462
93 -43
-779 -899
316 750
477 -573
-886 -600
63 -414
-328 1191
585 -92
1656 1018
817 1723
1452 665
-95 -200
326 514
-679 -832
-775 -690
538 186
-326 -1397
-195 156
62 72
-200 -597
-602 378
-617 -1268
-825 1183
-650 633
140 547
-671 -870
276 55
13 789
408 -256
521 -531
-1159 -346
784 268
-365 -99
657 -776
-449 2039
-158 -604
877 -1430
-4612 707
-2755 -3201
4733 -812
-172 -412
2925 -781
2125 -1453
627 -1770
-2855 1009
-1455 -783
4380 -206
-1912 -804
112 -3110
-829 1611
1408 1422
1635 1524
-1845 318
613 -970
2316 -508
1376 27
886 317
266 2068
633 -1959
-280 254
-41 33
-817 231
-1634 529
-814 -548
-2109 -132
357 755
1391 116
380 -1077
672 -528
759 38
48 -1015
-135 -835
-395 449
709 577
-276 -398
688 -550
77 -1310
-525 -421
1439 -1345
-467 729
386 405
-373 291
104 658
117 56
-678 -417
611 77
-579 86
529 -752
350 -507
-443 -238
1577 92
-754 422
879 -569
-157 -92
-670 215
648 204
808 602
-392 -625
-685 -1181
-764 -476
374 363
-5113 461
-3449 -1916
4890 11
-726 2303
2283 -587
1333 -1254
984 -1035
-1170 1960
-1426 416
3505 -554
-993 -365
997 -2302
-1536 138
1235 2265
2646 1000
-1648 642
653 -772
1186 -547
918 1030
-820 69
2015 1689
388 -42
490 546
-1265 841
-321 -582
505 430
-165 573
82 230
-418 -1391
-1151 -88
854 436
-439 1227
-1790 -37
25 -1228
559 -615
1007 -362
586 -825
756 95
-346 1013
-262 343
-186 1013
120 -1646
699 320
-384 1370
-809 389
623 355
-1178 -231
-709 -877
418 -79
260 -435
-709 -316
-187 -1178
-1072 25
-1030 713
-474 552
440 -275
53 1051
1986 -84
-352 1183
860 453
-267 -103
-18 -1014
-495 -769
-188 661
-3810 557
-2337 -2042
5392 1084
-1965 1419
5023 -1274
3390 -10
1320 -820
-968 1165
-916 -433
3908 322
-2569 892
964 -2264
-593 629
-334 227
1706 1839
-735 -160
393 -635
2526 -496
-83 2370
147 1919
-325 2211
-157 74
-394 1393
-268 667
-370 -1432
-135 842
-56 -21
-386 276
73 -1191
799 -533
1158 161
-800 471
-1486 -754
-455 796
263 -813
110 -50
215 -525
-342 639
368 -434
533 -878
-20 538
-945 136
153 962
1111 -96
-399 828
-377 -843
392 -823
-1221 -236
-591 -110
-467 -1060
15 559
250 792
-529 817
577 203
698 1206
-840 -340
-1782 677
-330 384
-195 527
445 -635
242 249
-170 484
-880 -800
-1247 208
-3170 -1383
-2995 -1983
4511 -35
-905 208
3758 -1388
3732 221
855 -1602
-2937 -88
-714 1508
2399 -1294
-2749 541
1069 -2247
-2689 -178
588 652
2015 531
85 -233
225 416
1842 1868
1136 3146
-586 1972
-766 2243
1255 642
-1019 -82
-1272 9
-1338 -94
-685 397
129 1147
-841 508
-859 -1259
920 -410
-41 -1492
-1397 507
-495 -587
-240 -539
737 155
-686 -546
-1124 -751
820 1242
-1080 556
-130 -71
-493 218
-1268 1042
5 -827
-83 505
79 393
474 -104
215 -1259
742 345
67 -46
132 906
-1099 -19
-384 -1169
1474 -44
1123 386
508 54
317 1020
947 -489
499 1000
-248 540
-1076 138
1491 902
335 -93
801 59
-397 -2055
-5273 137
-2886 -2035
5665 576
-672 1438
3410 426
1844 87
335 -1088
-1565 287
-776 -90
2841 445
-3066 5
1946 -2205
-2794 139
718 890
1260 2812
-660 -387
644 518
1269 1935
-820 1522
920 1665
108 941
-348 248
-641 -14
364 1162
-324 -978
-344 200
415 88
135 -944
149 -445
-1082 31
586 -216
-547 972
1379 297
1185 30
-494 -833
-349 -44
263 -301
275 -406
1081 -11
767 1275
808 -826
436 -482
197 1066
-870 -1171
-24 -1056
1022 -217
-449 -490
375 -145
-1122 239
-536 276
-599 119
-507 -1130
365 633
-712 -666
758 220
462 -1090
-276 608
-255 1350
-427 -598
-491 -252
684 713
191 977
-32 416
-839 -439
-4178 -21
-2939 -1786
4960 68
-1557 398
2863 1399
2544 -427
-68 -740
-3804 870
-1500 427
3179 1181
-1279 -1476
2084 -1434
-2084 413
-771 832
439 2056
-1711 620
17 1069
1987 2099
-1105 2946
-700 1076
-894 1768
-2 -9
-3488 -199
-73 804
-321 -1687
-953 50
-62 385
-451 925
-244 45
103 -463
7 566
-1720 -552
-1797 -1442
448 369
1767 -135
52 695
1257 794
-489 -879
509 -211
120 -520
961 1817
1085 -992
599 -88
939 -959
55 882
96 157
1570 -53
-354 -395
-29 1162
216 607
1132 -1231
634 -375
380 204
803 -350
-513 -258
391 400
-1065 -500
253 -496
456 606
674 -143
500 854
1165 316
-749 -381
470 -1362
-4481 -1008
-2581 -3476
3733 585
-17 672
4728 187
2770 22
380 -1266
-1816 -931
-1181 -421
2154 2460
-973 -1816
2532 -2551
-2356 -1800
-177 1969
859 2898
684 233
-722 -708
1340 2210
204 2237
-790 171
-2816 1741
530 911
-1495 -297
-591 95
300 -1021
-637 1002
573 654
1120 -404
-470 2071
-188 623
-702 -708
1180 1284
-719 -100
96 -141
-1040 -113
876 673
49 -1619
-77 -805
-43 -412
629 -134
-706 -362
-67 207
-428 343
596 -977
528 -337
-369 -342
-729 421
134 -151
-319 -948
-200 409
-99 154
358 566
-561 -586
338 -416
1485 1535
-956 -194
692 1067
-182 27
-204 145
54 -56
-1207 -594
-704 -191
-274 -353
71 -52
626 1704
-1109 806
-679 -923
189 363
6121 3854
79 -491
-3821 -188
3051 -1363
2628 -197
-4043 -2119
7609 -889
-382 1446
-352 -2558
-1826 -1271
-28 -844
-262 2578
1106 43
900 1404
833 719
543 399
4 -1763
-1204 -1338
-1612 -207
753 483
1503 2615
1586 -2114
-1649 2023
-584 -842
-1375 1474
640 -1142
-630 2735
1081 834
-2199 2712
629 -419
-2053 -856
-1423 -820
-899 -1832
-1227 -2315
-150 35
-368 -1017
812 1001
1962 883
-1509 -82
467 1203
-1197 111
156 76
342 -732
-54 357
1532 2100
1542 -2242
1458 -770
-1238 468
1050 1976
949 508
332 -1306
1742 721
219 2910
585 986
-1337 -612
-204 340
712 1453
1110 -2983
1114 383
-963 2803
1363 -1628
-1733 1711
-147 -1911
-347 738
4310 3603
-256 -1003
-1337 2079
2000 -2277
1451 1153
-1750 -4675
3097 -120
2054 4065
-29 -2648
-1946 -646
335 -1017
2989 -238
532 810
-1137 -703
630 560
-969 1449
2014 -787
-1599 613
-463 436
1272 392
1887 -322
2746 719
-873 -534
1994 -307
-907 -1187
-2390 -767
53 146
-1317 651
-1670 540
-254 1553
1483 268
1501 -1239
-3258 -562
1 -1257
-2257 526
1300 -108
-314 -67
-1176 -54
-433 -267
-897 -604
255 -1087
-1191 -1778
-767 -693
952 -376
-1061 -466
2312 -390
-913 1812
-877 1010
587 813
-1951 -2524
-289 -2120
-1820 647
1340 517
1227 175
-855 1130
-1197 1224
1125 190
3 1756
2821 -587
1536 -694
2794 -664
-108 -1048
-2281 -2548
-1817 -1896
5891 4303
1687 1073
-3134 -55
-735 -3735
3030 -45
-1559 -1637
2907 -1434
548 2350
486 1516
-1067 -3380
-278 1573
2238 275
126 -200
-424 688
339 1914
1673 1463
-765 -525
-2364 -1416
-1618 -145
859 -474
-1155 2186
-973 948
-587 112
133 1025
-285 1332
1951 -1531
-8 664
2444 -781
3596 -1288
-1891 2755
-697 683
-129 2081
180 -932
-2372 -1116
-2110 -1428
1746 -1324
-63 -1829
-825 834
-2182 -253
750 -918
1093 173
-387 -914
-75 1175
346 917
422 81
-736 330
-18 772
1169 1505
1434 -183
1945 -438
453 588
48 -541
-1521 90
-1906 -289
744 -2941
-144 436
-513 -3027
-272 2999
1073 1749
1939 -311
-322 542
-3812 -1258
-1690 -2632
-94 -1660
1955 5383
-1489 -922
-5497 -463
1283 -1542
2318 -688
-1051 -4469
2849 -590
-267 1520
-162 252
-1007 1225
-1765 1379
260 3361
1275 -67
-1558 1058
111 -720
1953 -1798
2287 404
1954 -341
-1129 -1684
764 455
998 1151
1048 50
-280 689
1747 305
-183 1856
559 1096
-1330 89
-166 -972
1996 1714
352 -2329
-273 1074
573 -381
-1954 326
-388 -272
-829 -565
-739 247
-74 -579
688 -744
993 -1926
-1288 746
304 -925
663 -539
-1193 476
913 640
1895 2022
1174 -199
142 -1459
-876 -588
436 -1116
-1469 404
-144 -1477
-141 900
1372 -900
331 -772
-1150 -168
-169 192
627 987
906 167
1622 1812
1442 -796
816 4098
-1905 -1204
984 -1513
-1272 -1380
3554 6049
-115 -1111
-3251 1861
3762 -1897
912 -1432
1059 -3466
5635 -373
-432 2785
273 288
-1600 -1940
493 2250
-61 1002
1875 -1405
-752 560
-58 -2021
1085 -1020
1821 -1267
-963 -2067
330 1524
3451 371
1776 -637
-1989 1117
1014 -1519
350 -1049
-11 862
592 374
479 1485
2079 -1946
1681 235
1054 1245
-633 18
659 -730
2576 -319
-304 -384
1363 -1158
2467 1239
502 396
2293 312
-666 1381
7 761
-1315 -1054
-2520 -157
-1056 1448
-1240 -21
405 2199
-274 -589
2311 -1247
1692 639
-1434 -797
-3000 303
453 323
-603 -924
-262 -64
-1503 -354
-818 -420
1390 -1057
-1662 -32
-641 1029
-415 989
-338 2773
1903 912
-1523 -1357
-1460 -2960
-937 -1603
3388 2934
456 -77
-3794 -1342
2227 94
1875 70
625 -2868
5917 1426
-170 2451
751 -915
-1114 -189
-1695 -293
-65 522
876 -147
-760 -599
1461 232
-2329 -1323
78 1677
239 309
-588 -1216
331 -721
-830 965
-1658 1193
-571 -988
491 714
-1112 -583
1818 503
-1639 411
-14 -1885
-1992 -504
-1159 654
714 966
289 628
-471 2
-1236 2232
-1184 675
-174 -2055
-2282 737
273 1050
-812 -1871
145 1013
-1328 2346
-1835 -260
912 1696
-764 365
1240 730
2041 369
-529 -782
745 161
54 -1284
942 1349
-959 -313
-1637 705
503 -1208
-836 -2287
1590 364
77 609
-1224 -2039
-46 -1115
-27 -233
1629 -239
-616 814
-2196 -2102
950 -831
2157 322
1897 3814
-217 1285
-1563 1505
3474 921
2712 -945
-1261 -3195
1992 3183
669 3370
-540 -2047
2688 -983
62 1611
1912 -1500
1212 230
-1916 -919
98 -873
270 -1402
2932 2127
-553 1120
4012 -432
-1245 1579
1199 2247
-680 610
103 -738
452 -1090
-669 -291
-80 360
-702 -815
818 1196
3130 3306
-1045 315
-2273 -1057
-7 -638
-847 -1047
768 573
462 1253
1038 2338
636 -1352
-1468 547
-375 -593
-265 1329
-1015 -1088
225 -826
-2031 -843
-2372 1157
-2409 -3288
21 -1062
-2074 1780
-1347 1650
461 459
-1024 6
991 968
948 -269
-1064 1494
1087 184
-1090 -115
-413 -21
-1106 -151
-912 492
682 1876
-1169 -661
1487 2111
-1837 -190
1949 -4327
-2179 -1428
2280 4865
-553 -69
-2853 -923
799 1701
1746 370
3621 -4832
2521 2723
-687 2870
2016 367
180 -2390
-1903 -937
-415 -246
2805 3460
-721 -1140
-999 1656
-512 1037
2985 620
174 -1424
1026 -512
-84 393
-518 1435
-1103 -3251
-109 -1703
-75 1760
1787 -1496
-229 -730
2504 -186
-2252 -382
-566 196
-133 663
906 53
-2463 -2367
-401 1141
149 1103
168 -414
319 -287
1333 224
782 1362
957 -660
-1319 572
-568 -827
669 265
1636 372
-408 -1220
-865 462
-558 -299
143 -304
-1531 201
690 615
475 -760
-1959 -978
1919 1440
-1147 -682
-1322 -53
-400 -64
778 -1036
1196 887
1253 1360
1002 -330
-1130 -1279
-270 -3545
390 1702
2615 -1591
-1205 -1856
2369 1705
-2900 611
3388 1097
-913 -2442
-4612 -246
-1071 2091
-2286 -2397
-510 1510
3021 3033
2945 2066
-1705 -75
151 1283
-496 -385
1370 -3129
-119 159
-1757 -249
934 626
453 -271
2376 1653
-315 -898
-426 -2432
-4300 1055
3407 994
408 -1140
4330 -1025
-1321 -452
894 -3593
252 -2578
2869 -4127
-119 -698
2929 2011
-748 -653
967 -85
-1640 1973
147 902
1291 -1612
-727 -400
-3041 -3150
2384 679
-102 577
1424 397
-266 1119
-359 1875
2174 -1796
-565 -1314
-2254 2346
383 -371
1154 -123
1398 -1045
-319 -510
-1611 1127
-4380 -1015
-1626 -4449
695 -1337
714 902
1017 -513
-2947 -242
-205 1167
-1740 485
-27 -1951
-4816 1503
1138 935
808 407
-406 -2303
4192 1978
773 1535
-1210 -387
-310 348
-1183 1018
-3085 3832
4265 440
-3843 -237
649 2859
2307 129
-1297 163
-893 2229
1304 -57
1888 -788
820 2208
1706 -1585
182 -1939
1470 903
541 415
-1257 -267
-763 1669
-4374 -2020
1239 2038
-616 1029
281 189
1432 436
-1168 1328
3090 1378
962 -2295
85 -645
-3887 498
-2938 899
5180 1867
-72 2196
2507 -628
-2112 1161
951 2315
468 808
472 596
183 1237
1299 -62
2210 1683
1675 2316
-682 1476
1515 -299
-2406 278
504 -61
560 -512
273 -1541
888 5570
1326 4366
3480 -323
-1503 -870
46 -795
-705 -965
2017 -2842
-946 -618
1100 -1777
-4588 3702
-3427 1122
-4524 -3456
-1536 2424
4274 1406
3405 -1532
3293 1486
-909 -653
1061 2324
3203 731
-3376 1534
-750 -1683
3195 2811
-2064 1521
1584 -1468
1282 2172
-722 -2143
1586 934
341 -145
3186 -1305
-364 -788
-679 408
2264 583
4453 -258
1391 -148
2420 1630
2315 -2632
687 652
1476 -2612
-1197 -3283
1688 -1031
-660 2560
-2438 -3394
-3183 14
-3032 2080
3865 -2920
472 -593
-1322 -3124
-2071 3507
2704 1285
5502 1063
-1983 1752
452 2144
2184 948
3447 -393
-1035 91
-2185 -1097
-2061 782
1005 -1159
-1042 -1130
-336 1025
883 620
566 221
-1310 -1003
-2396 843
-2144 770
-337 -3167
-1332 407
1244 -833
2205 1435
84 3639
-2071 -1391
95 4434
1980 -4068
688 -1677
-3959 131
-3709 -2199
2609 2818
3067 655
2632 1626
3224 1587
2469 1490
4502 2024
-592 -3575
-4065 4508
-2171 1156
7109 -485
-2257 3590
-398 1006
2785 -939
2051 -5380
2376 -2556
654 187
3614 -1124
1344 1466
-2502 2678
316 -3217
-2964 -1120
1305 1580
-1608 -124
-837 680
-3360 292
-534 -2272
-2124 -30
1309 -2088
-876 -1322
1865 196
2158 20
-1032 -783
-678 2708
-156 -98
-1868 2757
2594 91
1289 -982
1343 2162
1549 920
-1315 49
-124 -203
-2892 532
649 -88
193 261
10 2808
-30 -350
-261 -826
-1791 -2840
-875 2237
280 3064
1359 -896
-1868 260
2359 -1241
-1419 980
1796 -950
143 -107
-1595 1942
1889 -694
1561 395
-1788 -3581
-1497 -612
-1959 -2020
496 2525
-4953 -6059
1270 2918
1034 -473
3816 -1679
2404 762
-1015 1119
1566 -2755
-792 -107
-2897 293
-2999 3569
442 1201
-1355 514
2396 -83
3130 2947
-1878 -4849
-1398 1691
-1984 2032
2830 -2347
-1694 2263
-1521 812
578 1241
-361 1991
-1640 -2882
-3520 728
512 1667
3121 -1681
-3245 -1038
1853 933
697 -126
-2773 621
1249 239
-1181 3659
-1510 -18
-1057 -2416
495 -107
-181 2479
-2542 2762
-754 -293
609 1286
-2507 -1884
149 -1047
201 -2899
851 -1174
-797 -817
623 638
3098 -20
2107 -1376
-890 -1158
-2234 -2287
1347 -951
-3166 1571
-1759 1550
639 559
4183 -1052
-434 193
169 125
-645 601
1695 671
1538 -765
-1924 839
-689 -1487
882 29
-820 -1195
665 -369
-3776 -3663
2 3386
2072 3004
2243 -1212
3207 3565
1809 -689
4716 4297
-2806 -3241
-3225 2629
-2933 630
188 -482
-4620 1243
1404 951
730 -2012
3640 -1423
213 3163
627 -281
4392 -196
-2066 1602
1876 2193
886 -728
1883 -1162
-251 1652
-868 329
2833 -713
2554 -2919
1641 -225
1061 471
1168 1088
-536 -559
3341 -204
948 2214
1229 1481
-445 -1491
-102 -1213
-629 322
93 -18
3652 -2843
-759 -1077
-1225 3013
3350 1589
-743 1001
783 -173
548 -89
3669 -1495
3585 26
-240 -2704
759 -127
-1386 -944
-2819 -1512
1285 151
814 1360
-317 1580
-99 -2320
2318 734
2861 560
1 714
655 2603
-2732 -398
-102 -1316
458 2757
-385 -269
-473 -219
-2699 1193
-1396 -1959
979 3482
218 -390
-1360 -3503
6317 472
1678 -1308
2532 -2887
1926 -5390
-5066 2630
762 488
4751 -656
-4831 -2226
3608 3937
-2498 3616
1319 -1715
-2433 3614
-478 -2598
2242 307
776 610
-137 3023
-3016 -2975
2375 -2832
-3236 -616
142 -3549
-399 -1244
610 -2614
1583 12
590 991
2482 109
1306 -392
1670 1015
208 -837
-3108 -3833
1462 -1434
759 672
799 -237
-811 256
-1209 898
-1688 -1583
-2033 -3728
-3600 -1589
1947 2709
25 289
-2024 -578
1921 1253
-894 1320
1050 1677
3035 -2182
2852 3217
1305 2939
1796 -1658
1441 -2061
-444 -937
943 272
-1711 -45
-3045 -983
3268 -2412
-3078 1024
1416 -2255
-1177 -252
423 -812
-807 -2993
737 -1512
1957 2203
-3938 -3165
1106 3501
1743 4777
3357 875
1384 2183
486 1014
2736 1614
1255 -5366
-3285 1214
-5640 1294
2769 3946
-4082 1974
-279 2758
-147 3553
3129 813
-2438 1149
-2799 -2606
524 1909
-2339 -2645
1424 194
-1248 568
412 1273
498 -494
528 1225
-290 -1088
575 4032
-156 1484
-1701 -2505
-2218 301
384 1253
-5002 1593
1953 -1179
2636 68
-1042 -2455
123 -412
2966 2413
-5 2617
740 -980
-11 2118
-1492 2072
-2089 1150
-308 -666
117 197
-1408 970
-1115 1092
-1827 -717
-1510 -722
770 847
879 -33
1781 1584
314 -1515
2701 -1526
-335 35
-967 1256
73 -748
-1915 -1427
96 -494
3236 -362
3070 -797
-2021 2645
-1148 502
-983 -1133
-1391 1407
3006 2833
