1678 -1110
-3141 441
1607 -2290
2077 1230
2147 -331
1507 -59
1409 -3271
-204 -1172
176 1851
-1083 -1
2107 -776
-772 -103
1455 832
-1146 -2296
-66 -76
-247 -490
2380 763
1894 -1758
-1123 557
-1305 -1122
178 321
-443 519
-1200 27
-1014 -265
1055 335
1250 -342
30 25
-866 -64
254 -196
-750 544
-740 185
-284 405
55 -254
-21 -48
542 -163
308 257
123 308
107 -256
-646 337
-10 -196
3 156
-349 262
47 -29
-150 -85
-508 -155
-303 3
-252 -491
-249 -409
314 -241
-273 231
-76 592
-69 319
163 31
293 -63
-532 134
87 68
-170 348
113 -326
-30 297
-71 45
212 106
-220 53
-378 -180
-5 219
1514 -758
-2645 343
1754 -2281
2220 1053
1750 218
1174 -679
1529 -3020
-435 -1420
-204 2203
-1839 27
1161 -592
-1067 545
1558 463
-745 -1404
719 -292
-413 -55
1974 1502
1818 -1220
-728 -413
-1323 -886
509 229
-54 -362
-1162 -490
-647 519
1017 539
536 -423
-38 -149
-307 -264
434 361
-141 555
-388 -296
447 -112
-92 -269
-144 -69
-34 -162
68 -35
-206 -124
876 326
-16 282
-201 -525
238 215
38 -374
330 -459
304 78
-280 -393
-89 -168
170 -48
90 -27
-53 23
119 -151
-212 -30
-9 -247
149 -84
653 1
244 182
145 144
659 402
65 263
87 11
291 511
148 81
191 364
-22 -248
-115 -490
1422 -374
-2950 456
1672 -1770
2781 1388
1774 237
723 -1045
1956 -2711
141 -1425
-328 1622
-1068 -182
1421 -654
-749 -458
1730 1102
44 -1844
747 -205
113 -1013
1463 889
1894 -857
-1197 -284
-1622 -1676
84 3
-845 152
-1046 -655
-446 -192
533 908
498 637
-170 15
-15 -434
-136 -10
-436 100
125 53
49 -285
-513 104
-229 68
-29 17
-459 315
130 265
76 232
-149 10
255 -295
321 -250
189 -143
-217 -189
201 185
1 -22
138 329
442 -196
484 108
-93 -157
-42 -523
-282 324
-156 115
146 -90
-69 140
21 215
234 36
49 -250
286 -394
172 137
-171 4
214 59
95 -179
184 -524
-130 -1
1652 -450
-2945 178
1865 -1419
2478 1883
1753 454
1098 -474
2096 -3095
41 -2098
-77 1106
-486 -87
1479 120
-1332 -76
1765 1717
406 -2000
417 121
44 -591
1076 2005
1405 -105
-1436 -110
-1179 -1027
81 376
-763 -209
-663 -575
-651 -337
280 591
781 109
620 -431
190 -171
-33 0
-409 -364
427 -212
343 -225
-503 -37
512 -168
-117 -230
323 617
536 16
174 200
-315 -103
175 -222
156 571
44 -253
324 326
198 606
487 -154
-45 220
-21 -95
65 343
-575 -13
-71 78
-189 -200
-360 -3
352 -326
507 49
283 183
-525 -56
-258 -359
-80 -69
98 -494
-509 18
-413 -63
-442 -365
17 -11
-2 -90
1881 -253
-2391 474
1735 -1811
2069 1970
1467 -101
1338 -346
1995 -2502
70 -1671
-347 1636
-909 -346
1795 70
-1072 -139
1184 1783
205 -1822
477 105
21 -338
679 1613
1951 38
-1011 -688
-912 -1535
-164 647
141 -607
-420 -1158
-580 -741
43 819
420 253
-97 439
-262 -393
188 367
-458 -330
-237 -172
-74 -67
162 379
-301 -60
133 35
114 215
359 11
-103 17
-21 -71
-235 -389
163 417
-218 97
193 467
-154 351
73 -78
-23 61
420 41
106 228
104 -460
80 -621
295 -182
-178 -710
119 -289
244 -139
-234 -483
-79 -484
-687 190
419 119
415 -426
-32 578
-283 -230
334 -262
-364 -337
135 161
1959 -202
-2827 207
1892 -2163
2060 1604
1410 182
1221 -825
2288 -2745
13 -1877
-369 1197
-870 -189
1559 -97
-1491 -672
1243 1314
70 -1838
432 85
230 78
-253 1440
2058 591
-1022 -114
23 -1735
162 -340
-588 -55
-472 -1098
-463 -1223
-52 454
221 90
609 -14
-6 152
-15 8
-473 247
142 -71
356 -789
77 94
302 -6
128 337
-22 8
360 -420
-55 -120
149 -352
-313 -23
-86 230
124 478
359 53
87 513
-101 -280
219 -36
47 32
93 774
-275 82
207 112
-224 195
492 -339
-15 176
520 -70
47 -273
229 -722
33 235
34 24
189 85
-390 321
-79 124
35 -183
-498 62
280 443
1925 -544
-3058 149
2152 -1568
1856 1125
1545 482
1784 -201
2307 -2446
704 -1176
-338 1243
-1112 -604
1304 61
-1039 -880
802 2256
592 -1919
368 -110
379 -242
773 1871
2065 529
93 -1467
498 -1213
-500 510
-165 -296
74 -547
-1 -983
-341 521
-93 1348
203 26
324 63
22 156
-373 195
210 -109
-403 -135
326 -438
-183 132
-435 121
19 -49
-214 46
-101 -283
-484 -172
-96 146
-164 -7
-68 25
-165 -133
13 447
219 -229
129 315
78 439
96 513
124 -521
482 102
408 -121
-108 -738
272 356
236 -372
298 -45
-179 129
-288 -105
-195 493
20 -308
28 153
-392 516
198 88
-283 -72
-261 -204
1905 -373
-2796 249
2064 -1495
1833 1406
1859 875
1759 -382
2397 -1955
812 -1119
-651 1253
-820 -349
1395 846
-799 -1532
984 2062
695 -1958
427 47
8 85
-235 2289
1376 815
-271 -1233
77 -1458
-171 395
-366 -141
547 -980
279 -980
62 665
145 663
-134 620
195 -79
-348 -273
-371 113
-151 320
-131 -84
322 208
-112 349
-110 -144
-126 296
222 11
-34 -519
454 168
-134 124
-40 110
64 71
-129 87
-295 628
-96 -322
273 -22
379 221
-134 143
-439 -175
198 6
253 361
-78 -51
264 3
-272 -245
-279 214
-149 302
-176 228
-195 98
-252 -336
91 -209
-170 433
-214 -106
-26 497
302 166
-4637 391
-2509 -2024
6008 755
-56 792
2466 119
1950 -2083
-273 -980
-1196 998
1091 83
3020 -853
-2184 333
495 -608
-1557 772
-131 1157
2690 -591
611 -730
-1147 -1711
2009 459
499 -518
1380 -652
508 1758
600 -133
-1075 1140
-203 991
-3 -81
-621 1262
-786 -634
87 -937
-564 -303
1313 580
1140 -260
330 102
-971 837
-392 1443
-483 -259
-178 -1292
-1806 1001
351 262
-83 -954
767 -981
102 231
-783 -1666
828 122
650 159
19 208
-107 238
-218 852
-210 408
469 341
122 461
-93 -515
159 -207
262 -144
-521 547
81 -189
-685 930
605 -328
371 284
-801 -487
1016 559
172 -1845
-118 -99
-195 431
-873 -617
-4503 -276
-3859 -1392
5007 -1096
-1045 831
3506 -150
2392 -681
-104 -562
-129 695
526 -702
4157 -1066
-33 693
546 -3248
-1406 1634
1520 480
1923 -396
889 -176
-324 -1453
1754 191
1023 2740
395 1235
605 1369
-189 2104
-1658 1001
-120 701
-1510 -630
329 108
1018 -545
179 615
-905 -1285
-425 138
1410 -286
-1052 -284
594 82
727 -304
-752 -283
630 -1115
-574 751
-664 -1280
-637 -253
1037 -726
-912 -739
1452 -1175
-130 -107
-1107 601
-913 -87
-399 -332
468 394
-595 703
381 -637
-1477 -210
-766 498
-596 -117
-96 -889
-492 826
-583 -864
-553 -929
205 197
-531 -54
181 -567
-405 -1410
-1107 -668
-377 -1109
227 -93
98 366
-4427 291
-1964 -2829
4280 487
-1451 -574
4332 -113
3071 470
-182 -1884
-1712 1296
-1108 864
3826 72
-1495 -878
1623 -416
-1639 1086
-423 1572
1010 1595
-927 774
-227 -18
1404 2052
2095 2179
-109 1647
526 3444
953 10
-925 437
-1169 516
-987 262
-642 855
-41 538
-1301 661
107 -767
-258 1103
1125 343
-739 -630
798 987
348 -9
1513 1456
347 62
-1248 178
668 -398
-372 -596
-439 -1763
179 238
411 591
-85 189
1069 188
-519 659
-275 276
-498 216
907 -1809
853 -161
700 1155
323 -559
50 104
364 -612
157 157
-383 -1096
-1822 986
-615 -1012
-270 -1207
-53 -55
-852 -313
-709 179
477 207
-876 956
-269 405
-3445 663
-1892 -1875
4947 -505
-1078 -100
2046 934
3998 -1342
-475 411
-992 169
-807 1034
3579 -854
-2763 -221
553 -1938
-2446 -281
-1057 1625
1724 2107
-81 -8
1395 -1467
1543 1001
1071 1668
-274 372
-932 1766
1483 -438
-1184 1384
-757 -570
-136 -358
-1034 -274
-1043 476
168 346
-971 483
355 230
232 -183
-910 1244
1182 494
-60 560
2 1473
-1373 -1040
-656 -1303
605 940
542 1448
-7 510
419 1276
-422 1427
-53 -117
-407 -185
-1149 392
144 -1192
578 -347
53 393
-997 189
621 -572
697 -31
153 -574
575 -282
-276 -691
-870 -642
407 -620
828 526
250 -319
-242 69
373 -150
62 -369
-309 959
387 455
412 1590
-4671 586
-3141 -2774
4379 452
-683 238
3624 877
2221 -751
-197 -44
-1639 536
-932 279
4271 41
-768 244
687 -2030
-738 340
-371 876
330 2829
384 -368
257 -306
1116 1905
-701 2013
-488 1323
-1140 1034
745 986
-82 290
-1308 547
56 -115
-113 341
721 -1366
335 -245
243 -847
757 541
-740 431
183 229
425 -274
51 363
-200 694
-687 -289
-421 1448
97 -48
354 -588
796 777
945 -1032
155 650
-278 -1626
981 671
30 -106
-178 971
868 1196
303 974
-480 -237
1377 125
-318 318
-294 995
-249 -1022
-735 457
679 840
-432 583
-635 -1012
564 976
1083 -358
-836 390
812 1194
-1578 -298
2 -560
-584 -870
-5038 -226
-2279 -2973
5384 1163
-874 -38
3192 1089
2674 -1225
1142 481
-2090 369
-448 1775
3074 422
-1343 -837
1615 -951
-800 1410
-564 451
1300 1270
-224 271
745 839
1021 -100
-1084 237
242 1284
-1198 3071
1846 918
-902 -132
-299 -624
1434 -924
-1026 313
-284 -280
767 631
68 719
-167 -1422
1368 -790
138 103
394 -694
-682 753
-193 162
791 -412
-1822 844
-616 841
1647 445
1602 -266
455 431
193 204
866 -426
-155 -105
653 -281
-3 -727
-325 1740
-817 -716
-1417 -195
-471 -1065
476 -635
159 620
923 1436
-298 -563
-352 675
389 530
741 -54
-102 -343
-171 -219
637 669
-34 -824
787 -101
261 -73
-1366 -2097
-5671 648
-2057 -2056
4890 909
-562 798
4133 782
1842 -2295
818 76
-2227 826
-1878 -639
3443 739
-1178 -1098
1346 -1746
-1579 890
1344 1663
479 1235
111 65
-1361 -392
713 1731
-1152 1612
-130 557
-1229 1623
-9 1850
-720 -693
-1408 -555
602 -952
-1637 1072
511 -828
-13 -729
491 -523
1290 -254
-273 1234
-608 877
-625 28
911 -172
2557 -664
-620 931
419 163
-920 998
477 -9
-636 512
498 -816
930 -277
645 -710
-325 254
65 650
571 -1017
737 353
-841 23
-585 1458
884 -82
-361 651
123 179
-54 146
-574 -986
15 1114
1319 -348
88 -1008
991 -222
453 586
120 -329
25 -90
-535 -647
127 940
-99 -161
-5159 -717
-3426 -2891
4553 1765
-596 243
3887 -749
2522 550
556 -879
-2334 -109
-1008 477
3406 1445
-131 -2268
1861 764
-2811 -76
-406 886
574 1509
-865 -94
-828 439
19 2690
-2631 1321
330 2105
-2543 688
368 1223
-1824 -949
-207 -651
-328 -193
148 -213
-544 -561
490 -503
145 -94
33 -387
61 1613
-168 -701
-322 -401
-951 -784
-575 -9
-1102 -371
-1675 -1331
28 1377
435 -682
104 131
-935 545
135 288
-442 -648
-502 -947
900 629
-703 -1339
-445 10
485 -175
-82 179
567 909
610 -116
1107 -289
-564 361
192 486
1983 226
541 -437
-303 88
-273 304
-347 297
-221 1725
306 -143
-298 166
-492 -847
-717 970
205 2516
-1600 -1936
-1148 -2464
-898 -1647
4131 3307
89 1546
-1963 -51
646 -1992
-1538 -935
-1483 -3468
1746 -1400
-1934 657
-152 -1432
1520 -669
44 2407
-725 2006
2408 2239
-2225 -1259
2384 2389
-586 3179
1273 -570
-1921 -1578
2011 107
1702 -835
-1614 440
-1322 72
1287 576
943 -1281
481 1463
-725 -978
-321 -776
-598 -956
955 -741
845 -2181
-558 2207
-1 1396
3457 -816
603 753
2005 983
-1087 824
1800 -2171
2503 622
-2750 -659
-654 -1339
-473 -22
472 -62
615 -1505
1171 940
-614 -1481
-194 -957
39 -806
-382 532
-1194 -1263
863 165
116 -1793
-317 -2179
-874 -686
-1270 -924
495 -326
-1138 -346
-896 2883
260 790
380 167
1305 332
836 2724
-1414 -1766
-415 251
469 39
4377 2583
-549 218
-2001 205
-819 -1692
713 178
-688 -2381
1676 -2243
384 2572
347 -1021
-2064 -1996
-506 4799
-1994 825
851 1195
-597 -376
-93 -1905
1258 -721
-69 897
-326 -3483
1132 265
312 -1671
841 157
-854 1067
-1878 724
604 -1172
343 2381
1315 297
-2895 1227
41 604
-1688 243
-562 41
993 925
-174 1004
1525 -503
-1243 1064
931 -805
-1816 2232
2631 1339
-1974 1938
-1861 1333
2291 -1460
914 580
-483 1370
-2961 -1172
1265 -1542
1178 1692
1253 124
1186 -1134
422 -163
-761 2360
-579 -724
-258 -262
-12 1334
-1469 -1221
1790 -477
321 1076
82 180
1402 1316
-1213 880
661 -70
332 657
177 -21
-2144 -437
46 -3087
-1316 878
3292 4803
864 312
-2205 758
487 -3426
2612 -432
-1608 -3461
4130 1731
-2782 616
1025 -1443
-186 -1498
1075 980
656 2024
958 1549
476 -2767
-1070 397
1729 -1440
-486 -2325
475 -1383
437 559
2288 -123
1322 -911
551 -1282
-57 -1184
2260 -58
153 436
1983 -1629
-2609 583
856 2160
-180 -2696
-375 -1110
-2424 -2797
494 295
1987 -1385
176 -300
163 616
406 3123
-720 213
-647 -1642
537 -110
-1537 1722
666 -1802
-531 -1091
371 -1087
-2042 3074
377 1597
-1488 -2099
-1057 588
409 -1709
-1263 1037
29 -1152
703 -492
3284 -1472
-282 1421
199 2499
-528 108
1962 1783
-1418 -776
-997 -164
1418 -44
1668 6
-1334 -436
-3039 -504
633 -1624
-736 -1005
6022 2915
-2612 986
-1787 -1340
-65 609
1956 -1490
-441 -2940
5671 -576
1146 3378
1006 379
9 -479
-1884 -382
176 2177
-268 555
726 -1082
-586 1296
1179 -499
1063 -227
-402 -261
1011 -2229
1172 1740
-883 -112
1451 1489
-55 -198
245 -1481
460 -1838
692 25
-1586 63
418 -1796
905 -908
-1768 -674
396 -1312
2517 1247
964 2698
-170 -426
-2149 -2287
1912 630
-771 -2238
638 -1982
-470 506
620 13
518 -875
-794 948
-1025 -140
1414 -1228
1913 1171
-1125 -24
-3017 -64
-269 -135
-1581 1087
-287 2509
870 -428
468 -225
-2165 -856
1200 721
-289 1183
1167 220
-1441 228
1826 -1126
-639 -193
-72 -2468
408 251
-1629 -576
1455 -887
-1346 -1045
4702 4403
1005 -627
-1361 -2024
1798 -456
1918 -1589
-2252 -2922
2003 112
-59 3437
-226 -677
669 -411
1187 -1527
-1998 1582
1363 2090
58 -373
884 720
1192 -1138
1390 -466
-716 -1170
-1117 193
1835 1530
210 -173
-2781 1968
1007 595
-206 -964
-591 1555
-432 407
2837 1017
-437 -137
-13 -164
-997 -59
-633 -846
-1412 -94
-1259 -1920
230 2301
-1261 160
-537 1
-859 1254
2058 -200
322 1396
-37 -558
784 -1142
-2214 -1412
-1705 -2675
-2291 -1370
-1008 1706
-1725 1073
-96 14
1079 -112
1271 2581
430 -625
836 167
619 -986
2190 360
-2384 -1760
-3159 460
-20 -504
-115 -1593
1287 942
79 1496
1207 1015
-962 492
-2799 1403
-493 -1893
-490 404
4407 3319
1174 1667
-2746 -1966
4698 460
604 -2515
7 -2178
4273 3224
288 530
-1542 -1941
689 -252
-918 2894
-1745 -1408
1641 1019
-499 2685
544 1313
-219 -908
619 219
186 -1321
995 -480
968 1740
-2192 1230
312 762
-996 1545
95 -3280
-15 -1243
1979 3010
-3580 835
-2699 2016
-360 146
-34 -1054
305 -1772
-1169 2214
1700 862
620 -533
-3800 -1868
-598 1937
513 -866
102 -570
-1742 58
-173 319
-991 729
-503 526
683 -1763
-218 107
2276 -147
288 1377
1508 80
-2413 -457
-2068 -3397
-1180 1623
969 8
-1429 1090
-758 -1058
-391 548
-526 146
-1295 -1704
-16 1047
-450 728
-330 -637
188 1444
-59 109
-2170 -430
-1558 -2823
826 1361
2830 3659
1150 4007
-2815 -2514
1330 -2743
3869 893
521 -2152
3461 2272
-1117 2517
-114 -3184
-2995 -1331
655 3323
-1288 -466
1354 1430
-644 450
-927 248
274 -1407
-88 -953
642 -1886
-388 80
2102 1633
-1216 164
2745 -2616
743 2419
644 297
-924 228
-1259 -1442
631 -1362
1422 984
284 1125
-1718 270
-3050 341
1330 -1541
-108 -1778
-577 -1794
-37 -47
1635 -858
-1207 1869
143 1993
401 623
-1172 -1785
-68 27
-1420 -924
-453 -443
-318 44
423 -1491
-296 198
640 -1652
1434 1559
64 -405
657 1049
-870 -1434
-2083 -399
-438 1104
20 -775
-1490 -44
-1935 -121
684 -1165
174 1981
1147 201
1863 808
176 2020
-340 -1267
2006 -3708
-768 685
2099 6035
-775 -965
-2366 -1527
1788 -1918
1857 647
-340 -2833
1893 3390
-1543 -66
1757 344
1518 969
-1412 1384
-206 1035
2938 328
145 -1123
4188 921
825 -2100
1099 863
2004 -1364
959 -415
-586 958
-383 -162
-1566 -180
781 -1
-677 949
454 1395
374 -124
1432 -3008
-536 2126
-833 649
2687 1612
1736 321
1102 164
2114 1772
-1107 -1271
-1328 -20
-1173 293
339 -724
-456 635
155 1284
-932 222
30 -174
1541 3455
53 -224
-1001 179
1315 -1681
-88 -353
-1304 -1193
-1429 744
1161 1558
346 -833
-4155 -411
-623 -1115
-302 -422
-378 83
1248 -234
764 -2712
-1518 -687
321 471
1853 7
630 -2698
-1298 -6271
-847 3406
2030 -520
-177 -94
4696 588
851 -720
2594 2042
469 -942
-940 3447
-1940 3114
7802 -20
3728 1366
1937 3497
-854 -1489
-2412 -858
2820 -1412
-462 -2638
6213 -154
-729 -1466
134 -3143
-22 263
1019 895
-2739 -297
-2143 271
3345 19
4076 -545
-2530 196
-3876 2611
-236 -2150
-2364 322
-1528 1998
44 1719
-793 -664
215 448
1335 -3144
961 82
-1512 1353
-2313 -2349
-5167 -812
-55 -1191
-3643 2283
-4266 1254
2478 1134
728 1482
-569 559
-1680 686
-567 673
-2392 -805
2537 1499
221 418
-300 4011
-68 334
986 1598
-1382 -1357
-508 3735
1951 2639
1205 1774
3538 1167
-417 1501
1012 461
1127 -1938
1360 -435
-1085 -1000
55 1607
-3075 -5203
3439 2511
2037 -3351
137 -2680
2469 4525
1139 666
-421 462
1076 -2459
-2847 3098
-5296 314
4875 1921
-1685 4713
-306 996
1651 2952
582 -6879
2661 1135
1631 -793
1964 -1317
1323 2888
-2424 2295
1719 -3096
2596 838
-2529 -1408
402 4665
2491 960
921 -1713
2092 -194
-1543 -43
1178 -2456
-1343 -1204
2248 -2732
773 -463
130 -732
-1210 150
-840 -1881
-1147 -1698
-2270 -231
3706 -1112
227 2512
2028 -3967
-2182 -702
1166 -2306
3306 -1741
-2397 1566
-873 -1704
1628 -1870
3400 2275
-439 1383
-2572 -595
998 -647
-350 2338
-705 -1572
694 -3956
2604 -1246
564 1187
1178 -1757
2038 2914
409 1490
-687 57
-39 2031
-1918 -469
2030 1013
-1908 -1096
-1287 -1601
-653 -1702
-270 3122
2136 2937
3602 -1647
2480 994
-2141 -1848
1127 1507
1848 -325
-5049 809
-116 619
3245 -646
1564 1169
-517 2839
2269 228
-780 -4487
839 -2748
838 -2740
2228 1552
223 165
-3433 2313
2910 640
-3570 871
-1065 -888
-2531 43
-895 2775
-1056 2166
-853 413
-2053 -2911
-815 -1170
-1777 1573
2553 -484
-738 -3676
-1536 3181
-920 1261
1868 2213
-3047 303
-1004 3133
-131 1511
-420 -1096
374 -2468
1555 -787
1209 1569
-1539 702
662 -2206
483 2683
1398 1584
674 1012
894 -1093
-162 -2521
1453 1442
1147 1913
-1252 2422
817 -1674
-190 2499
-380 3094
-1392 144
1063 -1010
801 -2595
1302 399
-1980 -2922
3709 882
1903 276
505 -2411
-1300 394
-1686 -2562
1074 2567
-124 2399
3358 707
911 3217
2173 -704
-548 1373
3243 -3911
-2784 2563
-1706 2581
1472 2159
-3564 -1401
2126 1828
1931 -810
1850 -332
-426 -1168
1679 1360
-713 855
-533 -1728
-3361 2450
1068 -340
-1381 630
-541 1309
136 -109
1985 803
-1953 -1723
1430 -1811
-557 2235
226 3017
-1231 -1370
2713 817
3946 727
-4037 1461
3429 -237
-2640 362
-1534 170
1181 -1938
82 -376
2206 1577
-735 -1758
1805 2159
753 625
926 -930
-1808 352
1470 1522
412 916
2039 -1312
-3726 1628
-4577 -154
1058 1509
3944 1032
1201 519
2882 -1927
1065 -3478
-550 661
-1201 1761
2942 497
-3022 -344
490 -2713
-4111 412
2145 613
-2277 931
562 -655
664 2158
-1402 -2163
1708 3288
-1439 -493
2301 -336
-874 973
-133 2502
-985 2431
1315 -1779
-3862 4142
1156 -1404
4165 2477
-2629 -816
-626 2091
1903 -735
-92 -213
1687 -24
-1127 -2757
1579 -49
652 -711
-3318 823
352 3953
2212 -653
-264 -1675
-1180 -3718
-2241 1158
2955 -3225
-4433 -219
975 1114
-98 -1194
288 -1097
-3992 -2213
901 350
-397 1024
858 -369
1312 254
2532 401
1071 2909
-1202 -3948
835 76
544 -1736
1513 147
-2676 339
-849 319
-2412 -881
-1348 2021
4187 1089
644 1533
2590 -195
2183 -2244
164 -2684
1274 -969
-742 -2288
-2143 -3801
247 1174
-2808 -1497
-1298 -191
-2629 1162
4093 2573
4357 -1620
-9 1412
-685 44
223 -1131
-278 -1796
-2430 596
620 -746
3162 -863
1257 -139
1659 -3786
248 3030
-2084 -1108
1254 2149
-2879 -3451
-2638 4127
-781 -138
-1026 -2200
-3600 2588
2049 1014
449 861
1486 -5032
2815 4018
-2252 -3073
2711 -1747
-951 3005
-991 1379
3071 -2180
-2066 1994
-1930 -763
-2297 -1132
1168 -901
-989 -3575
3647 -3268
-955 4896
-135 601
-2494 -1824
3920 -759
4283 -4121
354 330
999 470
-532 3406
1504 -3673
-5 -2672
804 -331
5138 2069
-2144 -1943
-2751 -470
1804 1039
2385 1073
-113 -15
645 -1063
1702 740
-341 -1158
1120 1815
-2929 547
-427 432
-3550 262
3768 59
1769 3562
2937 -3283
-1003 -2458
1746 -2267
55 1363
1388 -1038
2657 -708
-493 1553
-211 -542
188 -2005
1057 1399
2226 1007
-45 -2523
531 2723
4410 1316
-2201 -6176
1398 3159
-82 -3256
2536 2354
2383 -228
-5589 -519
-4030 -801
1987 795
-1513 -1046
1334 5926
3130 1313
-1029 -5159
1311 3399
2189 -408
2016 -131
3085 -426
-1618 4814
1468 3240
1065 1512
893 209
-2223 -2154
1301 1236
-5040 2633
-885 -4121
-340 869
735 -358
-470 2692
-208 873
-1903 -1985
1619 -649
999 371
1490 1068
-2224 782
-859 2457
3089 1227
-1244 585
-1453 1893
860 -1582
-1331 277
-1101 -929
1456 2642
855 -858
361 2973
1136 484
1455 -716
-462 -2227
313 98
13 601
-4771 -2895
583 1362
-918 -2205
2066 -1235
1748 697
1238 -1176
-1306 2007
1905 -2672
2754 659
-1023 2424
725 -2394
-3507 -1800
-2481 -1204
-2277 -3662
-89 5087
-1336 2701
2878 -3438
2726 2306
1373 164
940 3802
2101 1981
-3728 -700
-659 -294
2883 2222
-2245 240
523 194
-2550 -1379
2239 -2104
-597 1018
-2184 898
-150 2908
-4196 -116
-4429 -195
871 2121
-2712 143
980 -536
-397 15
1291 -348
1426 823
1884 -229
1697 -1493
-970 -2820
-790 1485
-3634 2781
-81 -3390
2324 88
-2231 -757
-1740 -1883
-14 -711
-1281 -2090
2802 1047
2338 1997
1648 1612
1248 398
405 -915
958 -1440
2308 1024
-1468 -1895
-2072 -3077
2063 1424
1080 -1399
-3035 2435
-639 -1227
1474 1010
33 -1102
-260 -2724
-1705 19
4293 1118
112 2914
-1117 107
1207 131
-593 -1174
-1474 -745
1183 2127
1531 -468
-2846 2591
473 3638
