4893 -10526
12954 -184
11212 4142
5153 4052
5072 2876
8419 12181
-7899 9104
-6984 358
-1413 -2360
-8614 3648
-7879 -7118
758 -14054
7645 -6162
2550 -243
-3145 -499
6587 -9048
13361 2890
-8224 9519
-9752 -8021
917 -11552
5158 -5501
5193 -1065
1548 -737
-746 -405
1523 -2159
-1329 -5201
1271 -4855
7937 -884
-1238 3353
-7875 -7273
-1337 -10904
5368 -14649
21045 -982
2786 4869
1530 -3762
7612 1653
3151 -2474
10358 -5194
10302 2175
8665 3916
609 3958
7643 -1864
6837 7370
-767 6090
708 2604
5583 -1874
8403 10501
1966 11271
5789 8594
-2898 14628
-10746 7198
-5310 -2520
2767 5006
-7225 -271
-2117 229
-3921 -2841
513 -2527
-1567 7644
-8161 37
-4691 -8991
2465 -511
-3162 -7880
861 -8460
1072 -7036
9114 -6791
12336 623
7295 8445
4491 1223
5665 3734
988 12481
-5838 11293
-10456 1534
-677 801
-14475 788
-4806 -12725
1626 -9326
8030 -6583
2131 1770
894 436
11311 -6150
6340 7495
-13346 3670
-5955 -5692
131 -6878
4394 -6164
2855 -2725
362 854
4600 -2196
2986 -2835
1978 -4995
1771 -8834
2045 3330
-4039 2748
-9017 -4294
-3017 -16845
13603 -15521
16928 2111
769 2530
1803 -2069
4369 -987
6941 -3727
12172 -390
6441 -4547
9960 5985
6137 10565
6878 1773
564 10616
-853 1521
152 -1893
10787 -1250
5881 7501
-1264 8825
6714 11177
-3672 14691
-10571 8869
-6368 -5585
-1216 3622
-5843 699
-9304 -889
-5662 -3320
186 -1915
-692 5505
-8860 517
-2213 -6992
-1239 -4473
-3196 -7356
3933 -7619
-1815 -10486
9327 -9111
8359 237
5392 8597
3623 3367
3101 3058
6207 9699
-12464 7098
-6144 -3556
-7063 2912
-14153 -2858
-7145 -12775
1690 -9699
3935 -4464
-607 446
1056 -3805
13741 -5259
4576 14452
-10797 6339
-4340 -8016
2937 -6878
4008 -4216
7583 -3024
4848 -4218
1399 -1248
1621 798
3196 -4251
5458 -9013
7249 -1407
-2120 8183
-10415 -8106
99 -13802
17345 -13625
15509 885
1042 5378
1701 -2260
7201 -783
3695 -4285
15294 -2233
11457 -89
6792 3130
3755 2178
6600 2253
2389 4157
3662 -1131
4114 1475
12153 4515
3596 8364
-901 8435
5120 10182
-5516 14019
-6129 2196
-8300 202
-505 211
-1731 2709
-9729 -1309
-783 2010
3051 8
-54 4084
-10550 -5542
-157 -5106
-686 -6522
-5095 -2949
-1814 -9007
2070 -9172
7936 -6230
6367 -2857
4839 9326
593 3388
3472 3800
569 10455
-12010 6851
-3267 -2749
-5967 1197
-13580 -796
-1273 -12921
6036 -6399
4234 -5962
5266 3124
-1437 -7603
14638 -3305
1820 9782
-13907 1482
-4063 -9699
4800 -9314
666 -2388
5843 -1892
4485 -3431
386 2657
-4539 231
1080 -6512
4472 -6938
3582 2160
-366 2508
-6928 -5799
3406 -12297
14012 -11698
12748 4942
-2426 5473
6559 -5602
3117 400
5919 -2798
10728 -2222
7568 1802
5976 3552
4059 3995
3939 3403
7838 3212
2216 400
4304 -3182
8045 4398
7785 14224
1307 6939
4284 12478
-7202 12239
-9773 1130
-4405 -1378
1462 2242
-868 -302
-5352 -1889
519 -5163
2619 -259
-4423 1712
-9566 -5243
-853 -4969
741 668
-5957 -3585
11 -8713
7774 -4489
12658 -4060
10075 2823
5861 7663
5312 5689
7973 6988
66 10419
-6939 6667
-8841 1341
-6963 -2255
-7317 -9586
-1427 -11014
5159 -10413
8671 -1739
321 -327
-1626 -5407
10824 -363
197 9595
-10816 -2213
978 -8088
703 -5955
5919 -7757
6036 -2853
2540 -2142
-1097 -2877
-869 4433
-802 -7409
3761 -2243
748 -2824
-3050 -819
-6700 -9767
4938 -16766
13924 -8511
8532 3880
622 590
5804 -5119
1029 -117
5948 -5789
7501 -1352
14498 2608
3749 6444
2827 3541
6411 1046
2191 4933
8134 2619
3676 1189
9278 5755
7008 10350
715 8327
1169 11165
-7666 12948
-7908 2118
-4726 -3202
-1221 4378
-1255 552
-5453 -3673
-1912 -2667
1497 -3
-4394 2211
-684 -7785
2186 -5633
-4485 3909
-6495 -11125
922 -10117
6670 -4322
10833 -4299
8130 742
4026 8639
4003 5975
5383 5313
-3846 15245
-11892 4776
-3002 -1393
-9319 4076
-8350 -11102
-2468 -13834
3180 -10418
5806 -1675
2605 3664
1627 -6743
15307 -259
-924 12130
-10906 -504
-2899 -10798
4759 -5270
-1040 -5680
6348 -1387
3702 2943
750 983
-4668 -1456
2990 -5367
6438 -2742
7352 286
-3513 3544
-4910 -8586
3759 -15052
16094 -6637
9017 7899
-609 4057
4392 -4111
2868 -1263
3083 -5628
9674 -1844
14455 1251
8014 7252
5735 2898
7683 5949
3145 3860
1689 2054
4274 981
11779 6457
5936 9623
-933 6913
-1774 14006
-9843 14170
-9385 673
158 -5629
-923 2171
-1436 179
1277 -1291
860 -2243
-4236 4146
-6133 5821
-2088 -5167
21 -5393
-3912 -858
-3673 -9015
-1528 -8602
4657 -5968
8973 -9835
17070 -3741
2055 5551
2896 4362
9331 12033
-3592 11914
-9990 -2846
-3366 4509
-9488 -54
-4240 -7984
2327 -12966
6794 -6760
6574 -4343
-117 6139
5401 -10073
13783 2640
-6988 12198
-9026 -4533
-2693 -8265
5355 -10586
4999 -9245
4564 2687
4664 2057
2210 -1047
-2935 -3094
1471 -5525
8928 -5120
2128 5333
-4858 2713
-4735 -13216
7860 -15105
16110 -2870
9157 4563
4584 443
6312 -2909
-187 -2879
7614 -4582
9971 -549
8010 7360
5150 8326
1120 1252
8370 2421
1514 6044
648 1564
6686 -3905
7785 8514
6395 9271
2786 9628
1934 9422
-9486 10545
-7148 -4435
-3919 -971
-1548 3422
-4186 7005
-2386 -3348
1425 -2512
-501 212
-9191 3298
-1255 -6740
-2860 -1140
-5751 -550
-972 -9628
2070 -11338
-1674 -5630
10151 -2713
12541 3881
1679 9193
5519 2803
5905 8806
-4568 11079
-12681 2950
-5013 -2445
-6290 -785
-7426 -10075
2503 -14553
6153 -8586
9473 3849
-283 3604
3947 -12474
8528 5797
-4004 5112
-4842 -5467
-3036 -4539
5225 -4897
6279 -2985
3240 1950
1581 -2
777 -3672
-407 -3282
2281 -5385
9307 318
505 5869
-7805 -4422
-7072 -14703
9658 -14836
14240 -1381
4847 6269
1058 2590
3170 -1061
2133 -7526
10399 -5342
7060 197
10872 7419
4720 5269
5726 -2033
3211 8312
319 3482
1970 -3111
7956 -2065
9578 9229
1134 13351
5998 7830
98 14192
-12017 6277
-8166 -2165
-854 -1583
-4346 405
-3676 -1652
-836 -3909
3991 -3753
663 4456
-10957 2348
-1399 -7019
-205 1250
-1413 -7334
-959 -9451
4301 -10876
5928 -5289
12845 7862
663 -3817
-4718 1022
5036 8331
1899 8262
-11029 288
-8366 3363
-4506 6066
-3686 14805
-15652 -6484
-9486 6725
-10942 4347
-19332 -18896
8135 -16027
18399 1679
9196 13822
-4374 11659
-12287 -1086
1645 -714
-5291 -4563
-8974 -4566
-16580 -14643
-4055 -7614
2676 4920
-1925 -5088
-5891 -6728
-7352 -3535
-10430 -2067
6948 -718
7711 -5209
2386 -10443
17443 -3226
-13401 15590
3598 3928
4343 9762
-5196 323
20413 12794
772 19666
4513 19397
-12718 17817
-15618 -5581
2762 -2348
-6128 5507
-2279 6251
-7761 10557
-12410 5940
-19056 878
-13995 -1972
-4298 2269
-4867 -15989
-3472 -8389
-5760 -6965
-11474 4262
-10074 -156
-8963 -1302
-4890 9820
-18175 -11100
-3024 -14721
-12752 -3730
-24161 -9637
1937 -16847
1435 6554
-12043 -11854
6635 -15828
-2568 6175
-12192 5309
6832 -568
7550 -2932
-3006 7870
-6757 7586
-12715 -2192
-11418 -1754
-10676 -4171
754 6683
-6092 907
-12805 -18643
-14922 -15789
6084 -13821
1352 -3587
-46 12740
-10485 8740
-2475 7010
-5718 7048
-6782 7651
-19793 8037
-14378 -6376
8094 -12062
-5317 -2529
-8060 6192
-4684 4864
-1406 4823
1519 -8372
224 -1768
287 -3295
7372 -4892
7084 -1833
-8142 5467
-3588 -2970
-5175 2143
16191 7005
6205 12315
-2493 20503
8990 13723
-14869 7455
-3488 -2161
-3275 2488
6073 3383
-2218 14245
-17173 7467
-15134 2507
-14670 4846
-10022 -715
-14433 -12342
-4597 -2589
-378 -3779
-2272 4023
-9130 -1686
-9364 -1791
5772 4248
-6646 1047
-14580 -8340
-2002 -9025
-9689 -6893
-13687 -11693
-1334 -14069
-5962 2837
-11234 -14972
9769 -6609
-2697 -2165
-1625 -2809
7341 -7503
-496 9299
-9024 11409
-7265 12185
-3416 -6867
-9291 2295
-4681 -11284
-3821 3763
-7679 -7754
-13059 -3980
-695 -13012
17386 -22847
-5593 -7452
-3432 8270
-6663 -5277
-12966 8509
-15841 3338
-11224 6339
-15572 -2906
1476 -5688
-503 -4726
3752 -3718
-2983 -2638
-3196 5567
-15257 -2001
-7240 -3548
15631 -9516
1805 -2169
18314 1227
8197 6495
-6043 1253
-1538 -8200
4387 -9135
-919 4452
4976 9085
-2860 21158
-2199 19910
-15604 9979
-3287 -5712
1066 1228
7540 19407
-6120 12057
-12905 15767
-5813 2406
-17081 4291
-11218 3285
-4093 3333
-8874 -10548
2426 -11475
-2061 -5
-6001 -6416
-2249 -1387
-13532 1780
-18419 -3050
-1433 2762
-6585 -4302
-8437 1274
-17051 -15498
988 -2012
-4190 1872
-5588 -14267
15528 -18705
12369 7652
-18606 3614
369 -13002
-924 7643
2910 4886
-12514 -2490
-6935 -4174
-8863 -3016
-3108 -1049
-16401 6070
-19545 4025
-18758 -10808
-557 -12818
1627 -6605
16093 -838
-3192 -504
-6511 4370
-5792 -13012
-5717 -3325
-15390 407
-14979 -5212
-16478 -8910
-4205 -392
-1354 -5402
3859 -14437
5597 -4315
-7360 -6133
-2480 -10552
7733 -4519
10385 -10293
4043 8954
15276 2867
-4279 5276
4060 -9688
6008 -13997
7806 -3076
9907 8913
4128 13078
2199 17156
-16406 5312
-18498 -1863
-23 7302
2261 16783
-5272 9947
-20843 8488
-15892 -653
-20824 2843
-21343 10187
-12851 -2678
-13571 -4626
-12180 -3614
-18632 -3986
-7954 10101
-13958 -12087
-7054 -4928
-13866 3215
-18957 -12191
-3558 -1985
-11884 -673
-2125 -24105
-2337 -6215
-7708 -2473
-14486 -11901
14755 -23985
12500 -672
-2038 -6050
386 3612
-2721 2810
-5984 9423
-11972 4577
-19798 -10541
2765 8440
1995 -1455
-19863 -2486
-11276 -1819
-24034 -1199
-7152 -23002
12409 3458
7954 -8982
1377 11073
-3805 9657
-17234 6160
-12907 2878
-4283 2115
-18040 5041
-16799 -7052
4208 -8192
2589 7024
-5195 -811
5360 -6600
-9420 -13930
1338 -8118
13528 1540
11114 -4927
9831 -4248
5191 -2979
-5248 10342
5656 3024
1658 1280
5626 16725
2627 14902
-2878 21641
-10546 22964
-20052 15391
1181 -7043
2202 7600
-2960 14616
-12330 9799
-12437 -260
-5887 2444
-19082 10587
-19468 -3153
-8395 2489
-9195 3212
-11144 6883
-14849 8765
349 3886
-9044 5814
-5934 -2793
-9547 1676
-4729 -4507
-14708 -5458
-15655 -1112
-5455 -14086
11861 -11706
-2946 7827
-3105 -10259
6924 -11053
5337 13465
2187 9067
3285 -15589
-3769 8727
-1311 8772
1530 3426
-9884 -273
-2084 -6854
2081 -9043
-6366 -6910
-22234 4231
-3582 -6200
9260 -19351
10742 -10901
16402 3278
1569 3661
-6412 20396
1329 -79
-6221 -7179
-550 4606
2344 -935
-12980 -6743
5449 -7196
-3012 166
-11446 14068
3300 -8465
-4670 -10206
-6156 -13347
6336 -443
8624 -4609
5013 10713
-2803 6600
199 -2575
-3244 -5613
5108 3006
9661 4742
9823 14155
-4752 15194
-5418 29318
-15803 -9881
-4653 -3011
1864 4556
-13865 12399
-13334 6939
-18007 -7695
-15765 6382
-17164 3706
-14336 -12587
6964 -6538
-1699 2290
-1822 5689
-4199 815
-14473 500
-4159 1419
-17196 5743
-15452 -4117
-5126 -16642
-14943 -10388
5028 -14534
8628 -20129
3659 -4339
-10722 -3169
2573 -14578
23687 -5204
1416 12924
-5558 9028
9177 4641
-2234 9514
-3093 8578
-2553 6844
1725 3289
-11772 -5282
3931 1635
-8115 -1542
-13093 161
-21199 -19145
3513 -9323
11336 -5077
7300 2174
-5939 6367
-527 3501
-6934 2893
2623 4164
-4730 -2200
-11780 1427
-11918 -18246
-2073 -6048
-1893 -5726
6412 -4393
-10701 4389
-6097 -8995
3471 -17264
2818 8179
4201 -2329
3783 4981
2276 11000
-4500 -5918
-2559 -924
4603 -2888
12286 9441
3672 15763
-10227 24976
-7865 16803
-14448 -252
3181 2171
-4156 -2654
-1811 9366
-6439 9643
-18698 8623
-25213 3477
-12523 3180
-9738 -17444
-18281 -4339
-13207 -1122
-6246 -2055
-7282 -3468
-21204 -11208
-1828 -3567
-11539 -3747
-15238 -13052
-2648 -5981
-2801 -13624
-14300 -5369
1158 -15699
-3238 -11848
-3368 -4362
3952 -13288
16057 -6578
-1324 5946
-3596 83
8640 -6751
-1428 23092
-10811 305
1303 3264
-4159 2790
-12077 -1015
-12044 3265
-13916 7102
-17101 12201
-12028 -13894
-2385 -10508
2946 -6651
9090 4793
4999 2802
-14476 12262
-15855 -12247
883 5145
-5626 5890
-8851 -6654
2068 -11200
5283 -11530
6426 -737
-10449 -7954
-11914 -7844
-9505 -21452
5842 -26902
14231 1816
16028 2149
3362 2070
-961 13152
3880 398
3979 -2505
8394 2991
8677 12755
13224 12650
9743 17727
-9051 16026
-16935 -2246
-10794 5333
5072 5321
-6280 12829
-5908 18026
-8824 8911
-18717 4723
-24930 836
-10374 -17196
-11384 -14210
4097 -4213
3034 243
-3571 -7886
-12486 -8429
-2848 11442
-1209 2566
-15713 1587
-57 -4360
-3426 -1357
-16257 -1141
-1331 -14132
2966 4396
-13011 -2034
-7843 -15502
7306 -12352
995 -14408
1190 15688
7449 6528
-9107 -4965
-12857 4622
-1586 13483
-8826 11430
-6810 -12544
-24187 -18500
4424 -4096
4918 -18124
-18 -4102
21105 -8398
5222 23003
-11707 -14963
8409 -8749
3672 -2325
27092 8127
-10573 14060
416 16904
-3681 3363
6377 11617
-8465 -7082
1592 -11423
5141 2272
7834 -1752
-1665 -2983
9711 -12460
2129 -19235
10980 17208
15912 -3608
3217 6046
24949 -16628
13135 4377
-7429 -2093
18867 2210
-9719 -7163
-1718 -15912
-4358 -4300
8094 -1555
23645 15374
-15941 23397
4047 12246
-6256 -8426
2680 -7400
28779 -1835
16686 17208
-17621 5650
-6364 -2991
10703 13608
-1175 14939
-3305 41311
-11475 2601
3389 6028
-29663 6221
-21451 -14594
-4107 -11682
-12659 606
-316 -6829
19702 8142
-16502 8944
-7191 -4715
-2115 -8377
-8224 -8582
23858 -19650
8407 -3224
-1016 5874
-17968 8759
3678 16529
395 -1164
-13552 4129
9572 -4135
828 1728
-10543 -18870
-4889 -6615
6180 6057
17774 11693
20543 6522
5432 -3873
14269 -19528
24142 954
3374 -6542
-8725 -2343
-3868 -6935
8394 3714
-445 -348
-23518 8193
-17659 6370
591 -22780
4225 -16892
2605 -16059
10307 -17909
25562 -11506
8885 -5830
19017 12962
14205 -2929
19968 8180
22456 18793
1499 2891
-1425 -971
3421 -12716
-504 -17974
-10917 14662
5275 5040
-996 6752
2893 16777
-5808 4535
-14772 -20702
12742 -7276
24393 -847
16790 15523
-1420 -1430
4976 13328
-4346 7470
-19644 4807
2464 27603
-6649 7688
-5511 13509
-29461 18487
-19701 1700
-2271 4200
-3769 -1108
10386 9879
-6545 19901
2830 4697
3611 7377
-16632 6757
2508 -9131
18348 5272
10547 15249
-982 16467
4197 -8072
6674 4127
-27466 -3743
-825 3727
-6173 -284
-2281 13939
79 -6485
6104 12432
8687 -19021
5461 -15484
12732 25763
10752 8976
-5052 -7871
28416 6178
6381 -8908
9073 3656
-3529 764
-2324 12028
-25457 -199
-16425 -17149
-22001 -1191
-5731 -14412
-4373 -10228
12860 -4112
9274 -10960
-5343 -12018
21467 -3651
-5613 -15489
-58 1539
28424 13608
4115 17272
-4319 3452
7062 3666
12259 8185
-5131 -9961
6968 -4329
3704 3199
143 18383
2263 11350
-26889 -15483
-14834 1119
8668 -31312
618 -4734
16002 10764
-2858 -6412
-21948 -8950
16716 1831
-27475 31039
-1287 14298
-19209 33192
-17456 9416
-272 10360
-4939 -9293
-33843 -20162
-4194 -7886
6284 -1908
2901 4164
-11650 4019
-441 -3103
470 2252
-917 9043
-12222 -8882
42082 11454
7425 25363
12321 -1297
-8934 8801
-1585 12440
-10649 -9135
2311 -224
-18354 3091
15309 -13085
9418 -10428
5095 1370
11331 1539
21857 -9227
-10860 -2998
8838 11521
14394 10824
4112 34639
-12841 12086
3934 13426
-1363 12612
-1439 4597
-5173 -2870
-5137 -12383
-8898 11108
1031 -3578
1750 744
9015 240
-1388 -9709
-6784 5099
8463 -27643
-3471 2960
14650 7046
12418 16063
-9572 26203
3402 13340
-192 13722
-12976 1780
2897 -3710
5032 16761
12252 22547
-1662 -3917
-31795 -6044
-11935 -9704
18813 -15151
19979 6857
15889 6434
2218 -4238
-4646 -3008
20148 11717
9778 24610
17836 31077
-19148 81
6536 28384
-26975 19609
-16781 -13173
7176 -2358
-9916 -10590
7581 -10533
-4353 14065
-4448 -4822
-4246 -1434
9032 -13575
-14918 7009
-4546 15449
2226 1038
9121 -4442
7601 7497
-17071 2739
-4962 4791
14302 6290
-12410 -24613
-22263 -2310
12182 1347
2760 -6576
14206 -19911
5893 288
5131 -9063
-6060 6001
1130 -10464
5669 11834
30365 5784
1232 -6028
-7753 4202
-1142 4452
10722 -4526
1074 6583
-9188 -16804
1697 -27951
-8347 16443
10145 -8727
1105 964
-3269 -1485
-1964 5300
-2642 17907
16202 24197
28804 3077
-17097 5955
-5321 -339
9547 -26413
-277 5279
19724 -11300
10513 -12014
23726 -8990
-27653 24886
-10877 -3587
-12951 -7228
-11989 -12495
18492 -8779
9688 13509
14683 3597
9759 1435
2357 -7184
21993 -10725
6592 -1691
9417 14256
-26458 7370
-4235 -3348
-24636 1409
-19096 -8519
-23625 5479
14034 6465
-7235 -2232
-7301 -1898
-16529 -1273
-13654 -1491
-16618 -16798
5253 -4093
6716 -13683
-14286 -5746
-11107 24999
5983 -5605
-14871 5234
-24594 100
1332 -10745
-20217 9590
-9914 -1930
297 7435
14885 -17578
-7208 -3323
2200 1800
-5542 2523
-15883 -6724
-13114 1048
10056 -30531
-6725 18131
6077 21803
-29014 -8178
-16963 9762
1306 -15476
-27887 -17035
-10223 -15330
9716 -31977
-21997 12858
4098 -4722
6707 -231
5319 -19791
-9676 -5420
28169 -11914
27709 8296
12826 7643
12209 15761
6143 -4164
336 -8174
-2792 -2873
2650 4107
5252 -1999
7743 28741
-5440 11958
-16842 411
2362 8739
2389 -11153
23434 5122
20364 1290
2228 21839
5639 22629
-20470 167
8412 -11216
10122 5382
-7038 16269
-9214 11697
-21237 7048
-20280 -12180
-5505 -8790
-5962 8993
7913 3020
-30124 11733
-22518 10720
-10129 -5208
-4586 7767
-5932 -11434
-25719 -12797
17856 -1437
-897 -3344
-10952 2227
9888 -6779
-23627 -8796
-17769 -811
-13481 1306
-2208 -8950
-19061 -4988
-8525 -7843
-11296 6700
6113 -1886
-6218 -9421
225 1921
-5454 -1496
4690 -18510
7742 -49
5253 6650
-11278 3226
-16965 11694
-11495 8851
7144 -925
-9278 -14903
-16456 -14535
-17992 -13796
16174 -4895
-5850 -1616
-7178 2813
14938 -30603
6105 -6028
9534 -16613
9276 -8038
6782 21617
-13055 13348
5420 3524
-5356 13750
-11384 -6756
21434 -17265
18138 8220
9739 11444
-3139 -1954
-5447 24916
-24275 -1670
-6513 -5486
30505 -6996
32520 7184
211 19751
-5339 16202
13252 6173
17662 9459
2231 28367
77 18700
-6277 25102
-9184 5917
-17392 7413
-10134 10762
-6328 -5638
-3847 3070
7168 5419
5481 -165
719 8357
-19185 1848
-7591 -5613
11060 -4713
10698 6468
-1785 1450
-3768 6711
-1193 -5113
17089 6317
-24555 -150
7091 -9876
4226 7267
-2987 -9376
5652 -11529
8511 -14940
7004 -17272
-1031 -11325
11246 -5882
6329 29
5003 1561
17118 -3322
5142 38990
-1947 -3719
-16548 -4036
-18071 -1432
-16637 -1815
-12559 16853
-20161 -6022
-978 -14394
13078 15221
11212 3815
11120 11629
-805 7979
-5740 -8677
8293 -2792
24316 -455
1224 3502
-11118 4074
16282 -927
11943 10930
-20002 3437
-14024 -12644
-4297 5015
10176 18130
4081 5450
-13144 -4858
969 -8648
792 -16729
4347 -14930
21688 6150
21205 -388
1167 27225
8772 11884
-2798 16846
-16491 15923
-9183 27813
-3035 27754
-24557 8064
-24858 1567
-13871 -7253
-23192 -3988
-1346 -16792
7936 -4440
1385 1461
-8923 -11160
-2796 -10431
7468 4888
18064 -432
15926 9373
14913 5677
-3186 -6153
3713 -5884
22428 10802
-1844 5175
-3159 -23017
4420 5150
15557 11995
-10524 12691
-13521 18672
67 -8857
-5001 21983
-164 -40830
-11022 18346
-40190 -9144
9020 -10107
-36850 18792
-7161 -17092
5326 -27511
-2191 6969
-21549 13240
-3269 12528
-36915 1478
-25199 -28773
-1160 -28338
5965 -22117
3009 8049
-1119 1962
-11302 -44876
-10330 14336
-1989 -9288
7886 10797
-6956 -4870
3747 17010
-27859 28245
-23500 2508
2279 433
15406 -9008
-4342 7618
-38137 17259
7401 -14219
-14786 -22699
-9561 -5211
-13556 -15420
-28045 -22916
13104 -8544
36525 13891
3892 20729
-17970 -1534
4294 -3617
-8604 -39522
25132 8457
-20255 17490
24144 11680
-3860 1001
239 8639
1352 -6978
9672 1923
-18798 -31887
29424 -4037
-95 -3721
-4778 10663
14914 6527
-1650 26011
27371 6622
-21303 -9950
12899 -6858
-2522 -12659
-17509 8889
19291 -9211
-22942 6240
-179 10752
-19354 14923
3116 -14063
-9559 1068
-7725 -24028
-20217 2696
7369 27880
-9334 13173
-10585 -6530
-25540 29358
5538 730
3112 257
4598 -10347
-15819 2560
2635 2846
19521 -21678
-16539 -1551
-8424 -15315
-7570 -11479
-28999 13695
-18221 -10799
-4400 -220
-18082 -24664
-16559 -7992
-11346 -67
-21594 -8705
6408 5790
-31126 4706
-13482 2322
8 4529
11070 -33356
22976 6379
-16371 16082
-18849 -18416
-20463 -2458
-3724 11152
-827 -31753
-6900 -22631
4778 -22659
15312 18295
6921 6714
-821 -3285
36026 10063
-7316 -37336
5666 9012
-7595 6733
-23236 -11876
-5194 -14922
-11851 -20763
9170 -26426
-21104 -17704
15689 -45701
4897 -12107
-9494 -10238
25606 -24383
-3556 -5598
4558 4597
-17347 5501
-14603 -6624
-12129 19932
8533 -7380
38452 8128
-23686 11086
-1483 -9683
-18911 -7317
-9723 -2639
-28161 -30226
-24207 9266
-242 13394
-25133 -25516
3864 -6579
28266 3932
-31878 4095
-11882 34256
-15986 6400
17663 -17208
22844 -7970
4163 -7239
8458 21913
3825 -2123
-11150 -3278
26968 -28585
-3805 -12400
4915 -12248
11248 5845
-17607 -13540
-1387 15936
14590 -19795
-13570 -4899
8934 3698
-3561 18351
-9798 13819
-40816 -14343
18686 -15362
-3649 -6843
314 4019
-7139 -12023
-22976 -13064
5482 2091
16692 -27935
-6376 18505
25098 -7040
6419 -18359
16533 25432
37022 10587
-17529 14628
49353 -19199
-8977 238
21363 -30472
4911 21810
-36204 -17958
-18382 24449
33828 7158
-446 -19408
-9734 -10737
2946 -17827
26543 -26755
-8217 5587
-5135 -18292
1232 -20541
27665 16814
-55518 -4654
-15724 -14852
-14405 -15918
-4310 9411
-7117 -4749
564 11463
-15838 -14
12311 -16082
-29526 6305
-7370 -5656
-6022 -1126
-18732 -9382
-15311 20836
3855 9346
-16143 -17135
-10711 -8088
-25737 -20193
4989 -15022
16727 -29242
1936 1579
-22936 4901
-18501 -15645
-10744 19817
-17642 -26515
-247 -17577
-4075 -23187
-15083 -20987
16550 -770
10921 -11967
12454 22459
11676 -12821
-3787 -2886
-23036 15538
4789 -17898
-27565 -9420
-26791 -30403
16163 -16939
-7441 7729
8837 -1746
-28337 -1170
-14738 10969
33970 -31365
4036 -10459
-6946 -13600
-1266 -18081
19625 119
9134 9243
5273 16636
-24958 -3764
-2174 -31986
-17796 -21687
26150 14312
-26128 -6349
3910 -16727
4007 2059
-24212 -14093
12953 -9723
-18277 4728
-510 -14324
16704 19100
-4575 1397
-7361 11329
39689 -9360
16567 -10978
2765 39614
-12353 12146
-1493 -4336
23105 10348
-7072 6443
-22507 2898
-10642 41985
9908 863
-12688 -13466
6675 -7395
-10363 5634
4087 18500
-10325 2092
7560 6629
-8322 -602
-5205 -14256
-38954 -1965
-2369 5133
459 -3723
-3295 -3906
-17298 6929
-19223 -12690
-10588 -2461
-14303 21712
13393 -37246
-4090 2136
-8397 -18738
13991 -16426
12611 -18985
20202 -29216
1106 -36319
-23129 1914
33900 -6802
4488 13492
-38848 32231
-11938 -29467
-32018 -12261
6864 18080
-37004 22210
26550 -19351
-3598 18249
7895 -8990
13479 -2453
-6111 -10338
13165 -21713
13510 1606
8077 33131
-16789 12720
-28370 7234
15430 6366
-3630 -14025
15792 7477
-8063 20791
1046 -3065
-5782 -5391
18489 -23800
-12215 -35493
21829 -18120
20850 -14132
12490 21324
-2097 -24382
32532 10382
7707 -4451
-8400 14446
16430 7241
17377 -12041
-2203 3811
18471 -1585
14652 -504
-2566 17512
28900 5720
-12502 11188
-4783 -26681
-21014 134
-3845 -3226
-486 2685
5224 18549
14337 -577
39905 -16659
-14854 41128
-1407 -22057
-21787 -45589
48128 13922
-11588 1884
-11558 23837
12013 31481
-2976 3544
-24071 -7063
37551 -50104
-2951 -10238
3371 -24343
-166 12490
22758 5322
-34711 7450
-8989 -15024
-7428 4130
-18551 4570
-27781 23946
-20807 18104
-14972 -16944
6370 -32391
11155 -9611
2273 -3253
-530 312
-3849 -4382
-4905 -34735
-8629 -9267
-6210 -24422
10918 -8098
23177 -25279
-12975 3359
13290 9440
-7709 30268
-17589 7735
2407 -15573
20873 3397
6245 7938
1789 12943
5097 -6020
-11097 -10885
-18813 1783
25544 -18988
28222 -22368
17959 11350
-1015 -20988
-7915 7952
33432 40
-21237 3470
2840 20259
5125 3207
-4159 2535
30808 19865
-615 10035
-3124 -24617
5069 27193
-3656 -7616
13982 12743
26244 -28830
20355 -12542
5380 2798
-3310 7496
-5871 3606
9520 19097
-14299 24182
-17126 -7231
6700 -18061
25572 -17099
8522 -11918
-17843 2257
-6051 24573
7232 11634
-232 -10084
-16878 -23187
25511 -13400
14596 -5744
-4464 18388
3847 -13191
8503 24854
6650 15389
11867 -12286
30693 2219
-10054 -1717
-16214 -33218
10579 -8318
-13179 8101
-21690 -4325
-12681 18046
-21262 8596
-5964 -35896
15546 -5903
-4114 -21705
-10231 -26777
-5868 -18867
10342 -14558
-1772 20076
-4499 -6298
-9061 -9948
-7644 -28844
-6108 610
31711 -12157
-16782 30742
-6463 2953
-8381 -11261
-15594 -10508
1961 -3643
-13726 -17788
-17341 9911
4494 342
18457 -14450
12315 -6239
-6638 5957
-3961 -3860
9161 7105
-14499 15949
16799 -6380
-28198 16371
11931 5542
-25792 18931
-28353 -4723
-10339 6001
-2307 -10773
-1788 -7878
4695 18243
16985 9328
-17218 24145
-23872 -3169
-18694 -7219
-24090 13461
-5219 -30762
3621 -2977
21041 7348
13801 11673
1877 9619
-1696 -24683
-7510 -15521
4235 -2111
-23157 -32634
34 -1854
-10061 -7807
9090 -30552
3632 -8475
19857 3355
-14673 -1823
-1585 6182
16368 24945
-42966 13458
-37369 -41912
17841 -22988
14593 11345
20848 -5231
-22108 1939
-17893 -1425
-17682 4581
-21509 -2406
-9261 -21472
13033 2761
16788 2353
-16662 25147
13060 -7149
-18608 6017
1190 -16180
16904 -3741
7457 -17689
-277 -21500
5935 -2937
348 -13007
8887 -12288
23721 -8561
-3963 14891
-9270 -5511
2077 182
10676 -2493
4680 -7230
14537 -16271
4252 19009
