1394 -562
-2940 713
1916 -2441
2228 641
1792 -14
1068 -1034
1521 -3632
-433 -873
459 1696
-1115 -214
1499 -577
-1385 642
2033 719
-944 -1456
265 -398
-128 -279
1884 474
1491 -1635
-1074 267
-1276 -627
187 547
-263 593
-1057 -39
-939 437
490 -198
591 -297
-188 182
-782 284
521 -165
-172 309
-220 -346
108 -112
261 -169
15 174
136 -132
277 -532
434 -215
132 -70
108 336
209 -111
-248 391
-356 113
-35 203
18 -101
276 -383
52 105
-445 -148
114 -112
115 395
-267 433
-151 225
-201 -281
-83 121
6 -32
-136 -15
-265 -49
-303 -79
-256 224
-268 -168
-6 -52
-248 -384
244 36
-82 695
-43 -129
1796 378
-3195 -53
1833 -2278
1921 807
1951 103
1444 -596
829 -3444
-93 -1140
222 1183
-952 247
1602 -174
-1532 348
1553 1057
-671 -1856
817 88
-267 -312
1956 726
1872 -1151
-998 192
-1107 -820
199 422
-649 90
-1330 -423
-1362 -348
544 665
219 -8
427 71
-494 -17
770 265
-480 296
-108 -385
425 -150
142 -41
-241 -203
-532 83
-176 -28
8 -254
249 524
95 185
61 -114
619 -9
-199 -83
308 -186
537 -34
-114 -145
-185 86
155 -80
-50 9
354 -124
-488 566
-209 94
-144 -46
-240 -130
201 -147
-246 192
252 -38
-54 172
-108 91
200 68
19 -517
-408 -125
-97 97
39 589
-293 223
1607 -349
-2849 635
1757 -1807
2886 1067
1810 548
1228 -454
1740 -3207
83 -1737
-154 1509
-885 74
1126 -621
-1125 250
1527 848
-178 -1826
667 -383
-434 -359
1621 1281
1888 -707
-1509 -144
-1424 -368
-31 569
-666 -560
-1129 -775
-618 272
1002 331
608 -126
380 -315
-286 -492
219 132
-433 534
-235 -452
-73 -25
-500 355
-303 -217
3 -10
162 -160
-86 329
580 -375
674 176
95 455
183 216
113 220
456 -26
260 -49
-250 183
-138 -358
150 -144
-26 -129
59 274
28 23
-238 -170
-343 40
-114 289
-221 552
623 -489
-229 -41
-19 94
70 89
-69 161
-157 -174
-355 299
280 -451
-503 -63
-418 339
1282 -122
-2466 611
2243 -2406
2901 1342
1491 243
1147 -943
1981 -2814
436 -2190
-568 1538
-369 -158
2189 -418
-1267 -30
2028 884
-621 -1438
548 -105
-176 -520
1223 2063
1826 -215
-714 60
-1171 -1259
-271 273
-411 -196
-358 -482
-1082 -377
298 850
648 139
-130 -308
-288 -490
174 -225
-638 -166
13 -310
345 -257
-183 72
64 257
-132 24
-241 274
-210 -304
39 343
106 -207
307 -78
-213 69
208 221
-31 -167
471 118
236 146
-501 60
140 -315
99 -166
-372 102
-186 -189
258 74
-176 -161
223 61
176 -193
373 -333
-13 -164
223 46
16 273
397 -104
-56 -219
44 -406
-142 144
-632 -111
105 373
1391 -910
-2120 706
2033 -2062
2348 1498
1363 402
1384 -781
2118 -2906
-71 -1494
-217 1147
-982 -26
1992 373
-973 -240
1453 1900
-426 -1660
57 -70
-35 -130
607 2125
1778 6
-750 -334
-669 -1263
-557 836
-232 -685
-339 -552
-963 -878
228 1094
967 52
298 -171
28 88
1 689
-675 9
-43 -208
27 515
-344 -313
-144 66
40 -87
-37 372
-579 184
5 7
140 106
316 -485
231 98
220 256
-309 -129
411 333
482 76
62 -113
110 26
111 32
-165 -83
246 -384
-119 359
-430 -7
353 -288
211 -556
624 245
353 154
248 -69
415 169
-40 -24
-72 201
-67 236
120 159
-439 -273
-348 -25
1322 -322
-2861 300
1815 -1532
2597 1446
1575 432
1827 -723
2386 -2229
213 -1792
-885 1413
-1068 255
1472 165
-1203 -239
1474 2024
26 -2029
792 -85
133 68
881 1958
2241 247
-1054 -439
-471 -1868
-272 186
151 -204
-323 -773
-513 -911
235 731
567 385
68 313
-368 -231
89 358
-362 39
515 99
200 125
33 -152
-15 -347
-232 261
-162 595
-238 -70
-64 308
-221 -290
213 74
20 -63
84 -48
446 -94
-317 391
147 -318
227 -58
286 344
-66 440
-457 15
-108 -349
215 -388
10 53
204 -212
-368 -172
380 -56
-146 -292
40 85
675 -47
-455 230
139 -16
190 51
137 38
-118 -149
-305 395
1763 -610
-3032 -20
2056 -1962
1800 1713
1814 549
1481 -274
2560 -2295
567 -1201
-650 1215
-436 -708
1606 -332
-1563 -614
1438 2320
22 -1546
403 99
50 389
278 1410
1987 478
-591 -773
120 -1735
-583 -103
41 -624
-435 -799
-101 -1791
-872 607
144 655
32 642
583 36
-141 469
-209 68
252 -211
-201 257
-540 -147
-321 -306
275 -129
324 -71
343 -95
-61 267
-362 -305
-103 -141
71 150
-111 253
271 49
-336 155
682 -64
325 57
420 102
132 474
172 13
591 292
115 -417
539 -318
-108 174
-19 -184
-563 434
-129 -255
225 36
-240 -303
266 -115
226 -68
72 -71
-176 -508
-151 120
-195 52
1156 -622
-2533 212
2061 -1112
2359 1607
1753 346
1587 -409
2458 -2439
316 -1751
-586 963
-773 -485
1694 747
-1318 -463
-135 2304
956 -1700
658 -119
603 -361
-382 2132
1779 1262
-420 -1556
453 -1197
-141 448
224 -213
328 -1054
418 -530
-219 609
632 460
-165 161
-162 -485
365 122
-760 -436
-430 102
338 -222
115 98
-291 -177
99 272
315 -12
33 98
-622 195
-314 127
-355 -222
-293 271
-29 -161
284 163
-501 24
488 107
-100 64
68 634
149 239
47 11
362 240
205 207
206 -711
-23 834
242 301
356 51
-30 -81
163 -237
-182 348
77 -198
30 -85
-237 289
157 332
-403 277
223 -182
-3232 506
-2251 -2380
4485 448
-638 207
2881 -106
1422 -491
446 -463
-1143 548
-729 -404
3576 -1657
-1822 250
-568 -3096
-334 1236
502 454
1071 -197
1036 417
1332 455
1280 -642
1835 840
1821 1677
1283 249
-206 384
315 877
580 672
-945 1278
17 1133
-187 -797
803 -851
-155 -777
-282 -507
-520 893
-463 511
359 195
-640 -620
-918 728
-582 1531
-155 -901
335 175
729 170
-195 -1246
-158 -1218
-1476 138
22 -1032
-783 887
1183 1008
530 305
1340 -814
-650 252
3 -529
-566 -672
-152 -753
243 377
-549 -496
134 -407
667 -622
245 648
-789 507
797 -318
275 -1031
810 -1225
633 1450
-432 -1071
-1056 -671
-290 -751
-4186 -519
-1663 -1821
4892 1838
417 2664
2762 -1067
4233 -1116
1163 999
-971 587
102 1340
3798 -1125
-2335 -1807
1563 -1389
-1777 -131
-581 816
1735 957
-222 -859
918 -818
1243 514
1383 705
1319 1662
1436 2122
698 84
193 537
484 586
197 -1743
947 1645
-460 -619
655 892
-1450 -666
335 58
476 186
509 -158
-455 99
-27 691
947 -426
1765 83
567 -526
279 -1603
-706 480
-422 -593
461 453
-543 622
510 -360
-386 714
-441 -219
-932 16
-839 -201
-279 -225
239 502
-272 -6
-568 -123
-699 315
110 -302
-504 76
699 -1138
-820 -519
39 48
283 897
-1054 1304
170 190
1091 178
-634 91
465 66
697 -1300
-5003 -68
-939 -1620
5823 18
-1305 -166
5036 -1008
4194 -1037
-1380 567
-1262 1970
23 -645
2804 -792
-1347 -1677
1703 -1834
-1457 -130
-1069 749
1847 1114
80 -362
-186 176
1228 -15
2413 1829
1602 335
564 2562
1854 209
-199 880
54 17
-379 -928
195 1198
-1337 -745
43 319
216 389
1450 -168
865 1383
640 302
1466 -1127
-482 164
-231 -87
-1424 -33
-721 489
789 375
-1384 170
405 -869
-1083 -295
180 -963
-1899 -804
868 -266
-521 619
-1333 599
-391 449
-13 1046
-135 661
245 611
900 -75
1220 -159
1077 -356
683 -645
-2003 425
721 -429
-118 174
-825 201
1002 -186
272 1183
902 -171
-503 457
-356 883
83 81
-4151 345
-3086 -1808
3877 885
-900 969
5242 726
2832 -155
466 -465
-1047 2554
-674 696
2906 -20
-3325 -2094
1080 -1810
-1865 1828
709 -30
1595 1449
910 1102
831 -482
1482 -570
221 886
584 1862
779 1407
-177 336
-1105 255
290 -109
-520 -634
-574 1499
-400 -907
159 525
34 -483
578 -767
248 483
-1025 376
1179 534
-277 1074
662 540
-293 -457
368 -13
-103 -730
-748 493
396 194
-532 12
473 -646
-1225 1037
-1403 -67
-14 -876
408 -1627
-532 -33
-505 -408
304 296
512 1856
243 -1277
-708 -749
234 -1051
-841 952
-19 172
532 213
-567 655
533 -292
1577 -467
-276 -97
150 772
-28 -330
1786 368
-519 -749
-4416 1196
-3549 -2058
5519 2199
37 1998
3642 -210
2298 -622
-318 168
-245 577
-789 505
4218 1036
-1095 -436
1376 -1776
-923 154
1038 446
-243 1910
-100 299
1153 222
2307 204
-835 1496
-216 1322
831 1272
333 936
-646 560
1367 1440
-163 -1368
-912 235
-1070 -434
-606 -1582
177 -512
481 990
179 -601
509 -1925
293 4
-1062 197
-451 -99
419 -458
1441 -611
674 -24
985 -184
-83 992
110 -213
416 583
1735 7
72 484
234 -52
-1292 -716
-30 -165
-564 512
-284 1006
-162 102
-3 -252
194 111
382 355
25 -461
-495 -893
-547 -187
-1088 12
-1266 -884
-733 438
1231 -382
-941 452
-79 -279
760 498
665 1269
-2122 -633
-3145 -2431
5102 691
-1193 996
3458 624
2313 -1022
352 -207
-2106 2219
-152 416
3148 261
-721 -858
2114 -620
-1682 -106
707 1429
1012 1287
-322 373
-237 -855
1175 1112
-905 1268
-399 1159
90 2066
976 -549
-453 321
-276 216
-1302 -345
-1610 208
-1086 -626
640 -1114
212 -270
-377 661
-1487 -224
111 386
-154 1150
71 350
184 716
-244 -10
56 758
-811 167
288 1183
-702 870
467 640
270 1167
-333 -219
415 635
207 295
-918 -1533
590 -839
107 -309
-351 247
-5 154
-921 -653
41 -314
260 451
813 -831
-808 -557
739 371
-325 -397
-395 1083
130 -486
-214 380
-1015 -582
70 662
-198 -177
24 -690
-4500 -239
-2134 -2525
4503 1466
-858 675
2607 -1246
1893 -300
203 568
-3013 294
-34 -375
3992 445
-1396 -1137
2385 -2363
-2123 24
395 1543
721 1131
738 -11
-1087 1595
1148 2119
-976 1923
1664 1680
-1177 1960
-762 1137
175 -1403
-37 1429
226 -329
-864 -185
236 -888
-835 446
-318 -360
693 151
359 -671
-177 -980
622 1203
1533 245
-1907 809
298 1055
-1546 -1407
-441 415
-1006 869
273 456
-299 -1401
-660 -911
-1745 -143
456 1185
330 -1082
-728 577
535 289
-687 -317
-1083 -710
634 843
1204 441
-734 93
194 487
61 22
1072 785
302 291
-868 410
1123 609
-945 -520
-336 2493
-1424 -711
-689 291
501 -241
924 -424
-4085 228
-2047 -3311
5036 -863
-326 823
1925 1396
2322 -704
780 -806
-1561 1300
-920 795
4253 827
-802 -1512
1459 -2194
-2030 -453
-1545 639
1209 1855
-401 679
374 41
531 1121
-1403 1939
-1301 752
-2546 1951
-348 576
-192 -35
-175 -253
564 -603
-295 999
287 -812
484 -635
-207 169
1146 280
1525 95
-1069 35
-1079 -633
-568 1464
177 -176
-692 -1127
404 1058
-226 633
-1024 -277
282 -644
506 -378
-512 706
-1408 94
766 641
-581 128
1513 -388
108 452
-584 1447
-915 -1032
755 -498
292 -1432
-92 506
-794 -78
1073 638
-993 867
-653 -358
-147 597
347 -98
619 -95
-1338 -22
1281 1505
-445 310
859 6
-540 -201
-250 1124
-2562 -2298
-1064 -1980
-539 186
4297 2364
2299 -652
-4542 361
148 -2450
2293 309
-1443 -749
3848 -3447
2777 2963
-1659 -1394
-792 -659
1298 1662
-1918 1012
-776 -2199
-624 536
1009 -455
-2516 -2983
1066 1186
254 -2412
-1391 1587
1109 -1839
1495 -853
-784 -1544
-671 713
-980 156
-611 1318
853 749
1617 -1066
1326 -1472
-194 156
982 422
1215 -741
961 -1577
194 899
-1152 -41
-1352 -667
275 1291
116 -493
3971 -1253
1236 1140
1515 -1491
-3234 363
-1523 1130
-1829 649
-625 -597
236 -1694
860 1262
627 2594
-420 1632
696 735
-707 1014
-1308 451
183 -1075
3046 -1339
-1052 394
-746 2391
-424 1852
-413 -1828
-533 1544
2723 -923
-1015 223
711 464
-2380 -54
-1019 -4477
-1872 -2291
5370 4364
-3959 -929
-3084 -2580
-1827 -2081
-729 -1021
-1638 -2138
5123 1127
-419 343
57 143
681 -503
-327 943
-320 1978
890 -364
588 -1662
-390 450
-1441 -2059
1041 -1167
-1105 -1142
269 1403
1183 489
-571 2877
-1041 -1287
-1325 566
-764 -684
-5 414
1325 -1135
-2095 35
-1756 773
657 -77
1761 -323
-95 301
-2218 52
515 2979
-1542 855
588 -146
568 -57
-2525 -1209
1039 -2103
-1153 1722
1072 -1108
-945 -486
906 395
631 233
267 -136
-811 -1043
1796 -1628
707 226
1755 313
-725 -527
165 296
-1329 348
1611 936
-466 -315
435 -1608
1571 -2891
843 1242
-1182 -559
353 -1097
-1162 -1738
-372 656
724 420
-4161 -1496
-1199 -1271
-1035 891
2978 4006
-2584 -981
-459 -2420
900 -2824
946 785
-186 -3228
3359 3500
-962 -69
377 761
721 -771
173 1530
-41 2199
2031 -274
-283 386
-385 2095
-1907 -208
1562 -2078
-2334 1433
284 -255
-904 733
-272 1071
-238 -632
1293 2197
623 -701
-240 -1364
-1992 -1035
34 -1460
621 308
-2477 1515
2605 388
560 -1198
2108 -209
-114 -1794
-1662 1123
1025 113
-663 -1035
2999 1707
195 91
1381 304
-834 1939
360 -1442
-316 -602
-225 -1536
-294 -825
1326 -1266
-509 -993
-2680 147
-2436 -1177
-29 70
-312 179
869 -379
-303 -253
1551 2191
1936 -1652
-1565 411
630 -1261
-2301 -131
306 -1076
1454 -1591
1405 -1311
1470 -691
-2389 -2368
719 -1466
-1976 -247
2697 2938
27 625
-3286 -1805
-677 -3480
1922 -527
-1957 -2944
4853 3531
-410 1491
300 -3433
649 1264
231 1737
750 -220
495 -367
95 1445
-1138 1505
-166 -806
538 1204
769 -956
238 -508
369 412
-589 -449
25 -1686
2803 1654
289 -292
28 929
144 1868
797 326
-363 861
-1649 -1108
449 -1435
-775 -535
1595 -170
-630 3392
1746 1289
225 -345
-638 -1934
993 1370
-964 -82
1716 -1984
1148 481
-612 394
-722 1401
1675 -596
-312 1173
-116 1381
128 -2505
-2418 518
428 491
518 1058
553 302
-681 -231
-563 1436
-557 -1416
-1257 -218
-2632 965
-366 1141
-487 -732
1472 -696
-2320 -444
-440 -78
1513 110
-2029 -1897
-1508 -5039
-2289 -3245
4674 4824
715 943
-1206 -1901
-386 -1622
1454 -847
-2439 -5373
879 797
-2561 2580
-183 -1247
-2373 -137
2821 -410
-586 599
860 -1190
-143 1096
876 393
-844 311
-94 105
-178 -350
168 -1617
-2697 86
-1027 1064
-784 1279
1431 -197
1081 2582
-312 -188
1684 -1479
467 443
-1505 1882
845 990
3074 -781
653 323
-447 432
-1296 1502
-459 1115
-1412 45
915 -1694
-243 608
66 -1804
-1141 932
-131 471
-583 -952
1322 751
1051 -7
676 -1673
73 -539
879 83
-1068 -1723
773 -1315
453 -1533
-70 2127
881 979
367 315
883 -1571
1177 -65
976 573
-3548 -477
1952 -1635
828 731
1057 1078
-713 -1981
-2330 1742
-1330 309
13 -2866
-687 -592
5116 4540
-28 2142
-2821 -1829
2874 -2127
1473 92
719 -3947
2955 862
-882 -303
-247 -479
-403 -1750
93 2590
-375 187
784 -411
-545 473
532 1527
180 137
966 -55
-931 -565
-107 -1582
880 586
1267 170
1493 579
1884 235
529 2215
-714 79
103 -1044
2374 -150
72 -10
1206 -1005
404 399
-502 -2098
1694 -461
957 -1520
1324 328
-588 -818
1223 -905
-243 -513
-323 -1543
210 713
-427 607
-1398 -1038
981 1453
-1381 -44
541 950
713 1456
1157 334
126 1955
466 -678
-461 -43
-604 1202
766 1380
-594 -19
1884 242
-2794 -874
1616 214
-1656 535
1333 1338
-422 -1870
827 150
579 -177
-136 1487
-2055 438
999 -3773
-375 -2025
5804 7678
1653 212
-992 -3492
4265 -851
740 1163
-2927 -2544
3013 3159
-286 2240
604 -2520
-16 -1652
-1190 2432
-2527 -569
3459 -1309
-747 -767
-372 448
-2374 -1027
1572 -93
800 -675
-1837 2159
-515 1430
861 -1326
813 -389
1316 686
151 -434
1215 708
593 -471
-1197 1425
148 1079
-457 -1376
-1079 1259
1590 -2093
-1486 -551
2142 2089
-197 -261
2531 -648
489 -463
644 2614
1245 1612
3230 -634
327 -1141
-1567 1471
1189 -2107
-981 1148
-420 258
62 1338
21 -1164
-1315 -536
1539 54
502 257
72 400
-942 -15
557 15
436 -401
-771 -1007
1047 138
108 -4546
2730 2440
1971 1017
-298 484
-1646 105
225 1479
-3501 73
-1123 -512
-1496 -37
5569 2988
-469 455
-3211 -92
3039 -805
-470 -376
-2146 -3725
3318 2638
-342 1756
2762 -2232
1840 -159
-2884 1606
-1449 -2608
1458 570
12 8
630 1447
1160 -945
1952 -533
1761 -498
222 -320
4 -525
-709 -244
-2702 -498
361 2227
768 590
-1263 567
588 1158
-1553 -1467
1189 828
1652 1559
1412 -288
-899 -616
-1013 1451
-1342 -2668
2521 -774
2780 -232
-1025 2092
-859 344
273 -270
36 -128
-1518 -147
-187 -1124
-1325 -454
1116 -1211
60 -2329
112 -306
-342 1479
-301 460
404 1388
771 -1340
-1698 -2926
561 -1551
636 -130
203 -901
-156 -219
-1070 -65
677 191
-1241 -2346
-55 -1313
-671 -1529
421 414
-3340 -5528
968 5063
4016 -1570
1626 -2519
2721 611
-2766 951
6160 -915
816 962
-5102 2523
-4076 -1636
1728 3393
-4379 2199
2776 -149
2365 1169
-1851 -2179
4075 88
196 2231
3658 -1622
-467 1163
2841 3668
-1405 -2215
-188 1056
1779 -2035
-2212 2534
-693 1181
1923 2694
-639 582
211 -314
1352 -1907
-1342 -780
-2537 811
-2381 2452
-1092 -188
-376 244
-683 226
806 898
527 -289
619 -823
-64 1134
-1255 -2602
-655 2423
-4328 312
-2209 -72
-2014 2589
4231 -1354
1039 -1928
811 185
2115 339
119 5285
-776 323
-933 -3059
1863 -3962
1287 -77
2277 -1269
-374 -1196
-568 -55
-5083 1247
61 662
964 -2775
322 -1846
-184 440
2218 -1664
-3097 3973
930 3515
-2994 -175
-1312 1123
2710 1658
224 -2792
3038 1052
4857 1568
561 1219
5568 -755
887 664
-2174 1162
1691 278
-1581 2542
1926 2259
1771 944
917 -145
2427 1345
-1597 1037
-535 -95
2586 261
1514 3076
-600 395
448 -643
-3281 -2116
-1653 -2368
12 -1501
-2178 975
1768 81
661 464
2004 358
-2943 1594
2098 -102
2065 -1182
-532 -344
-2497 -1003
-1802 1461
471 -32
-751 -4145
1335 918
-1041 439
1144 916
4270 2123
-2006 1619
1047 -120
-783 3137
1694 390
778 -3124
268 272
-220 1297
1533 355
-1814 3963
1009 868
-1132 -1064
-129 778
-237 67
2643 1232
711 -1178
952 -396
-367 1191
-593 3062
-1068 -3199
1347 -74
387 2043
1295 3691
-833 805
-1799 -2678
2109 3420
517 -486
2156 -3272
2780 2271
2201 1813
-5 2061
-118 -1443
-1284 1136
-3556 1617
3025 -3109
-889 4537
185 574
932 452
-1115 -3165
2072 -256
-1789 -1342
3519 -1169
-774 -2567
2135 1693
-819 705
719 -4817
-2801 -1173
1685 -843
893 1
-483 -35
-679 -4506
-681 523
-271 498
1336 2092
-2489 -23
-1753 -1915
120 -979
-3921 -1780
-902 2450
-1785 32
1102 2349
963 -3536
876 -1092
1301 2253
-3890 -2956
196 1346
-97 786
-84 -2372
-330 1897
2390 93
-25 2577
664 -81
-1004 1968
-222 1845
2488 -41
1783 1554
-2649 1197
-375 2128
3150 -58
-521 536
-2824 -3409
-2483 2032
964 -340
-2015 2249
1847 510
512 747
-1680 -450
-3639 3347
-5349 1513
3472 5749
2597 -926
6304 -1874
1495 3239
-690 -935
2864 1753
2753 -2047
-4161 3399
957 593
4872 -2824
-1042 1706
2492 5002
-2205 -679
-991 -3786
-1634 805
-776 1527
1215 -1170
3582 187
92 1067
539 -3131
-374 -85
-1105 1391
-1094 708
1280 2980
-516 2216
-4870 -2440
209 -4
-599 -1315
-450 -1636
-2054 -1040
2616 -2352
594 1395
192 2195
600 -864
-2509 1531
-233 -5387
-2017 -825
1025 -513
2017 3329
-2780 -2715
1227 193
-1148 865
-759 1418
732 288
-134 -351
-2307 276
1061 -2109
-175 -3131
-768 1692
5401 954
1019 -1419
-341 -182
926 -2089
1634 -614
356 -2084
2418 1262
1740 1670
2282 -1267
1211 -3778
-436 -1291
-2403 2424
328 682
2988 1824
-4649 -2809
3777 5977
3020 2234
3366 -442
284 1680
-1654 -127
-1977 1786
911 -810
-2355 2458
54 3473
6087 1343
973 -436
-246 3233
2644 -870
-3883 750
810 2034
-2247 1322
291 -736
608 1773
115 -466
-1170 686
681 -2098
-1642 1970
1724 -913
1569 -651
1795 -3163
-397 863
1063 -2214
483 1304
-4005 252
-848 78
2059 431
-137 -1427
-3621 1236
-435 -1676
95 -562
-822 -351
1585 -1726
1587 810
542 1884
-243 -2406
-52 1652
-1009 -2400
-780 -809
-377 1592
399 -795
-2378 -402
-1457 1722
-684 1156
-565 -62
1026 3622
-1113 1634
687 1070
-663 -3450
281 606
392 1105
193 1588
350 3616
-2237 -2879
3702 513
-2687 1331
-335 903
-4028 -3426
-1050 1242
-1515 -3164
1253 760
176 2164
2179 -3415
-1305 -309
385 -2120
2492 3765
-1390 -1255
-3986 1389
-3789 2581
3176 3221
-3132 4046
1318 1733
-74 1130
694 -4552
976 1917
-129 1942
5000 160
209 -406
-1539 -1786
-700 1186
1912 1323
-204 2176
-959 -1509
-995 -650
-925 -1042
-543 -1574
-1308 -3021
1276 -515
3 660
-1183 -179
968 -1614
-1089 55
-1533 -569
-930 2038
-3477 1545
-2291 986
-29 -1053
560 169
-732 564
421 -1076
621 2552
300 -2443
-804 -1770
2302 600
-651 -1019
2728 372
-405 -1717
-833 -2566
-1543 -650
1559 -2086
-1167 2780
787 -1242
-1474 -611
1757 -1867
-216 -1294
-1423 1032
6132 -1528
-1803 396
2813 -1227
735 -1123
419 2547
-1364 883
-666 2830
-836 -4364
-335 419
1457 3165
1435 216
-1938 -1421
-2522 843
-204 2720
-1902 -2268
-3122 1347
1389 -620
2684 -910
-3594 -695
2532 4384
1601 2609
3520 -1567
944 4504
-2526 363
1959 121
1757 -224
86 148
-811 590
2430 -1427
1279 -3583
678 -3805
-2968 1488
-1622 479
-2296 -1946
1097 651
-2048 -2042
-1267 1775
2729 -1877
-30 172
-886 292
-231 -3903
-608 1559
1347 -2436
-1444 -887
1124 -373
-2389 -1356
-655 2023
-1121 -2678
-490 -376
-2104 1002
-1843 284
2442 -1258
313 3262
1187 -2651
1571 176
848 -2219
507 909
-1268 -1752
-1893 -267
-565 -2967
-377 -2520
-1146 234
-2381 -603
843 -524
1156 1682
-955 438
1715 4006
-3037 -2803
-3642 -2332
-1116 156
802 336
-2373 -4842
2314 3589
3040 587
2703 -2594
155 3104
1885 126
3021 535
-3016 -2560
139 455
1193 2750
3075 3063
-3164 1339
-2594 5584
494 1299
5095 -1558
1756 6630
-2737 908
546 2781
-1272 -727
-330 2341
730 1655
-306 -308
-658 -1132
-43 1257
-1079 592
4758 -1317
-1229 -3086
-998 439
4047 -1126
-4017 -3360
172 2875
-326 -2363
1016 -716
-1845 -975
965 348
2254 -1830
2191 2787
-3543 286
-2336 2031
-5 -3266
1969 464
1407 666
3895 -349
108 -562
1463 3466
199 1231
-641 2371
1261 1066
447 1001
125 -1587
-330 -235
87 -4222
-419 2927
1060 3354
-273 590
-1060 900
-412 598
54 485
1297 -439
2059 -437
623 2750
1522 1407
-1220 2162
1582 -2082
