4875 -6817
14261 572
8411 7860
114 1286
1416 3825
3090 7126
-5983 10176
-8246 -6666
-2955 5112
-14128 -265
-5893 -13536
5205 -13604
9847 -9418
3967 3765
-969 -1131
9550 -5852
10549 8095
-9444 5230
-4700 -9605
-1460 -9413
5057 -8158
7817 -2014
-1398 -2760
5368 -1604
2592 -2649
-923 -3662
4034 -5970
4391 3078
-550 2155
-11705 -9214
-766 -19780
13677 -14003
15553 2101
1927 3666
4478 -6591
10290 -1993
7751 -7570
9946 -2668
9908 -2089
6158 7118
2793 7770
5629 888
2990 9348
84 597
3014 -3050
11999 -595
10324 12617
-568 9343
7083 7677
-4973 14450
-14341 1554
1049 -929
260 2567
-1048 1311
-6279 -1
-4575 992
3438 -6505
-2862 6370
-13258 -3797
-2221 -4151
109 -8607
-3650 -5600
-1932 -6473
3216 -10949
11370 -7579
9567 -1135
7473 2483
4375 -3011
6168 1477
3745 12762
-9818 6391
-8153 -401
-4314 414
-13985 -3250
-5806 -15975
4342 -8051
7546 -5846
3180 2307
-3905 -1049
9322 -6907
7481 13378
-11370 6668
-6426 -11700
3202 -4973
-1647 -5965
2104 -2615
5716 -2779
1690 1185
2783 2105
-781 -1891
1229 -6953
5811 222
-1299 2396
-5420 -5360
-554 -15230
13810 -13817
13648 785
5296 5624
265 -3227
4043 -2597
1863 -6768
7677 -381
12077 -960
9103 6435
6586 8290
7050 -1013
2532 8130
3972 -1443
1870 -2128
11124 2370
9811 12866
2932 9240
3961 11848
-8096 12607
-7483 1051
-6442 -1948
1240 1180
-2349 -1779
-3405 -2725
-258 -1316
-1091 1615
-3210 4689
-7594 -7361
-2118 -9275
-2678 -7234
-2499 -4995
-2099 -3794
3730 -3601
9261 -9062
15518 -2363
4641 10797
-848 2119
2942 -1151
4666 13366
-14046 11091
-5237 112
-5485 -2343
-15492 -4038
-4608 -10845
1725 -8610
4145 -5792
314 2435
-847 -4962
11848 -1260
2572 8247
-8516 -568
-4695 -7569
5512 -6648
3888 -3009
8473 -2443
2611 -705
2914 715
-1902 1357
1456 -5382
3609 -5043
4015 2954
-2422 1024
-6402 -8355
3083 -14221
15753 -8948
11633 4300
1318 4308
3473 -3793
5181 -6045
6087 -2058
7321 -3752
11627 -1366
5614 2894
89 2419
7318 1732
6507 6977
3175 2052
2950 -2244
15563 6853
5619 13734
84 5858
3722 12659
-10777 14359
-12642 2362
-4631 -1564
-3245 1246
658 1565
-3822 -12
-460 -2959
2942 2359
-7262 3681
-5685 -5613
-1012 -5502
-713 -560
67 -4151
-2201 -6863
4063 -7711
10149 -5480
8096 806
3798 7327
1526 7885
2181 5278
2112 14423
-9760 10496
-6920 -3066
-10797 -709
-9756 -7921
191 -14965
4585 -7211
7947 -6306
2286 379
-658 -9159
9688 -1257
3225 12046
-11127 453
-3996 -7755
5284 -11549
5210 -5553
7309 -1681
4205 -396
3414 -1941
-5716 2016
2835 -6560
3840 -935
5494 3667
-7692 2300
-6162 -7970
4236 -13839
19531 -7636
12179 3898
599 2782
1154 -5025
8691 -2524
5584 -4147
7504 1395
13789 2740
6155 3457
2545 4303
9589 2254
2585 2543
3489 2288
4267 -1637
10205 9711
2887 10615
3120 3924
-437 11272
-8212 9941
-12313 5234
-3184 582
-2859 6469
-3466 -767
-3268 -6693
323 -5752
2860 -34
-3690 7527
-1635 -5801
3460 -5578
-2246 363
-5930 -4964
5312 -14052
2111 -8314
9681 -6660
9916 -1
-34 9396
3794 4508
10268 4621
-1720 8284
-11860 6865
-5147 271
-10395 2182
-7575 -6033
-2043 -8879
5649 -7959
11481 -3092
-9 816
455 -7303
11267 603
377 14916
-12181 927
2865 -8207
5998 -5390
6116 -7155
5768 -3448
4665 358
50 526
-1423 -1140
624 -5013
2835 -311
3570 5574
-4831 -606
-5138 -12382
4212 -19164
13073 -9228
10349 6216
-3625 -3476
3302 -1756
3154 -3149
7074 -6206
10151 -424
13363 3318
5586 6352
3543 5964
9441 5657
4415 8796
4069 -1001
5725 -2822
8513 4126
4677 11985
390 5310
-643 11332
-10850 8885
-6969 1712
-1185 -1780
-2545 4084
-215 2140
-1588 -1671
832 -4250
4495 1918
-6049 3179
-2643 -5287
1847 -2552
-4055 -3088
-2714 -4151
4507 -6284
7725 -7148
11000 -6844
12362 239
4393 4294
2902 4967
9618 10706
-2827 12930
-5526 2542
-3064 -1752
-11224 3855
-7333 -7788
-761 -13067
7001 -3793
8945 -3643
3182 9
4883 -6190
10618 4770
-3540 9392
-4978 -1106
-1792 -6545
4777 -7535
7523 -8345
6193 -3238
1768 529
2958 -1423
-3072 -263
1243 -10234
5479 -2395
2752 4332
-8058 1237
-4996 -13947
6877 -15132
13810 -6437
8248 3276
435 2892
9226 -256
4986 -5760
1042 -6481
11399 -3836
10936 6444
6933 6832
2078 4387
9010 513
8277 9381
2764 4500
6278 -3540
9751 8073
2379 13864
823 7121
288 11352
-8935 11163
-5770 -431
-5449 -1010
-3983 4788
-6097 460
2594 -3444
-1230 -329
4494 3085
-5441 4278
-4443 -7509
597 -4557
-5509 -339
-4584 -4792
2506 -8166
661 -5012
11887 -3681
11461 4183
144 4891
2557 6458
11259 6942
-4109 11869
-13259 -490
-4097 -2074
-7415 -582
-6881 -8888
-1833 -11334
6730 -6656
8202 702
-3768 523
3196 -12509
9890 6854
-5122 10872
-9792 -1885
-1059 -4934
4515 -9372
5350 -4831
2701 -118
5854 -2161
3767 -3764
153 -7962
3946 -7807
8613 1839
782 4935
-1506 175
-6050 -14553
8996 -13326
16225 -1549
7951 3005
337 2067
4278 -4215
4512 -2907
7083 -3861
12707 5203
12883 7382
5414 4163
8595 -1540
4097 6608
1964 2692
4616 2416
7652 -1344
5873 5907
3987 9120
5528 7801
368 14256
-13651 8067
-3629 -1007
227 1317
-1356 -1577
-2115 -189
-134 -1434
-1070 -2820
-281 1792
-7159 4244
-4207 -5571
-1938 -7046
-2452 -6477
-286 -6544
-4132 -6253
6199 -9838
10937 907
10573 5673
3451 8674
4236 4688
5156 9968
-4231 7790
-7853 3084
-3326 -439
-8462 961
-7089 -8309
3802 -13906
8409 -11699
7558 -83
-4477 1198
7259 -9396
10442 6227
-4276 7730
-8477 -5500
-260 -8669
4756 -6857
2706 -2432
3523 -1237
1079 -805
644 -6611
-2945 -3961
4506 -7714
7740 -1446
53 6934
-5493 -4583
-2963 -12038
8924 -13373
15515 -283
8775 8347
-1880 2143
3544 -2724
5570 -6192
9181 -2087
13453 2598
12031 4994
2449 5092
4522 -783
4571 1256
6272 4239
2138 94
8371 1003
3018 7084
2385 11416
5990 6609
-2268 12572
-12085 10586
-1214 -2194
403 1616
-5147 539
-2913 -2239
732 -1393
-1038 -2364
-299 7867
-10908 734
-3887 -6821
2675 -967
-3468 -4781
1282 -8056
2411 -8143
5835 -8407
6712 -1675
3967 2300
-728 1998
-4792 2146
-1834 5949
-4310 10082
-18749 6358
-13527 8833
-5278 2707
-6737 6072
-9872 4143
-20466 1210
-16571 -8513
5123 -20136
786 -544
12796 2336
-10966 5543
508 -5383
-11214 51
-4689 1551
-29354 -1398
-15138 -13478
337 -12386
-6231 5124
3504 -2223
-1795 1739
-649 -1542
1813 -12095
8885 -5982
9187 -141
13921 1707
8800 6102
-6584 825
6677 -7163
-4710 3419
5521 16947
-1022 8669
5848 16585
3149 21961
-17018 9303
-1400 -4471
5023 3187
-5164 11404
-6337 20243
-9260 5323
-16684 3422
-9779 8659
-17185 -5794
-9126 623
-7776 -8551
-10480 -6509
-7974 2568
-15722 32
-10156 -7528
-11945 -1214
-7141 -9272
-12790 -3225
-4305 -8777
-2407 12548
-18415 -18821
230 -4457
4744 -5223
-11375 -8487
3356 -11663
2251 -9223
-5781 11504
3854 2363
-10451 10203
-11837 6959
-7782 1599
-9928 4795
-8194 2584
-561 -955
-8004 -804
-4564 10890
-12853 -5522
-9867 -21510
3260 -16117
7377 -3149
356 8630
-11529 1989
-8073 -3250
-11013 5758
-1360 -1373
-3909 2596
-14849 -10643
-13160 -2176
-4232 -13495
1163 -8417
4665 -10079
-3604 -5682
-13817 -13993
11436 -7964
-5482 -16240
16383 4399
8601 8107
-1929 2805
5931 -5239
-979 -5883
15164 6586
16418 6560
5302 14527
-3401 14680
-8903 17610
-13529 293
-670 1467
11119 4126
-13523 19174
-9264 -3645
-20819 6251
-14661 12480
-12609 2181
-14525 -9503
2075 -155
-6215 5450
-11639 -200
-15264 13333
-9596 2560
-11370 2151
-20523 7112
-5685 -10253
-2086 1373
-12263 5497
-12192 -18553
4999 391
-6587 6237
-11031 -25364
11568 -23498
2505 14044
-18688 -4547
23 1955
3473 10492
7638 19868
-12253 -123
-2027 -574
-499 3577
-13648 5521
-3438 -521
-10701 -807
-12739 -10491
-1702 -20332
5146 -9045
5667 3663
12236 7666
-12699 17154
-4470 4936
-5387 -3244
-6849 1076
-22656 -7961
-6156 -11411
10461 -3436
-2935 -4199
1755 -3672
-249 -6639
-3867 -2172
-9189 -23696
10632 -2827
-3229 4570
11814 13831
-1639 -3002
-273 3622
-2274 -2683
6036 -3419
9688 14835
9134 19531
4166 20680
-13059 18594
-21218 9174
-6620 4549
-7903 -2577
-9507 17605
-11033 5533
-9944 4460
-5017 -3863
-8357 -7932
-14041 2357
-6813 -12800
-3032 -8220
-13266 608
-5962 11791
-2964 -1515
137 965
-14366 4782
-23206 5228
-8479 -16810
-18813 -7008
-12187 6515
-13617 -12186
6086 -5250
-9813 -2931
-9357 -22656
16219 -12011
2286 9766
2186 -6352
-2425 6117
8690 5790
5056 14503
-11426 10590
-3698 -4406
-9357 -2104
7002 4546
2984 7668
-10827 7230
-11177 -17297
-2566 -11673
9421 -9113
9693 8770
884 6867
-8328 7540
-2637 2912
-5948 -3694
-17835 7571
-17485 -4242
-13447 -15231
5976 -3972
-7058 -4647
6681 -5861
-8370 1182
155 -8261
1414 -19745
21109 -13082
11497 6096
9148 53
1578 8673
-5250 12518
-7087 -3442
6217 -4993
1229 -3200
6870 2318
7327 12508
-7920 15913
-16839 1808
460 852
-3024 11099
-3406 13307
71 10637
-26428 1172
-11568 13656
-13709 4239
-20351 1976
-8836 -15036
2412 5894
732 102
-17659 -4428
-6677 -827
-11033 5040
-3723 9101
-19738 -4699
-6503 4531
-5345 -7229
-22922 1033
-7144 -13133
2769 -8961
-9426 5699
81 -1579
12766 -9637
4214 13394
-6054 -2261
-531 -2570
2158 6956
-13427 6626
-5648 -2022
-14881 -1366
-8464 6548
-11 1127
-15632 1570
-15661 1462
-19843 -12128
293 -19237
5563 -5317
5442 2488
906 5646
-8906 4562
-10077 -560
-3390 8911
-7369 5128
-9687 -7286
4137 -7036
-662 -13951
-10844 -3714
-10899 -4632
-8794 3092
1666 -12523
-3104 -4588
4774 5102
7745 -2120
18539 11132
16704 14920
302 -2250
-2895 4865
5837 802
11727 -998
586 17534
9744 13782
-13045 17963
-12987 4026
-6335 -5777
-12622 5527
-3625 9899
-8328 9347
-12072 9298
-15765 16860
-8162 8325
-19366 -7480
-7106 -12478
-2600 4319
-7751 13510
-6067 8466
-108 -4410
-7957 11033
-10206 -454
-11870 -5620
-11539 -10834
-8560 -8142
-11719 -7913
-8458 -20249
-1582 5565
-11016 -8037
-6218 -22033
2565 -4291
9540 5848
-6809 503
-694 -3355
3218 -1424
-20113 -1020
-6973 8558
-6504 -3678
-15057 7011
-8820 -9242
-9859 6495
-23919 3517
-16248 -20914
-2425 -6752
-286 -6930
-5127 5094
10709 6961
-6057 8507
-13727 7705
-14307 -15114
-13383 5440
-16768 -6738
-10050 -2755
8556 -543
-3541 -6598
-3891 -1069
-9641 9116
-2346 -10927
8354 -14960
10095 2584
9342 -5857
14878 -2978
4902 14014
1736 16546
1693 3456
2316 849
-481 14263
752 11477
771 23153
-8964 15006
-18343 7597
9490 -4758
-336 13837
-2930 2528
-6411 19723
-13894 2854
-12859 -2433
-14375 3121
-10352 -12575
-13827 2763
-8728 -5563
-6983 -3938
-238 -9728
-15527 -4903
-10324 2467
2384 6543
-18028 -8596
-13243 -10979
-16030 -3173
-8384 -3416
-3647 -19664
-2104 -9534
-9639 -6500
2847 -17732
8178 -7655
4101 7875
-3370 -7056
4902 1253
-2444 5203
-11242 12967
-7584 8455
-4996 8845
-15373 6577
-9713 5219
-8791 -3236
-13392 5125
-20458 -18955
-7651 -9124
7348 -9428
14303 -3977
2364 5973
-13577 8897
-6200 -11708
-11929 -2884
-11406 6713
-8036 3067
-1894 -3025
-6433 -5216
-12702 -7153
-12830 -8073
-6337 4570
-11356 -14643
6038 -6887
-2609 -3832
17202 -6308
13853 -631
-11149 19712
-1373 5477
503 4703
16888 2110
7162 10280
-791 24060
-2770 6611
-13001 19458
-15951 -1944
-5109 -6437
-4956 822
-1573 10807
-5782 14290
-14156 6931
-8464 9618
-20166 8293
-15004 -9031
-15795 -14377
-7895 6488
-10794 -7976
-4735 3724
-17288 -2398
3533 5840
-16955 2815
-8988 7700
-17160 -11965
-6188 -5679
-11586 -13471
-8513 -14417
1356 9585
-15273 -3163
2634 -16149
6605 553
-10412 5855
369 -3079
2372 -6319
-542 15820
-14150 7393
-7182 4783
-682 -4953
-14813 5247
-12908 -1054
-17960 302
-18499 -4075
-24454 -7735
341 -11281
13219 -6154
11951 -281
1629 4228
-15710 3075
-7213 590
-6575 -8884
1554 2353
-1484 -23168
-6266 -9612
3735 -4131
4163 -4905
-3959 6737
-8826 396
1879 -9872
11422 -17269
2408 3715
11719 -5913
11834 -557
1103 6480
-9546 -6887
13477 -13824
16297 7023
-3915 9149
9771 12940
-14697 16627
-15628 21562
-9821 -4134
128 2608
-7005 14037
-15362 14086
-18788 7442
-15677 -938
-6138 937
-16277 -4162
-19642 -3677
-9612 -3235
-7241 21
-6544 -6732
-2032 6817
-4017 -573
-11166 7668
-16310 5274
-17027 -6759
-9701 -3763
-4676 -6289
-19151 -9609
2384 -14896
-7728 576
-21968 -17482
-6174 -16145
15547 8718
5599 -8986
-21739 -1391
4061 5998
21447 6408
1156 22028
4618 1903
-6460 -18044
15368 -5101
-342 -23907
1148 -12720
2443 3214
8479 -3369
10752 -8277
2133 10358
7343 -6439
-12931 6417
12328 2643
3754 19780
-5491 22352
-1713 -7057
24430 11534
-15811 6957
-1431 2736
-4998 -3993
-1574 -2726
2117 -15581
-5720 -2615
2826 -7402
65 -7535
2560 13056
-5714 13721
11492 -11239
17875 12560
-17378 20579
4874 12054
754 -11257
8581 15036
-6124 -4340
-13427 -3879
20091 13639
-11412 12385
-16517 18572
-5236 -11444
-1951 -25636
-5675 -1315
22595 7223
2380 -2312
8754 25149
-6382 4707
-3917 5632
31468 23945
-12173 20570
-4510 9770
-4475 18874
-10316 4264
-14854 4418
-10268 -3228
-11286 -7087
-8591 -23367
7426 5934
6641 5839
-13198 18647
-328 -3912
-498 -3719
460 14936
13588 -6815
-4178 9174
13235 2562
6541 13214
-15775 2976
-4632 -9316
3794 -5197
-3273 11414
6668 -1644
-16826 -12308
1976 -8907
10695 3027
9525 -1269
-2651 -9286
1648 -3696
23169 853
10921 12744
6783 11954
-7007 -596
-8891 2406
3927 7737
14940 -6366
-6072 19931
-5205 -1670
-11299 -8961
-4289 1962
24023 6575
-4340 -2926
16404 20860
-3702 -16911
17808 -3064
11546 21292
-4352 12651
10770 14396
-4853 -6648
-5236 18049
10588 -8082
-6868 830
-6003 -13877
5223 -4334
-8269 23825
-33385 7154
-11477 -9715
4850 12539
30495 -5164
6956 -10378
-12429 13584
12709 22519
-3150 -5572
221 6731
8687 34242
-6894 -3801
-4754 14889
-10017 8580
-2512 -1967
-13485 -14554
-5084 -21141
-2791 -6647
14322 21531
-9038 700
-1098 -2569
3574 11710
-2706 169
12749 -12967
10001 22064
-569 -6670
4157 240
-7838 -1357
-7402 4272
-8515 -14280
-8029 -16855
10925 -7039
-1636 -4270
2528 -14873
9988 -2519
18763 6564
13769 -5323
11579 -12296
-20401 819
33947 -10299
-11882 8631
-8576 15128
-12409 7535
6944 6880
-18376 3910
-24321 -9085
-10916 -282
-872 -7325
-666 -1946
-10002 -15915
15333 16416
10801 0
15334 -16172
-9889 -42534
25928 9742
1551 6535
1785 16674
-10876 14620
-9758 -1524
-11027 -15065
3980 -8471
26400 4836
13222 7167
2145 11837
-5729 12400
-3381 -15013
-4210 605
6247 -17150
-2745 -4202
2738 13723
-1377 8345
-15367 13791
13171 17072
24008 6645
-8028 14071
-17338 22510
-22971 9604
-18442 -1619
4819 -6327
-10966 11227
24812 -7112
1996 -24009
14464 308
-19350 -1278
-4965 4965
3916 7535
-7839 -4234
8654 -9315
-3477 16552
3778 -4946
-65 -8099
-17501 -5183
-6454 -9576
-13133 -5034
12881 -473
-11113 -6029
-19760 -9307
-11022 -3652
-5802 10666
11239 -6536
-372 91
-8264 -21342
-871 -5424
15267 -7610
-6634 13526
-2141 24043
-750 -527
-1520 4770
-1515 5830
-20717 -9883
-12074 -201
2689 -11579
3821 -4538
2992 -14527
-7277 -5199
2126 4108
-4394 -16882
5149 -14196
9093 -8876
-5738 -6029
16898 19848
4725 22181
-2326 25267
3306 25296
-8455 -5164
20037 3893
2684 10557
-16497 7611
-2984 -3280
-4566 -2773
-18402 -11103
38609 -5574
10314 -20943
20068 7158
-2841 11121
7273 23166
-1993 -10818
-6073 1978
2955 20227
-6285 19129
4006 17641
-36257 -171
-11918 -740
-5711 -24727
880 -12956
17794 -12998
-7788 12648
-5342 4614
-5848 -7370
-5556 -18850
-3179 -7396
1437 1604
7835 8879
8209 3306
265 3341
-5973 11527
-5689 39168
21261 -17380
-6606 -18680
-9682 -4505
-1581 -12735
12417 -23872
4805 7444
-2471 10160
3123 304
6426 -9039
15654 -3459
12532 -675
21905 9041
-19757 -231
-2548 -4588
-18769 17409
-33042 1845
-2244 -6730
-10054 -12674
12427 -8944
14908 -4626
-7268 -11777
18029 -19590
14939 312
121 -9341
-7945 -2331
-1342 -2411
21449 8090
9604 14931
5722 -329
-13603 14425
1950 -1725
-22870 3160
11318 12779
3167 5005
-3326 11069
-2433 6290
-12251 -8276
-7769 -4498
5210 -14768
28811 -4365
-960 -7
5976 18988
5242 16885
913 -3774
10708 -11082
-9727 1300
-13864 13921
-14232 1002
-26903 1568
-6395 -2268
-6407 6356
-4847 -4277
6717 11859
9176 4093
-2694 -4589
-1933 -927
-4810 2197
13854 -17724
-9708 10545
562 11965
-5401 14937
1140 16499
-5184 14836
-18127 -13396
-15710 -3688
4856 -2338
1302 8696
-3666 -20967
5345 -12780
-4709 -5734
5706 -1130
1641 15385
15487 -10111
-20144 -7251
4793 3884
1001 -12872
17132 35601
8449 3434
-13002 25310
-11359 -8377
-16780 -10463
-14142 -4363
14055 -25525
3101 -11039
8023 -13384
-3049 1887
3847 -11433
-7095 9891
-10942 -3504
25875 5698
3712 -15305
-6428 -6165
-6833 -10278
2536 -2018
29261 7360
2666 -4512
-116 1019
4242 1895
-15322 11916
-10900 1342
-26390 2951
-10751 -36743
24360 -1008
13462 19690
17098 13929
-3000 7787
12627 -7540
1591 10941
-1134 13055
948 30581
-3006 258
1965 16304
-48952 -13465
4625 5512
-5363 -263
5606 -5386
-4229 562
-2295 14616
-6557 3559
-2310 -7430
-10422 -8125
14441 -13766
1296 -2699
-1408 15728
-192 6095
1151 15989
-5436 4472
-6091 -5149
-483 -17360
4486 -24473
2424 4352
376 -10654
-2733 -19245
15157 -8680
14248 -18853
3268 -2395
-1421 7253
-5212 2789
12481 -7530
10965 21229
8036 1008
-15092 10875
-8451 -6066
-20374 -22486
1567 5002
5195 2008
239 10156
-2454 5148
8355 -4938
2021 -6095
495 6889
-16777 6581
-7130 -14036
24090 -17740
1456 4339
1056 -9480
-14358 7090
-3065 -4046
16391 -28867
-4920 -1455
-1516 -6367
12829 18021
-8116 13896
-3545 15943
-21080 6304
-13100 -16804
20606 -8061
14179 6842
15369 2298
8660 7196
5911 12418
18706 -3590
-949 31622
-8248 2901
-16996 31513
-41209 5882
-10286 -868
-14585 -25166
8389 6692
-5855 -10895
-1446 16952
19524 14800
-12904 -3883
1858 -12609
3435 -90
7438 -2727
17563 1985
-4985 6639
-9580 528
2108 -11769
21184 6292
-20128 -5293
-10950 1406
14061 -8244
-6283 -652
7467 -8643
-69 5367
29624 -10226
4341 -5322
-2318 -10175
-11379 1586
-1330 -1972
6398 23446
-1359 4714
-9592 20329
-29859 10054
-20118 31334
2221 9823
-14443 9028
-12861 -7396
8806 -28041
2951 4715
-15433 3077
2513 -362
14997 -10862
-1444 -1399
3748 -3272
13594 7624
18521 14669
-16584 27312
-8148 6914
14093 1769
-7437 -10401
12340 3056
2997 -2503
14068 21182
-7883 11084
-802 10911
-6533 -18195
11726 -3660
14661 -387
7367 7087
-10151 16250
13589 21689
6730 6944
5174 -417
-10599 30185
-16779 3400
-22689 3683
-12408 3012
-6388 -6535
1486 -8241
-2996 -24195
-44 -6866
16619 7020
-7556 10622
11741 1478
6551 3429
11342 -6832
-191 -28503
9653 20038
50902 29045
-12095 -10340
-33676 -18265
7218 -23289
-20447 -9216
4051 30721
-20804 -10637
-5416 35575
-16998 2562
-7982 -37632
1848 -12034
8109 -6817
-2090 4136
-6221 21962
5416 -5540
8425 -5298
-23662 -16665
11141 -34225
-2909 8040
-7798 -6555
30450 -4686
-31339 -118
-9278 -1578
-28381 -24042
2405 -23138
8975 -16430
-2349 2808
7976 -13991
-187 -52841
11088 -42293
-407 4788
-423 746
17408 -8578
-3274 -8870
-7357 19330
-21490 -22526
-41 -9709
19756 -12869
-8023 -5368
82 -2055
1192 -14374
-14374 13011
-8254 4969
6443 -24535
282 -19828
31486 8792
-3885 -10487
7777 -2610
2073 1178
-46515 -21462
30121 -15121
6802 -2462
8763 -519
-21575 26051
-18328 10164
7891 -26762
2264 5031
-700 -3485
-14401 292
-7125 -24601
5798 -20095
-9078 -5551
18015 -13089
23217 -13019
-15856 18617
-8948 -20358
2567 -7845
3126 -13145
29219 8765
-16977 8794
-17539 7362
-11888 -11264
-15325 -10805
26920 -9681
-112 5948
-7849 -748
1343 10876
-11241 35161
-5004 -7258
-14583 18011
-22472 19043
-18614 -21199
11280 7747
-6103 3894
-16759 -1011
-28187 6800
-16984 -25755
-6926 -17396
6540 12417
-733 -26628
-8731 -20726
14844 -7484
-1975 -28792
7651 2035
-28637 -14450
-2765 -13153
13730 12322
-21833 4371
-22394 9870
-28719 -40520
-18168 -1379
23420 -27560
17974 19307
-9702 41126
-11016 -27198
10533 -14358
10628 -22527
-11600 -39266
-485 -16930
33203 25963
34262 3108
-20641 -21615
-7837 10233
3909 -917
-7700 -31304
14652 13523
-6927 -126
-25525 -1314
-17770 -28594
8200 8886
11413 -5423
4559 -24070
-16881 -44305
-5440 -24998
6463 -4896
-10200 -9790
10592 10637
6114 13297
26743 -14672
-7390 14405
-10104 -7120
-9103 -11357
11664 9498
-15211 25292
-53 22835
-24180 -6542
-20794 -7279
-151 1106
-22276 3217
-27507 -11140
-12255 14730
-18544 10194
18815 -10340
-35557 11022
3529 -15786
-10777 -14660
37827 -13829
10008 13490
15200 3149
-5775 3303
-308 -3669
-13916 -11787
-659 -23354
21353 385
-7819 -17523
-3057 -25746
9037 -720
19389 41018
-10952 -6336
19820 8053
25 -3098
4793 -4645
-723 -9571
5078 524
-13309 -27433
-14251 -9768
-3792 -3124
-25322 -3472
-5336 -12458
3124 4989
1241 -20602
-4624 -1635
27342 10332
17209 16957
7940 3522
22519 -7044
-32104 -13561
-20230 728
16534 -8712
9834 -15560
14794 16304
-16140 9968
-18684 -15477
11810 -19487
-19311 -1672
302 22316
-13526 -8975
33875 6873
13064 3893
-3540 -13748
16504 1575
11251 20671
-6203 574
-5190 12232
-17077 14595
3424 14816
16190 18417
6524 5775
-36279 -612
-16106 -9810
2963 9723
14858 -28279
4507 -28656
-30272 -7772
-5823 17222
7796 10259
-5366 -5882
-2160 18080
135 -8257
-3405 -41808
12084 -14049
6999 9340
-678 5918
-3569 6365
2581 -17153
-40182 -9904
12826 -27954
-14093 -677
20062 6564
-19021 4544
19066 4677
-5725 21771
13563 2489
28813 7983
-10634 -8509
-40794 -16365
-337 -39790
-25122 -42495
601 -3129
-12878 -4781
11816 -7101
-7922 4548
-10382 3187
-6878 -18255
11384 -10387
-31574 -17260
16937 19756
-9241 -1120
21474 -10642
-8560 1742
-923 10290
6443 22120
-2586 -15208
-3705 -5029
-18916 -12127
11794 -5575
637 -16122
-2518 15706
-5649 7991
-918 5328
19412 -27228
-1281 -3480
3882 -2051
10076 -3902
5965 4717
2175 -8449
-8115 6291
-23965 13820
-963 -5560
14146 -9983
-14134 -47747
-33460 23372
-4647 29375
-5898 -330
13765 7537
-6275 31025
3285 -19425
6086 -8328
-7825 5228
-9045 2627
-15452 1071
-13350 30516
-40111 1557
25801 -10987
12593 12275
20171 -18233
22670 -12745
-20724 14965
-657 10808
-11781 -17418
-8193 -14547
8193 20579
-23917 13512
3214 -27117
11396 18096
13699 -20579
12657 -8326
-30603 14747
-12640 -24602
-31207 5307
-1533 -24274
-4872 -21455
31639 -18370
5467 -22018
-4176 16172
-6108 11234
-1694 -12399
4626 -12030
830 -28296
12955 -13903
6636 -17701
13309 16932
-4371 -7352
-7474 -6954
-4817 -16560
-6367 15313
15226 10020
-7828 3327
6476 18397
10749 -4369
-13588 -6295
9343 -19594
2691 -4841
-9398 -11962
-7640 -8100
7938 -6300
-5616 8455
12918 -204
8066 16365
25478 -13644
-1110 -7449
5245 -17673
-3789 -12847
20949 2037
15994 19013
24924 9594
-2976 -5240
-19023 -9943
13011 18875
16342 5121
17386 18881
-4566 -19067
8303 -15310
-18987 16132
14586 6633
-7107 7703
7071 29054
-26440 -42167
-10038 -6679
22567 -30871
8745 5144
-663 8766
4534 -7340
-24763 14935
-10826 -19427
-17990 6069
4249 -9909
2555 2667
20660 -16025
23717 26949
-25340 -11880
-426 13254
2657 31383
5352 30465
-4528 -6849
-62618 -23434
-4181 -21380
7237 2913
10036 9181
-24553 -2591
-5896 -21750
38707 -8150
-7975 21762
-5361 -27666
23673 -29741
-16155 -4755
2560 13487
-21713 4395
1375 7610
9284 4373
-29844 -21418
12018 34964
-26387 -8256
30705 11802
-18984 -5988
5123 -4693
5952 4259
-6819 -14053
166 -28840
14128 4883
3135 17617
24023 -1625
-3708 18999
6581 9837
-7053 -14357
-17069 -7641
13946 -11743
10472 1560
-14716 7668
-10832 23810
-11772 24892
-11693 -26729
-3215 3103
3408 18375
-763 14593
8875 24956
-17247 23501
-18100 -855
4159 -2598
-15633 26233
-28180 -5117
-7358 -8666
26966 -28914
-6820 7851
8364 32285
-14010 -11692
-15403 -34085
-2509 -54843
3865 -31642
11841 899
-9606 -11720
25379 -18235
19281 -27835
14361 26292
1416 13948
27717 -6943
-8645 28353
-11746 1272
-19670 2929
-30786 16218
19503 9004
19192 16984
-8647 -14093
6291 -3149
-25303 -20945
20852 -28457
22761 -6189
-14683 -15510
4595 -14982
-1884 2937
328 14656
3743 8889
-25905 3923
21564 -19078
11178 5334
36762 -37936
19846 1576
-3683 6175
-2197 10234
-5609 -16079
10077 -857
-5427 -19143
-26392 -28983
14729 -9032
-10995 18755
-3557 -9803
16177 -20661
-2207 12258
-8446 6862
7383 16178
6112 19903
-37841 64
14077 8790
1030 7935
-21494 8605
11055 7996
-10066 -9474
11763 -8025
-23408 -6702
1756 1970
-17693 18413
-4550 -9068
7013 -1678
-15582 -23675
-11180 -1884
18507 -12583
33458 -10027
-472 -9027
-2951 -12869
6559 -24264
-23553 -21570
-21606 -7102
4345 -30338
16377 -21858
-7376 -13353
-9039 2597
6100 -432
-14254 3772
-7630 -6018
1313 4940
-1411 8124
-26686 -10805
-28797 -9051
-8223 6742
12030 -23579
23693 -1668
-34677 -10686
-8695 -18080
-14810 -39464
12920 6650
-6272 -23376
21469 -8137
10666 2609
32578 -752
-10620 -23890
-8140 -7783
-8412 10904
28274 -26783
8854 1885
27044 14580
-12521 2730
-15562 -5099
-18968 -5241
-15962 25174
-7517 13914
-25921 -19262
18881 -6976
-17622 -6374
-1236 -689
12146 -4880
10270 34560
