7792 -9589
9409 -1509
10146 4631
3995 6156
6045 1324
5563 10497
-8454 8456
-7231 927
-746 746
-10797 1809
-4974 -6150
3792 -13333
7322 -2482
2255 -1260
-1608 -3623
7210 -9264
12140 6049
-11478 11747
-7125 -8990
-592 -9972
4549 -5770
2035 -2057
1752 -859
2091 -1170
501 -2632
-1223 -3943
2271 -5541
6807 2244
-1666 4608
-7902 -7055
-2561 -15107
5942 -16178
20008 2843
3120 4465
1650 -153
4521 3656
5053 -2833
12076 -717
12994 253
10548 5248
100 4726
9051 -5816
5708 5551
1387 3706
3679 8
8126 -655
9301 8309
611 11786
7012 8329
-6076 12883
-13671 5861
-7883 -1792
3780 3370
-5305 776
-1710 -952
-1558 -3186
-695 -1616
-1919 5107
-9364 -129
-4335 -3563
-476 -1178
-1847 -4607
-1234 -9590
1733 -8529
7762 -818
8110 1897
7189 8783
1989 2334
2604 2658
3491 13097
-8004 9610
-7557 -61
-3857 894
-10011 -1999
-4831 -14851
1018 -11039
9200 -6978
3281 2236
576 -3270
10364 -4959
7024 7318
-10216 6779
-3741 -4207
1421 -4301
4129 -4280
5019 -1584
1322 -2586
1750 -553
2332 -855
845 -4702
6224 -5945
6773 1727
-4121 7048
-9787 -3646
-3920 -15261
10414 -12656
17898 2226
750 5096
1557 -935
8312 -1232
6661 -3911
13966 849
11348 -2549
9336 5777
7061 9162
5292 2048
-899 8196
-651 1433
-577 -3274
10657 689
7894 8714
-868 8249
6880 9646
-2883 13719
-9063 3010
-3926 -3139
-730 4238
-6100 552
-6450 -2840
-5391 -3599
1268 947
-351 5674
-11573 -1787
-2275 -6318
-1693 -3220
-2336 -4340
1027 -7120
2508 -9566
7793 -6117
8690 1040
6689 7777
4372 5819
796 7929
6823 12870
-8444 6279
-10648 -1396
-8085 1139
-14924 -2833
-7092 -14334
2664 -7359
6732 -3435
-213 -2767
-3418 -897
11617 -6002
2460 14494
-7971 7532
-5286 -5519
2113 -7534
2150 -6082
6374 -5641
7787 -4041
2416 -1989
3264 -2627
2582 -5003
4633 -8267
5779 703
-2261 7979
-10863 -7215
3328 -12614
16310 -10292
12881 1377
1182 2833
444 -2160
4681 -103
4088 -3063
15112 -3835
9975 -81
7588 4017
3225 1079
4128 2127
5715 5420
3530 -2828
5990 -623
13254 863
7247 10629
65 5417
6794 12910
-6567 14444
-5642 -1054
-7792 1203
-1907 287
-3609 3087
-9097 -728
-3136 -2111
5404 -2391
-1388 3119
-11180 -5951
348 -6759
-605 -3226
-2337 -4876
-1754 -9931
3133 -9795
11198 -7252
9145 979
2210 8225
1979 3130
3938 3854
-1328 11653
-11783 6670
-4873 -2080
-5785 3693
-12099 223
-525 -11760
6692 -9749
6662 -6404
3545 3447
1758 -9106
11284 -2101
-1472 12114
-16813 -459
-4355 -9960
3162 -7808
905 -5090
4585 962
4976 324
1937 481
-6178 -2980
-407 -8107
4329 -5701
3188 2349
-1271 2633
-8024 -8619
1327 -9160
14495 -12616
13004 3886
-1116 3844
983 -7579
-132 -1464
4432 -3396
9000 -4687
10765 -757
9280 2791
2649 7723
6113 4250
8137 4051
3228 -497
6394 582
11650 3570
5709 13512
1275 12463
2858 15444
-11783 11804
-10727 1564
-8026 -375
2049 3712
-6319 2791
-5718 -1325
-1750 -5143
574 2948
-4593 336
-6293 -6943
-1502 -7902
-85 1797
-6804 -3126
-859 -6503
6517 -7784
10692 -4466
6254 245
3381 8442
1881 4986
3842 5630
-511 13702
-9728 8507
-4324 -699
-7999 -1112
-15182 -4474
-890 -15248
4935 -6156
8049 -3046
2651 1556
-2948 -8605
12623 -645
4095 11861
-11335 982
-136 -8843
3343 -4861
4806 -5176
4612 1401
708 -1317
1532 -2853
-3051 1208
2380 -8419
5601 -2599
4264 2169
-3861 -514
-6247 -10618
1780 -19272
10614 -11006
8442 5666
1063 -1148
4033 -4157
3807 1580
3431 -3560
8397 -435
14125 2347
4813 8660
2125 -1224
7318 2294
4134 4904
6394 -249
2441 1994
9277 3417
4145 12315
2395 3832
-269 14183
-11503 12284
-9328 5268
-3622 -3652
-763 978
-2591 470
-4677 -5524
382 -3214
2069 -2508
-4126 2826
-3299 -5710
367 -3960
-6738 1221
-3497 -9203
3771 -8635
5715 -5804
11736 -3248
12596 2216
-960 4954
4206 5409
7930 3396
-1827 13274
-10940 7059
-5757 -1394
-11095 -1156
-10095 -9534
-3092 -11915
7296 -10179
7940 -3435
1385 2225
3121 -9700
14232 61
2020 15394
-9818 -3766
-2944 -10593
4740 -7116
4210 -9152
6529 681
4377 1908
1734 783
-899 1626
2778 -5858
8052 -4277
4715 1065
-2448 3610
-4532 -9130
4656 -13666
17077 -5115
9184 5888
-2290 2219
3359 659
1198 -782
3483 -8531
11868 -2106
15229 2143
2991 4385
4339 864
7855 3419
1130 7605
3329 3823
1148 496
11549 7583
5308 12367
-1114 4136
-1916 10302
-7082 11904
-6914 -311
320 -6831
-2623 5311
-3541 3057
-355 -625
207 -2436
-2225 3362
-8218 5495
-2551 -8584
-431 -8080
-3471 -1622
-3157 -8959
939 -6495
7146 -7760
10318 -8308
15928 2198
3798 5344
1442 6831
10502 9291
-5455 11204
-10381 -565
-4649 3855
-7083 -942
-4989 -8700
1826 -12212
3577 -8033
7488 -3044
2468 2797
6033 -11654
13841 5356
-3878 8850
-6813 -5588
-660 -6332
4517 -11152
8190 -8196
2558 1596
3392 3319
1999 -2249
-5155 -3295
-262 -5521
8293 -2742
89 4227
-4492 3363
-1139 -12551
5952 -14574
18976 -1337
8516 1166
3773 367
5610 -2608
307 -4507
6200 -9419
12423 2488
10282 9818
5502 7701
2149 928
7219 456
1072 3181
2682 248
4996 -282
5373 7120
3751 7844
2536 8630
48 11888
-11715 7659
-7423 -76
-4192 -1652
-5749 5364
-2824 3159
-3831 -301
-266 -2161
613 1569
-7750 877
-1307 -4315
-921 -873
-7048 -229
-1405 -13883
1132 -11279
2687 -8774
11126 -1044
13334 5096
73 4646
6496 7076
5799 9503
-1689 9375
-11166 3585
-6472 -122
-6190 475
-8750 -9289
3071 -12399
5257 -7057
6685 2111
-568 1448
4330 -14134
7632 4858
-7997 9925
-10371 -3055
-649 -9345
7279 -5262
6374 -6351
2762 115
2150 -3274
3696 -3443
-2606 -3704
616 -7290
5043 612
-3668 5093
-6898 -2065
-5465 -15255
10154 -13088
14236 -475
6024 6348
106 -278
3008 1465
3092 -6465
11140 -6743
10946 -78
11454 6537
2077 3340
6116 1237
5404 5452
986 6311
3004 -769
10451 -1394
4286 9194
339 14737
755 5992
-1809 12999
-13102 2070
-5444 -4981
1065 -2505
-7678 863
-1741 1085
-1414 -5093
6693 -3877
1472 572
-9694 1377
112 -4781
-2862 1130
-2554 -5948
-666 -8609
2737 -7103
4170 -6411
8282 -4177
-74 2577
1289 1322
5640 -15468
-4852 12712
2291 6442
-9331 4796
-2174 -1097
-13923 -8629
-2532 4509
-13041 1015
-21026 -4680
-16049 -22946
3242 -12883
11687 -3511
10347 2908
-18109 1956
-12773 -3394
-17646 5888
-15358 -5743
-10112 -1235
-5066 -12314
-1142 -10562
9066 8715
1663 -3982
-7964 622
-8075 5863
-7715 -21153
11969 -6221
16 1415
17685 -2585
10046 16787
-6734 -4431
-2171 499
-3094 -11897
20249 -2577
8988 7908
-14885 13040
-5646 23618
-17168 16842
-4815 4367
-4727 13456
4334 9636
-5912 21545
-8476 19694
-17601 13629
-15000 15483
-18302 -3558
-9907 -8948
-5866 -10703
2207 -702
491 6732
-5152 -46
-4022 -1151
-12894 3307
-11229 4945
-24385 -8644
-4485 -4594
-11566 -6749
-25201 -10954
7196 -16387
-11671 2578
-5208 -15466
2646 -20028
7515 -13600
-485 -1686
888 -3659
-797 -3800
10738 11806
-12595 12220
-10753 -2993
-5242 12788
-8740 -3908
-8373 15571
-14145 2078
-14154 -2092
-2829 -11331
11721 -11409
15137 -1018
8246 -1241
-4311 19226
-19481 -3232
-7145 -5318
-6637 -9006
-4746 1885
-12609 -6675
5930 -7876
-2595 -2807
-1168 -6469
4740 -4196
-19109 -3212
715 -2170
12515 -8036
1958 -331
7520 -1442
1446 -1209
-3027 9674
-4786 -390
6922 -2765
11983 11379
10183 10276
1387 14059
-22932 29151
-20556 7843
-4518 -1216
9529 813
1097 6718
-10114 8846
-6541 15434
-19255 6659
-22482 11123
-19909 -215
-13629 -5520
-2994 -4596
-779 10983
-17327 11558
-13251 -1523
6093 632
-11264 10538
-15224 4505
-16786 -7891
-14050 -9784
2400 230
-13264 -14499
-3469 -11175
-9984 3083
-12517 -16331
743 -9208
2260 4294
-2945 8466
-1300 1458
1767 -2084
-7192 410
-17982 -427
-17042 8959
-10574 4273
-3937 8038
-6854 11
-15959 7928
-22996 -10323
-7354 -14248
9474 -2125
9747 -8866
758 9050
-4203 8159
-9139 -16
-5383 -9571
6144 2152
-10115 320
-9458 -11400
-8860 -8406
-1649 -5241
2434 7649
-1371 -2580
-10077 -1049
-1733 -18681
12612 -16682
6194 -2742
-175 -2889
-6504 -7124
-1464 3984
2292 8137
3567 -6028
21079 5615
8916 12945
2814 18298
93 11908
-19210 10342
-13669 966
7429 -1045
-12804 13032
-2056 17146
-7461 6573
-10770 6945
-22642 16820
-18189 8743
-24313 -13213
507 -1495
-19352 60
-13330 -613
-12494 4393
-634 -9216
-9264 13325
2007 7553
-18804 -8109
-3243 -8885
-10164 -6381
-3489 -6098
-8530 -12311
-8395 9801
-7968 -9899
3719 -10502
2694 8815
-1472 10874
6224 3351
4456 10193
-12424 7460
-11179 10128
-10624 8167
-10164 -3158
-21040 -2820
-8321 9507
-15336 3262
-10086 -8757
2384 -7067
10941 -11047
-314 1020
2044 3486
-9028 2891
-2654 12045
-9503 2003
-1438 3265
-5328 5272
-5136 -10469
-2073 -12126
596 3850
-2272 2654
-670 -5621
-9712 -7885
8623 -12562
7543 -8893
3457 -5023
10719 -14505
2157 9364
2132 6053
4434 1885
11082 -10895
19471 9263
15843 13027
1327 20428
-8517 28328
-23300 13823
-11214 -6748
-2911 3239
-6971 11944
-10177 15635
-20541 7672
-16448 13748
-5664 -3062
-21138 -7564
-15298 -17151
11398 -3692
-3840 5693
363 901
-10571 -6683
6438 -5402
-9798 6932
-12617 -4426
-14630 -6430
-9829 -520
-19608 6639
-3524 -18839
3846 -13124
-8159 -3359
-7633 -20097
9150 -9242
1519 3610
6875 -7708
4322 -14729
11316 6380
-1502 3689
-13182 5632
-6591 -3184
-4744 -489
-21187 -6670
-9498 -9762
-14566 2104
-19619 -19328
-5722 -11882
4314 -12136
3907 2265
5121 9580
-13413 15460
-6198 -3769
-5608 -5532
-12037 2647
-14164 -6682
-10242 -18416
7261 -10699
3317 -5814
10220 -5487
-14524 10672
-10886 -328
-13890 -10325
6259 -6616
6295 -3457
14544 1946
16047 12001
619 -1862
63 1182
12209 -5725
14645 3194
10193 8792
7627 21329
761 14748
-8085 -177
-7249 6256
-5652 -332
-6121 19129
-3563 11073
-18364 936
-8319 8567
-7073 -3476
-9735 6569
-3153 -19364
11643 -10188
-10719 -4249
-7391 4262
-2435 4509
2123 -2413
-11989 3204
-16712 -3606
-7124 4401
-5661 5687
-18761 -15920
-8372 -24774
11535 -14690
-15855 4902
-14006 -16996
18295 -6458
3077 6184
-14726 4477
6553 2382
9080 2524
-9171 15333
-11752 7644
-6520 -374
-13626 -3915
-6321 1502
-19121 -2797
-8170 2544
-20788 -12528
-3558 -12578
2993 -9094
6406 2595
-12598 5429
-10219 2530
-11669 4381
-4927 5662
-2966 -4389
-10670 8796
-9254 -17685
-915 -13365
117 -5388
-2927 -1590
-14811 1808
-7342 1279
6108 -12793
2912 -7941
6956 -8640
16316 -143
-1234 13731
-1097 2874
2292 -910
15322 -10051
10535 1998
9676 17495
-3808 32598
-10403 14300
-11681 2927
-8513 -7846
5915 16135
-8354 10673
-18654 9682
-4831 8894
-13483 3822
-23930 7758
-10050 1090
-2877 -7768
-696 1564
-1601 1220
-16576 -5127
-14442 -7192
-11999 -3406
-9937 -4910
-21706 -5657
-10643 3354
-6513 -7907
-14441 -11238
-4227 -17142
-347 -2991
-11220 3705
-2712 -13501
6296 -1258
-185 9296
-9209 -17281
-189 -1571
6919 2236
-5553 8609
-6987 -2835
-8246 -11401
-3529 819
-17607 10100
-11392 -283
-25441 -5894
-5018 -14263
-8504 -15956
12065 -2847
12776 4918
-5884 4225
-10415 17060
-9272 9469
-15508 -8532
-3863 -3507
-24564 3895
-3435 -11451
5761 -12047
-509 -6253
-4956 -9596
2199 -2687
-20183 -15076
10943 -11622
8887 -6667
-2013 603
15927 -8418
-5881 8884
-3623 8782
2154 -5829
5438 7334
12782 17383
12214 14927
-5003 15541
-15045 14211
-14046 4560
-2473 -3646
3870 8878
510 18575
-12668 21971
-10516 1524
-3100 11058
-11095 962
-17762 -2597
-10093 -6402
9024 4898
-13492 -2470
-156 3193
-6229 -3071
3686 8775
-9912 -1788
-19261 -2750
-13944 -18994
-9231 3709
-14287 -15142
3976 -12956
1769 2428
-9963 3752
-2421 -22765
14371 12677
-1884 2282
-5196 -5630
13438 -440
-3769 5810
-6511 10199
-14744 8248
-9679 3451
-6773 -2408
-9973 4089
-9228 2751
-20146 -11956
-9187 -21477
9652 -23709
12253 -7330
10703 4157
-1912 16799
-16713 -10463
-10924 -10526
10943 2766
-6799 4379
-8000 -3726
-8465 -16292
5168 5337
-10488 731
1508 -4700
558 8837
-5678 -12693
12734 -15228
-1813 -9034
5929 -1249
1135 3782
4909 11350
-14104 -3144
12657 -4721
12477 -3386
8477 14519
-2376 11450
-11729 16163
-14568 17552
-6327 7113
-831 -4647
3374 7372
-12769 6069
-14174 8423
-24522 8103
-4544 -4356
-14359 5162
-11343 -11564
-4263 -6427
-3139 -756
-9150 17276
-12531 5653
-6029 -6411
-10467 -1459
-6824 7099
-20450 -989
-10828 -4998
-8443 -1242
-15756 -16285
9688 -22502
-3169 -3088
-11925 -10787
-11479 -19124
11593 -8689
11588 10271
20750 4608
2506 7454
-5829 14607
-1072 10478
-22912 -1643
-3950 -4751
110 -4156
8863 20653
-25410 -7151
-7471 -12780
7125 6070
3560 -1122
15645 -4453
-3947 5730
-12435 -642
31795 15498
29571 8105
19552 2194
8479 13127
-4540 15721
-6570 6934
-21234 210
-14878 -23622
-9207 -6299
12824 -18404
-3903 -10250
12244 15716
969 -8149
11446 -2919
-18462 1882
17875 -19835
5434 17907
23789 3489
-474 31514
-23830 357
642 -5297
19982 -15256
13111 -18790
11850 5908
-2005 13945
-10812 4754
-10661 -3883
-12749 -30060
-4024 -30303
20573 -14812
12973 395
3734 19348
-7653 18736
2641 13656
4835 4401
3023 4158
-18438 13971
-14551 11836
-27866 14517
-18333 -7546
11001 12393
-2841 -8103
-304 13278
23116 -5987
-9873 6542
3988 -3586
-22081 5248
12784 3244
6790 -4357
10586 19093
8727 5161
8955 6800
-10015 -1138
7839 -18432
-2375 -1180
-11240 -30637
-663 5753
-2709 -19518
5487 -3548
5765 -17389
-7849 -8540
1673 -8540
-26129 4573
-623 1567
19143 -18104
25408 11060
-3186 4346
-4965 10245
-26087 2772
-9908 1808
-9428 -4359
301 4411
-17843 4186
-13541 -3479
14550 -10127
-10785 -24601
14837 -10734
13813 -6096
12779 1884
15767 -5367
8630 1517
21267 9936
-11160 -5714
-6761 -9050
-11298 -9537
-13951 -3263
35841 -23965
14857 869
-4811 6437
-20122 11037
-9074 -1913
7018 -4962
-1798 -7753
22136 -7780
20917 9670
15773 7206
-4063 16432
-7594 3212
-2245 -5967
21360 4725
-4596 12639
-15479 15593
-15965 11506
-7603 1755
21041 -7568
5496 -11216
-8452 -10413
4839 5576
5206 6092
3199 -2617
-6735 7136
16286 -11325
9045 -656
5674 -4435
12375 -2964
-17051 6716
14256 9489
3580 10151
6131 -16323
15790 -8810
-6735 -13811
8159 -9926
18678 -16186
20109 -4105
12773 -22112
21127 -11426
3058 -5288
2440 8999
24436 -19807
-3981 19895
-4233 22904
-25518 7408
2472 -3276
-8881 6253
-10415 750
-7960 8007
-21177 -14986
4355 641
12029 -5454
7092 13782
4437 -3550
9630 -3660
12726 -18016
24879 -546
5511 3484
-2001 5683
-1025 1095
-25123 3269
-12 -1276
-20522 -9982
-3242 7290
1867 5495
21783 13003
-6903 13002
7626 3864
-16629 -9999
2015 -26144
11478 -13384
26866 -18403
14947 511
20008 20931
-724 -6392
20298 18174
13259 18310
-803 9006
-9433 17118
-15370 -1584
-36426 -18773
4961 -1510
-15271 1959
14188 9048
-2179 -6689
18039 18079
-4626 -10248
-6217 -8233
13174 -8855
5301 -3019
-13406 -1846
-831 -13118
6421 116
12161 5490
-11290 -6744
-5233 -28806
4284 -8066
20581 -160
5053 -19291
-4916 -9700
-13311 -5461
-659 -7143
4638 -2981
-4471 -5533
-561 -11934
30805 8233
12813 1122
-2288 7371
-15041 13283
-9798 -1774
-16271 -3476
-7694 7821
-23286 -18449
10719 -14281
2584 -2541
12443 -1057
-7461 -15266
7631 7225
7716 3107
1323 16338
15554 5110
1109 11413
4242 1442
-11417 24655
-16702 -3980
-2509 5207
14710 -6785
16634 -7980
1263 -233
2313 14150
-2681 -261
-9133 -952
-4902 -9518
19326 -8257
17217 -5980
6351 15749
14077 5174
13857 24821
-7380 16526
-437 1345
-7607 17201
-10242 20537
-23953 11893
-17136 -5987
-19503 7633
-9021 -15597
1604 -10290
16756 -7144
-3285 22843
-14069 20532
740 -2567
-13887 11814
-452 -7285
20100 3362
-6308 22088
1045 20116
-10608 10077
-805 21423
685 1290
-4433 -12042
-6321 -1052
27261 11662
14779 5699
1081 -14014
6652 10259
5236 5009
15461 6625
8844 752
497 -1962
11220 -19472
9298 18832
-10411 26048
4414 3223
-2607 21278
-9634 5605
-2904 811
-20210 7120
-19350 -11641
29693 -19188
11426 -20467
20649 -11513
14213 -1536
13118 -1721
2331 11067
10789 4453
15244 16934
1692 19485
-15156 8888
-18409 2113
5076 5993
10709 -10803
-3176 16752
3325 3425
9377 6404
-3113 14301
-15378 -15663
-22320 -3306
18972 -13927
15123 4083
9342 14856
-10713 8402
-536 27656
-10916 9226
23658 3292
-2249 8617
-8676 15689
-23623 22486
-21948 505
-15366 -11475
-1676 -7785
-8840 -21029
8150 19312
8910 20620
-16617 981
-4301 8351
11000 -3588
-20545 -10714
-5164 -2192
20104 -6413
-11132 -3417
-12165 7856
608 -2113
6381 -13473
-5473 -12446
12580 8776
5381 2041
10621 -1061
-9475 -4838
11790 -9340
14493 -1701
9685 3323
-129 -8606
24775 -4960
4622 4304
22366 7323
-713 -1216
-13051 21944
-10196 504
-14327 4034
-4532 10308
-10912 -10069
-2031 -10905
28262 -3253
2567 -15840
-7506 -5336
5120 4130
2439 15570
-2843 -1188
15255 -6311
2694 1122
7144 10628
-15496 3391
-1383 57
668 3985
-2236 -21198
5515 15542
9715 16202
2929 27361
-23210 -4941
114 1372
11078 -13086
10129 -26786
17456 8175
17328 4865
1988 1943
3564 11538
-7873 2405
-1433 8804
349 29992
1884 23180
3185 21092
-21688 3338
-2124 -5890
-1651 -20829
3299 3638
9528 9705
-4544 14194
-619 2217
-6944 -9018
2582 -12575
12442 -17492
3514 14847
-1709 29184
3435 12831
-7877 -7247
-24234 -4193
-2364 7133
9309 8494
-8540 -12652
9769 -15625
-1339 -7873
21136 10528
-5905 -6391
6122 3732
-9427 -1663
-21167 -10216
-2163 -10586
18545 -13080
2758 -9830
14948 21597
-12630 16928
-900 7281
-8406 -11191
-11284 -3246
-11254 -8358
10178 2602
-7711 7084
21870 12703
5801 4507
3603 -5075
11415 -5642
-5594 14816
9347 2020
6800 5475
-16171 25869
6030 -4004
15814 -1946
-10074 15834
-3723 -6640
21337 -7005
7743 2517
6339 7921
-15845 11228
-9606 9135
4881 -26647
23065 -11351
2359 10072
3088 23312
5627 -6716
-5207 9886
-22121 803
14439 13263
-4425 5673
-9177 10642
-38022 -6198
-14316 3484
-1425 -17915
-11538 8022
-3593 -24845
5740 7074
-2987 -7279
-5734 -19925
-2325 573
11 2083
4346 -23718
10456 -1442
2074 11765
-7515 1231
9848 -54
-10838 -9536
-1237 -12345
15623 -17608
9974 4817
-2075 -5064
-1414 -4054
1940 11213
7494 -1655
-5862 10045
-4571 2677
-6574 10986
15853 -23844
21785 30369
5737 36045
-29177 7152
-15568 11203
-26960 10734
545 16639
-8113 -7311
11163 -17678
-4245 -6447
-6534 -12681
8688 -4629
-5695 -4791
24519 5743
7358 -5884
13651 -7666
9081 -2834
27242 15870
-19189 13118
4888 -2184
11345 2572
12458 8395
16382 2165
5299 -5657
2253 11393
-11909 18566
-9949 -1633
869 -11131
13471 -1799
24071 -11515
11333 27058
-1645 4745
9753 18120
-2443 10195
2268 6212
13710 9968
7800 -2642
-2112 14427
-17710 18179
-30699 -17354
-12046 -15423
-4611 -1439
5422 -9347
-283 13412
134 170
-3700 10762
-5638 1448
3034 -11007
5957 -5634
1967 -18550
-21964 10025
-8535 -16106
3393 9384
20093 -6391
19128 16997
-11581 1721
-6310 6451
-19101 -26077
13813 1695
13380 12685
14471 -21643
8280 14533
-19989 5705
-8154 -4827
11547 10304
-23813 -25464
-29121 17170
-24504 -12746
1516 -25397
12208 -2384
-5162 16390
11828 12399
-12582 10421
-18057 -21593
-13370 -3508
-493 -19410
4465 -28397
-672 -22178
-1810 -11045
21425 -3093
-21573 -7789
32153 -804
-19557 -2052
12035 -5362
8846 33432
-16911 6261
-7159 5977
3576 2373
1640 -7428
-9427 2827
18117 -25355
-12116 -16225
10466 16813
6953 3108
6175 -6502
21235 -3527
3887 -4755
12265 -9318
-2168 -6944
-14169 1156
-28091 13019
24174 -5501
16924 6070
22525 -8219
1268 1419
-22811 -36205
-19342 -11550
13801 -18073
-16262 2243
17307 -2199
394 -2656
18306 -18314
-12041 131
7299 37243
-5323 -7634
-31630 -1279
-11960 -7057
-1802 6878
-24373 39790
-7213 15235
12163 38660
-4721 -4771
-11948 10592
-8481 -13745
-10661 19909
19412 6375
-7676 19421
43102 -442
-9054 885
-3195 -1403
-30572 3293
-18298 8051
10819 842
24469 -4112
-647 16047
-29846 4773
-30096 -21794
4437 -19580
9159 -8000
-8206 -14555
18832 22703
-24695 -8836
-7563 -130
-19838 -16543
-6432 3189
10459 7063
-21572 10844
-2232 32627
-59 26345
-9323 8421
22539 -11512
-21603 2395
9302 5654
-12337 16733
-2039 -6582
-2137 -16387
-11867 -911
5485 -38507
-272 -3739
9261 -4981
3586 4732
15745 -20035
1975 -6813
3320 11199
-17184 -8500
520 1869
-8163 164
-5568 -11265
-19817 -18272
-45951 8622
-11123 3410
-5991 6873
-12978 -7444
-2361 -14329
1278 -1760
-1407 -8932
-13172 5204
19462 1281
-2228 29610
-23934 2564
29198 -7740
-29884 1265
4428 -4303
-13398 6333
-42039 5448
-4731 9684
-21489 -4428
-21873 7425
-25582 -2575
-5719 17070
-31639 -291
-21573 23091
-9678 -43969
-30549 37516
14535 -5712
-310 -8948
25393 -14699
1123 10592
-7876 -4117
15634 -5449
-17879 -7620
7852 -18971
2880 -29034
-12946 -21894
-8319 -28293
-894 7774
-1866 -12555
12687 11093
-4086 18158
9850 3447
11618 -252
-9190 19936
15994 1601
-22517 -11089
40207 -16041
12180 -18885
17901 4762
-37629 -10764
-19857 -18974
-16974 -22773
11569 -20096
10539 6408
10866 -13865
297 21562
-8974 -3375
-17339 -14348
-5893 6840
-8019 -24452
-24799 3315
-3790 -3971
-13371 16585
-19869 5026
11918 12960
-2244 -10109
3772 -25791
-24387 -21770
-3409 -3538
-14346 -33720
10761 4585
10699 -8955
-9799 -13746
13754 8548
19858 14647
-17392 26346
-22645 -7061
-8807 6469
6123 20741
-19775 25661
-13580 21407
-35504 -4730
-14784 12465
17831 -4749
17710 -194
-2537 -4722
9430 9054
22914 4096
-287 9785
-28577 -9915
-42794 -92
-15098 -18881
16161 -31016
9131 3960
3709 19605
-13737 2655
22102 7711
-32817 -5592
-3232 -22592
-21807 -12579
-473 17703
982 -22193
4175 -21644
10161 -11864
-10021 -26871
5036 -18200
-14081 23649
-5814 -11102
-15319 -261
-35439 -23087
-23269 -25384
5889 -836
21507 11281
-1516 19980
-17094 4117
-2213 -15814
-8185 -14537
-15524 -13894
7727 -15362
864 10642
-5683 24910
-23693 -5177
-13487 -16186
-4706 -1310
4622 -2305
23407 -10602
-11240 16251
-23654 18077
88 -29790
7701 11046
294 -8104
-11506 -2030
-8734 -35090
30356 -22051
-2597 5300
20380 -13575
8337 -7450
-10966 -891
-3074 -13964
1146 -1074
7312 -15262
-10992 -7468
2949 14366
2323 25252
-6116 11974
-31218 -15582
-41056 -5621
18508 -1725
6203 -8926
-749 -13528
-20436 2601
-20916 -7615
-16519 -11435
-1360 33429
-28490 -4494
-1759 -47596
3287 -1182
2100 -7951
8047 7293
-24571 -8099
-2599 -35775
5119 8168
-22340 -12414
-1547 -1788
-11628 353
-2049 -5970
-11308 870
6041 -23210
-22734 -19980
-13918 -19935
3043 -15392
3636 5158
108 1387
-32099 -14194
-27410 -9483
10775 -21027
-6616 25178
-29752 -11594
-6988 -19024
12215 -12757
20951 -14496
-10138 -6020
15652 -15741
-1644 15250
28846 -18865
-11580 -14811
-4134 7569
-23271 13192
-1147 4595
-15738 -9562
7689 -10033
-8254 -3014
-1090 10164
-14821 -17328
3558 7876
-2712 -20906
-7913 -29032
7265 1926
107 -27065
-5890 -3192
23670 646
33258 13584
-26812 15741
-7511 2500
13393 5770
-8503 3873
-25134 31106
1115 25863
-23301 -15308
-27103 -11398
-17224 -3801
1818 -14117
-4018 4648
-13380 -8545
-6573 13999
-367 6414
-25193 -6179
15262 18118
-35637 -8343
-25686 -7886
19351 -24805
10009 -7163
17674 -1392
-6686 -7968
-2601 1327
-4907 -10818
-36609 -17857
6353 -6647
10032 -10526
6869 -5589
3750 -26403
6984 -9494
9722 3473
13906 10084
-7769 15017
2176 26315
-29751 5659
-25209 -30822
12643 -8620
16555 -19335
-14195 -16802
2853 -24824
7142 -21079
-9839 -10193
-15486 -3970
-20332 8003
23458 -14797
-828 609
-11651 6619
-21542 -7738
22169 -9933
9766 1917
16975 -26588
-5749 -7712
-25700 -4722
5548 5886
-11987 -5038
-14503 19488
-1629 -2011
-25118 -21218
10171 -42573
6176 -13053
5563 -7000
-2890 12041
-10932 9781
14731 -25740
12214 -1132
-10601 -19853
12 29307
37516 20123
-11610 11542
-25338 963
-7362 18080
-22492 2401
7931 -2308
-10988 -19829
-1895 -1801
7458 -11520
16680 2877
19829 20243
6143 6674
-30621 16622
-11850 14212
-14946 -41000
8707 -15226
12869 -14137
-4097 19073
-5613 17666
-6192 -14242
-34587 -22169
-2164 -19135
-10959 -31915
-14930 -20437
-4164 11313
8787 -440
4351 -4441
21258 -4909
14369 -5314
23278 -3742
-16079 8572
-47067 -8098
-4368 -47440
24011 4117
-16283 29809
-2041 17358
-18902 719
-10759 -26980
-2411 -50663
-10977 -5962
-18154 -8461
13429 -20670
1681 -12682
2859 36703
11733 -11508
18579 -5636
-16528 9735
-10719 8462
-665 5670
35583 19168
-9220 8383
-8734 28937
2353 -17315
4965 21296
-10087 1385
1121 9092
-1156 23988
-4543 -35536
13144 -18950
4170 -674
-8358 35268
-4141 -1037
-7193 2516
270 10808
14405 24233
3856 19658
-24592 26130
-43422 8193
-7267 -7796
4644 -18722
15450 -19231
-8447 3988
10948 -12373
-11569 11094
1339 -16233
-29466 13774
-27079 -10087
-14088 -31516
20833 -20736
20162 -21090
25179 -13258
-18971 -15949
-368 -13275
-18883 -1048
-11987 -19816
-9531 1117
-5131 -16644
-577 -3665
-21458 -952
-5862 -11686
8073 1072
5564 -7416
-10824 -3832
12038 4256
-34127 30139
-31612 -20374
-23662 -30862
-2395 -19763
10964 14979
-13301 696
707 -7986
-12030 -3041
-10001 13771
-18780 -28787
22475 -1099
-4487 -31373
5503 11075
-18299 -11784
-8755 -941
-5996 -884
-10514 -17263
-18605 22853
-9538 12039
10710 -3137
8962 1757
16309 -395
3243 -24442
-4490 -10689
4058 -17657
-8009 27155
419 -29873
-1706 1094
26630 12271
20743 14211
