1764 -56
83 -123
-73 4
-12 31
10 -31
13 8
-3 78
-41 -3
72 -11
41 -16
-3 5
-38 -46
-9 -49
-2 -18
20 -9
-4 14
25 -2
-48 -60
-58 35
15 26
-24 -65
54 -31
19 -61
69 28
-10 -27
14 46
21 20
-12 -3
-10 -5
-5 19
29 -22
15 40
13 -13
1 6
-2 -10
-9 -10
1 5
-3 5
-6 -1
0 0
0 4
2 -5
10 -2
8 5
-1 0
-8 0
20 28
0 -60
15 -24
-17 33
24 -28
-14 15
41 -34
-46 32
-17 -10
-34 -43
25 11
19 -62
25 -33
-53 -39
22 31
12 -11
60 20
30 -49
2091 431
-46 223
63 108
18 -16
31 -57
-38 -91
36 67
-1 23
24 -13
39 7
-89 42
-25 43
63 28
-8 30
-11 -18
-25 9
28 12
35 37
-33 -14
23 44
-15 0
-55 -10
-2 -35
4 38
-69 12
-66 -23
-1 -28
-8 -41
-13 -20
11 -21
-15 1
-12 1
-17 -3
-1 -10
6 -6
-13 -12
6 7
0 -4
-1 2
0 0
1 2
1 6
-2 -7
-8 7
17 10
-13 -4
-23 -4
-9 43
-29 -9
9 -19
20 -39
61 43
-33 51
-65 29
-40 30
-57 2
0 44
-47 -12
-20 17
37 6
62 -20
27 -11
-4 -17
-65 -29
198 329
-18 -113
28 -24
-41 8
26 16
66 -53
33 25
-70 -4
51 19
-8 9
24 2
19 -24
12 4
84 66
26 20
-13 -23
-48 11
-17 -36
-79 -51
32 -28
-4 -1
-13 -27
0 7
12 -12
-53 -2
18 -12
-21 23
-2 24
0 9
-7 -16
-14 56
-2 -21
10 -9
3 0
-4 -1
5 -5
10 -2
1 1
1 0
-1 -1
2 -4
9 5
-11 -8
0 12
16 20
22 22
50 -20
4 27
-1 17
-16 -11
10 -15
8 -32
-53 13
38 -22
36 0
-39 -17
-52 -27
27 42
63 -17
15 32
-104 41
52 -85
127 -5
35 26
288 -30
-11 47
-36 -80
-17 -5
-4 -87
7 -34
56 -27
32 40
6 -76
33 -13
-36 -8
-63 7
43 -45
1 -20
43 -40
68 -19
-6 -16
-19 60
-3 -2
36 -35
-13 -61
-18 -55
-18 -38
40 -5
17 -19
23 -3
-29 6
7 -20
-2 10
-18 -10
-8 16
27 -7
-5 -20
21 5
2 -20
-4 5
-7 -1
3 -1
1 0
0 1
0 -3
-4 -6
-6 9
9 0
-5 -10
-6 -1
-3 -12
-14 58
38 37
-8 26
2 33
31 -11
-34 -51
13 -13
34 -42
27 33
62 27
34 -29
58 52
52 6
119 41
-27 -26
44 76
31 69
-42 -46
-5 -24
16 -5
2 15
-49 -8
-9 -72
6 35
-33 39
107 -9
-12 -46
20 3
55 -25
8 -39
4 25
-54 25
-29 0
-16 -40
37 -1
-77 -9
29 0
-1 41
73 16
-58 53
33 12
-8 9
-24 20
-9 50
7 22
-16 -22
-5 11
-4 35
8 31
-11 7
5 -30
-5 14
-18 -3
-2 -12
0 -3
1 1
-1 -2
-3 5
-4 -2
-4 4
-15 7
5 -18
-7 -2
-17 3
-5 -1
-24 -7
-51 13
15 57
-47 -48
-50 45
7 13
-59 25
101 30
55 31
128 -86
63 -38
-7 -35
-20 88
28 5
-17 -42
-30 6
-186 8
-11 13
28 -12
-6 -14
-12 -30
17 1
49 -13
17 15
-40 23
-47 -18
-22 -14
-1 -1
53 23
-44 -11
-4 43
-29 -35
-46 7
72 -50
12 25
-5 -17
-20 10
0 2
6 16
-8 -23
-15 17
39 -20
-5 -1
-2 -25
35 -56
22 -22
-29 -6
-6 -3
-8 -9
8 -2
-11 0
2 3
-3 4
0 0
-1 0
-1 -3
-1 -1
-4 -7
-14 5
19 -12
-3 -7
-15 13
6 35
14 -23
8 -26
-14 26
-17 52
-74 -30
-9 -3
-14 26
40 16
-82 11
3 -7
58 -11
60 -5
50 -36
41 23
79 45
91 -69
64 14
-189 7
-9 2
28 -21
7 -10
-5 -57
22 0
16 27
11 9
-8 -2
1 29
24 -3
65 24
24 3
-25 -45
29 3
24 -54
-60 -1
20 17
27 1
-11 24
-56 -65
4 10
19 -4
15 -6
-15 -32
24 -1
11 6
50 12
31 1
23 11
-16 -12
2 7
7 15
2 1
-12 4
-4 0
-9 6
1 -3
0 -1
0 -1
-3 0
1 4
0 12
-7 -13
26 5
1 -14
18 17
-6 -6
43 1
-22 52
3 -9
-16 -16
-25 61
-41 -11
66 -61
-16 -85
-1 -4
9 6
21 1
31 8
44 46
100 -2
-40 123
49 9
-5 9
-6 20
-22 -24
-11 8
-2 -31
-25 4
-113 -6
-59 -4
47 35
-35 -63
-31 30
10 17
14 17
18 35
-4 7
40 50
68 -18
9 79
-50 5
4 0
-30 26
41 20
37 -50
33 -29
1 -53
-9 -16
19 -15
7 45
-28 5
-16 14
-1 -13
5 26
1 1
-3 -6
-1 -17
7 7
0 -1
1 1
-1 0
-1 1
2 -5
5 15
-2 -13
8 3
-5 -1
-7 -40
-11 -16
-3 -20
-4 10
57 9
45 23
8 2
24 4
-15 -19
41 11
-38 22
13 19
-48 36
-16 -67
-21 -1
160 61
25 -25
-26 67
-101 32
3479 -674
-230 29
142 -21
57 -72
-14 -2
34 1
-18 -91
96 -5
-217 -6
-101 86
54 -42
122 103
-1 145
-27 31
-85 16
-9 -109
-71 50
112 160
167 -147
-74 -61
130 234
-150 87
-34 267
-233 -76
-24 102
-45 -172
-104 -99
64 20
61 36
45 -87
-132 120
-91 -235
-111 69
7 -62
25 90
101 104
-11 -64
62 -116
242 28
146 95
-8 147
49 -96
129 -14
67 51
-15 -11
-39 -13
114 137
29 -230
53 -107
-31 104
83 -122
-69 -4
95 -27
-113 45
23 -33
-14 -62
-46 50
44 -129
58 4
23 30
-61 -7
44 -27
-21 -13
-95 -41
-1288 1239
-44 4
-87 -159
55 1
-66 63
151 186
-96 -119
9 -60
29 34
-90 7
211 -78
83 -88
-157 -70
42 -52
12 16
13 -53
-78 -89
-49 -151
144 36
-54 -66
61 16
221 34
16 162
-10 -132
242 10
270 54
-31 73
28 200
55 114
-79 117
86 -3
65 1
121 22
2 76
-73 60
153 133
-84 -97
-3 95
59 -101
-86 -125
33 87
37 115
-27 -82
-53 66
95 62
-85 -12
-105 -25
-27 147
-104 8
96 -56
33 -126
80 111
-98 36
-160 43
-102 -13
-108 3
-1 -13
-4 -68
75 22
90 -30
60 12
70 -70
18 44
3 -24
1773 1272
100 304
-158 104
52 -22
-73 -36
-177 69
-41 -100
145 41
-152 4
15 -43
-101 -8
4 108
-70 -65
-194 -113
1 -95
6 71
78 -46
37 103
244 107
-84 75
-52 -23
74 79
15 24
-61 0
209 24
-52 53
83 -78
31 -117
30 -47
75 116
69 -373
11 122
-49 30
-19 -17
52 1
-65 68
-170 16
-21 -31
-43 -17
-134 -102
63 -126
148 93
-125 -98
3 103
110 140
96 118
224 -96
20 56
-7 35
-63 -25
20 -57
20 -55
-91 -36
54 -45
23 16
-100 -48
38 21
82 40
36 38
-7 0
41 -27
6 -5
86 -67
-14 19
-304 -125
60 -20
-16 81
78 -39
-5 143
-77 64
-121 61
-76 -49
31 127
-21 108
104 28
199 50
-126 92
-70 40
-59 103
-177 31
14 3
2 -192
5 6
-131 104
20 159
74 205
35 93
-156 8
-43 64
-94 53
149 15
-22 97
10 -21
70 89
64 -95
-164 51
48 141
-193 -41
-24 190
41 -72
116 16
-68 25
-84 25
49 65
-9 -88
-44 -94
-50 98
80 2
-36 -77
-47 -1
-11 -79
-56 218
108 106
-41 27
-6 82
56 -22
-20 -60
-33 -17
66 -72
39 52
72 44
49 1
25 54
55 -59
34 70
-52 -120
-38 -14
-56 -21
98 222
30 118
-56 24
65 8
175 66
36 88
-30 -42
94 -100
-255 11
26 117
-136 -30
-163 94
-43 115
-21 -19
189 -108
102 14
118 70
-65 -21
275 57
-139 1
40 -148
-224 -48
214 -170
-149 -34
51 -24
81 -101
50 -219
0 -78
58 117
25 -71
-3 -217
-57 -258
58 -27
-47 265
37 -141
246 61
51 204
10 89
-106 -45
-55 -129
-71 140
-63 -33
-46 42
-141 65
63 -96
-30 -10
-100 -11
10 10
-100 -63
-129 65
29 174
-61 -68
-56 60
29 -16
13 101
54 26
63 31
152 -40
9 25
31 -3
-35 -97
29 3
-16 -72
79 40
40 129
-58 94
-142 39
67 31
47 71
-64 10
-92 33
-51 -59
86 -45
78 -44
42 -23
-52 -42
-144 -68
74 -8
12 -108
98 63
96 -13
-203 146
-52 -53
9 56
38 11
57 -33
-17 -74
-10 54
82 -35
-159 70
2 -22
-7 85
-204 286
-121 78
202 49
17 28
60 46
-72 19
122 2
-34 -44
59 -72
-2 -14
127 -23
-29 -177
-12 -24
-51 -108
-139 41
157 -89
-15 -29
-99 80
-1 155
54 -68
56 -95
-50 43
-56 110
-153 -82
-21 -49
25 81
91 97
-71 43
29 58
-9 -10
51 1
-8 18
35 28
44 77
-66 -67
7 31
-102 -157
-99 20
-119 85
-92 16
-33 155
-35 23
-118 -73
-36 47
-4 0
-2 -36
-73 31
-215 -85
-78 -10
30 110
-121 -52
-64 170
135 35
-82 -31
-117 -3
36 -57
256 226
4 -46
-91 69
-65 23
56 161
-80 -15
-6 -71
-269 -94
-166 9
-153 -77
102 83
-12 -44
-64 -104
-15 -16
143 -55
50 6
178 -120
-17 122
10 167
-15 -50
-70 7
16 63
-2 117
-44 -96
143 20
-15 -65
94 38
0 -23
126 -7
-75 140
4 5
-11 -20
-24 75
-4 -12
19 -33
7 -30
-2 -89
27 50
-57 46
-47 140
42 -15
54 -67
-101 36
58 75
-35 25
36 -48
67 45
59 -41
3 7
16 19
250 120
176 36
-127 -43
75 153
91 -45
-32 -21
-79 -39
-121 -109
-62 -27
-131 -95
-210 77
-12 -296
177 2
-3 -49
112 -80
-152 -107
-151 188
-143 100
-11 250
-11 92
-54 61
-38 -217
145 -14
101 -44
2 102
-26 -167
-11 -31
21 74
22 176
-107 -100
0 19
-28 -19
299 97
-61 55
47 -94
72 202
-18 -113
60 28
-23 -1
-31 -173
-52 -92
9 -56
-14 7
132 42
143 98
49 -9
33 -15
35 58
44 -7
-55 30
-22 -22
-110 94
73 -55
-20 43
65 23
32 83
77 -123
-95 27
4722 3061
223 25
-115 11
-55 14
33 121
-120 -11
47 -83
-28 20
177 56
98 -130
-105 21
-135 -6
30 -111
84 8
123 -53
-19 238
31 -99
-23 -112
-159 233
121 2
-282 -291
73 18
-78 -444
193 44
159 -80
6 158
176 144
-106 -51
-123 -97
-110 91
51 -129
127 217
265 31
-139 214
-84 -83
-76 -85
-7 22
-75 248
-420 90
-270 -246
45 -350
57 166
-215 228
-200 -1
-39 -60
133 -78
-113 -240
114 502
-61 86
162 -133
-63 40
-5 -137
-138 208
208 -190
101 -15
121 169
-48 53
22 121
-90 99
174 154
-85 -90
-40 -63
-129 -108
-163 60
-145 -749
75 -235
69 38
-161 118
19 37
-120 -138
45 -63
0 35
-131 -1
44 -79
-103 30
-169 26
130 -3
-107 5
33 70
140 146
93 198
-24 251
-176 17
2 -123
-83 -29
-330 -16
-41 -274
6 143
-182 -183
-343 49
120 88
-20 -286
-54 -155
190 -157
-109 1
-40 -18
-178 -35
44 -57
199 -120
-222 -116
121 29
-71 -1
-73 242
97 274
-91 -258
182 -137
26 112
277 -113
-337 -142
56 81
191 2
115 -387
182 167
129 122
-191 121
-373 -160
112 -329
165 -75
157 -228
210 -58
107 -227
300 39
96 -105
-55 -64
-112 60
-54 15
35 -98
114 37
369 -1106
56 -226
109 -111
-73 4
92 69
116 46
68 61
-121 -100
95 -88
61 146
126 -4
-99 -233
111 191
137 -15
-145 223
-11 -19
75 24
-83 -53
-206 28
-21 -29
225 65
-166 -34
-48 -144
82 89
-196 -47
-29 -23
-81 33
-152 176
-139 83
-279 -241
-27 719
24 -108
-86 166
-35 120
-157 58
130 -176
474 88
-94 115
65 -109
240 309
-4 -30
-369 -179
253 103
-3 -168
-154 -223
-376 -217
-405 136
-43 -339
46 -198
24 35
-78 33
-99 176
230 -138
-172 68
-155 -36
50 26
349 86
10 -152
-219 57
-92 -182
274 -136
-138 118
-445 88
-58 -105
53 185
-37 -70
166 -10
-125 87
62 67
92 3
75 26
43 -48
-81 -7
-132 -197
-61 -87
-218 -139
84 -63
143 1
-62 -79
109 3
-28 83
55 194
-4 -58
128 -70
57 -31
-115 -230
49 16
190 20
-18 14
78 -212
-271 -149
-36 -147
0 -103
40 -255
-188 88
174 -121
-131 -183
370 65
54 -233
-17 198
-176 -53
157 -116
145 -82
-173 -31
-159 59
299 256
274 -244
-87 19
33 44
-11 31
11 -24
123 -404
-266 -300
9 -271
-56 -135
-209 117
219 263
-108 64
-81 143
-133 -147
-152 -91
-107 114
-179 -95
-195 -3
-296 -129
26 34
-164 -197
72 -182
105 -49
-13 56
52 -52
-148 -125
-144 -119
-5 88
45 -77
-28 77
115 15
-15 -96
273 109
242 -100
22 -80
24 -107
-213 187
-85 -29
-190 31
10 75
-350 -140
248 30
-146 126
110 7
-239 139
169 14
-155 63
20 183
-56 249
-106 7
36 -160
-37 109
134 297
85 592
108 -119
88 -398
52 124
-478 -313
-188 -328
-8 -178
117 -57
-61 296
203 -315
-47 95
89 -69
11 -5
151 333
97 -1
21 -151
121 58
62 -104
360 8
-106 -173
296 262
265 -183
-50 -145
433 -4
-376 -122
-159 -160
-329 335
-147 143
4 133
-28 -365
-73 -40
58 140
4 9
-151 93
26 65
95 65
-94 -10
-45 -20
80 -35
1 -1
38 101
42 -8
13 196
-45 137
135 91
78 162
20 49
30 111
-109 67
20 -6
144 -114
70 -38
61 -91
16 -151
-194 152
23 134
103 67
-136 -35
118 -33
42 91
23 45
327 -315
145 107
-376 -100
88 -83
-62 80
99 -42
-180 -8
141 100
-109 24
-17 118
-153 240
131 327
64 54
96 171
308 -138
-129 189
40 146
32 -70
-137 -252
-34 207
42 128
48 -206
-18 -355
291 99
-34 -66
138 -90
-89 41
377 -33
36 90
-149 55
-159 -20
-164 156
-105 6
-126 -113
-259 213
-200 -65
-130 127
51 -44
54 12
223 76
103 -40
-46 -89
205 37
11 -133
-14 22
-20 -66
95 -98
185 104
34 4
99 -36
176 144
78 -174
-65 -125
133 15
170 -75
-76 13
-410 -265
-16 85
130 -261
81 -76
-55 -257
2 79
-136 264
400 228
265 -51
257 183
-145 -138
29 46
132 49
12 72
-339 138
-65 -102
-402 214
-47 -233
-46 -188
48 -42
-81 -22
-73 15
-65 -233
168 207
-358 -138
-131 135
-34 -252
80 20
-291 -40
98 -284
15 89
97 88
138 -384
276 56
-274 281
52 434
41 1
1 77
-135 109
-69 85
-144 -72
-123 88
158 -363
-81 -51
-84 13
-70 -65
8 -4
-65 92
24 88
63 -47
-55 -327
-102 -60
90 -114
17 -144
-110 -98
68 -12
136 -35
273 110
186 48
123 -46
186 -123
-21 395
-189 -74
-14 205
-126 75
195 225
196 -231
178 -80
43 -425
145 -170
-40 -31
35 261
-188 -40
-154 -82
46 -188
-44 130
41 184
-12 -223
-116 -119
249 119
155 -58
-47 -66
-565 -111
248 -314
-128 250
-103 -263
-2 272
-124 32
82 52
94 453
50 23
73 191
-11 -143
-346 38
-134 -22
103 -36
-130 11
99 149
-155 25
175 -94
-69 -144
97 -50
84 177
-32 64
-448 -174
36 209
149 -210
108 -114
2345 1707
120 -319
-56 16
-74 132
-98 -140
36 11
-86 268
-229 -72
163 0
-6 36
18 113
16 -210
-72 -154
-110 -60
-2 141
120 -196
87 59
-210 -67
-4 -147
-35 93
261 56
77 -243
229 351
57 -32
-100 -77
65 -27
-131 -60
89 58
108 109
-31 -141
-5 65
-130 26
-352 -88
252 -468
106 4
-48 -18
78 -16
14 -240
380 -304
255 339
-82 429
-180 -203
89 -333
161 -60
122 350
-207 182
-105 225
-285 -567
225 -69
-194 311
116 112
134 354
205 -380
0 138
-372 4
-353 -142
553 -42
75 -156
-99 -247
-432 -366
330 197
-30 73
400 169
361 -40
1852 817
159 243
13 226
200 -216
15 -218
-237 -135
160 325
-21 48
89 -106
117 128
-245 100
254 142
4 157
108 106
-102 -119
-302 -179
-61 -209
92 -192
-42 -122
114 362
68 -48
242 -58
41 160
-6 -77
-105 244
209 -113
-50 -290
46 149
42 -8
-187 35
63 -30
22 9
202 89
-88 -16
-213 164
100 -144
-35 23
176 -131
73 -208
-111 -344
132 362
-356 121
-67 -41
-517 61
604 368
-1 -204
-252 19
3 684
-211 -416
-365 -102
114 -158
831 194
84 661
-221 259
-6 345
-152 16
97 494
-311 135
-514 57
0 129
115 -142
-22 64
-100 -288
-343 -83
219 -207
-223 -175
62 89
-1 0
-59 -38
212 -204
-27 161
-7 104
133 109
-227 -176
-30 42
121 224
10 -174
52 164
170 -239
65 -97
-231 75
184 -141
-125 -201
233 -47
-315 -47
195 -93
26 153
40 -60
-80 -1
159 -130
29 60
267 -140
159 -144
472 121
-32 -689
-153 33
266 -241
176 -162
260 26
-102 94
-595 -179
262 -107
-40 260
-230 -408
-132 331
429 237
-377 -124
-106 69
318 268
462 278
566 -190
-154 772
149 228
-77 -260
20 44
-32 -324
-375 370
310 -107
336 -87
-8 -39
-548 -277
-111 215
406 -342
86 146
-774 358
258 -436
403 155
153 83
117 -213
-107 172
-152 -18
24 -64
-98 -303
51 -143
121 -150
17 133
94 -165
279 31
-68 172
-61 22
149 27
-19 -80
124 37
120 8
58 -130
-27 0
-2 168
13 -68
-173 -205
77 41
-158 -173
-72 -82
104 -281
80 334
305 159
148 125
-41 263
-254 275
336 90
-88 203
254 193
-392 -59
-55 99
-45 -232
113 -34
-94 225
-247 2
222 -66
281 -19
-484 -300
-434 354
-23 -52
-19 27
127 39
-85 102
-17 523
533 335
80 489
19 316
192 32
-450 -476
368 -133
203 -201
117 102
321 57
150 -305
345 344
159 148
693 82
-30 80
239 456
288 415
98 -197
-117 -205
110 62
-41 119
-194 -3
-120 -166
-40 217
-141 57
273 -23
-14 -34
-166 -213
-162 -69
52 -145
10 160
-16 -150
-72 -35
72 -144
-31 -110
92 233
-209 -131
216 131
228 121
33 -1
30 -20
224 -235
-257 -179
-90 -76
128 80
-208 95
74 -5
-185 -120
-94 -551
-304 239
-117 330
-72 143
424 354
229 305
-55 249
101 109
283 -353
-82 308
-48 -82
-71 195
-20 8
-402 -456
-198 -117
104 90
-345 -165
-92 162
-302 -29
111 347
-443 -549
-460 520
-181 159
-638 -118
821 194
367 172
564 -478
341 -427
-135 -275
-74 773
79 17
-54 -111
-367 -112
40 -195
-14 -220
148 -123
-140 -21
16 -70
-40 56
200 -128
-8 -85
-216 103
-105 -224
90 -116
-71 -7
167 -239
-121 -57
-115 -77
1 -282
-163 30
94 -32
52 179
-208 116
-26 247
195 -285
-48 -165
-76 -249
11 48
167 -40
-37 -42
105 -204
-190 12
-102 -277
241 -29
-99 91
67 -162
-140 130
208 -54
-73 -93
257 32
110 -201
123 -330
-244 -388
10 -66
-54 -92
-447 183
213 -259
-227 -319
-17 -174
305 259
231 -294
-111 -72
-15 345
-173 311
-588 -98
-213 179
-261 -71
19 -214
-471 -128
-10 -234
572 26
264 -63
446 -366
61 78
249 8
647 -167
358 28
117 298
273 -66
75 -219
-37 -194
-50 -245
159 119
-70 99
92 69
60 -58
54 88
-93 135
105 -71
87 35
-240 -133
-81 -142
-121 -20
0 102
-107 -85
-54 291
96 83
208 125
-49 -117
29 317
-35 201
-2 179
168 -56
198 -418
-188 -149
-300 31
-110 -231
22 71
-89 -33
-143 55
-71 172
510 -195
-21 138
457 -246
117 190
-65 181
-128 101
230 103
100 -93
50 324
-275 -189
299 152
118 -163
77 549
-299 -17
335 62
-8 362
119 -271
-287 -179
-309 457
-385 -75
677 -480
-278 -637
-84 425
7 -106
327 -65
414 -217
176 398
416 191
26 604
90 -232
-48 85
37 137
-201 -33
-108 -53
-41 -118
-143 -1
-290 272
-261 -57
24 278
-205 35
58 240
-73 48
-56 167
-236 2
-136 -119
49 245
84 38
20 -167
-50 143
40 -309
-5 -45
-111 -236
-108 126
-44 -10
-80 403
-114 89
104 -81
71 -176
106 121
30 64
-171 -13
283 42
36 -192
32 206
132 -31
-283 -145
-261 15
108 58
669 34
-211 404
157 -261
-30 98
-4 -328
92 -43
-263 -115
-90 -584
-129 62
-169 -264
-58 207
526 8
88 -54
19 32
161 232
-353 -535
285 241
-137 87
141 227
5 -22
-440 -345
-225 -20
747 261
81 -289
-233 687
-335 88
