1986 -2298
1835 -2312
1916 -2441
1679 -1999
1475 -2349
1752 -2121
1607 -2290
2012 -2719
2226 -2340
1610 -1842
1833 -2278
2175 -2505
1869 -2420
1799 -2424
1754 -2281
1503 -2406
1696 -1907
1860 -1628
1757 -1807
1540 -1781
1393 -2004
1702 -1908
1672 -1770
1943 -1484
1648 -1627
1779 -2363
2243 -2406
2230 -1624
1667 -1578
1972 -1747
1865 -1419
1853 -1714
2067 -1971
1893 -1780
2033 -2062
2104 -2169
2169 -2491
2087 -1841
1735 -1811
1575 -1872
1717 -1619
1610 -1350
1815 -1532
1596 -1407
1678 -1761
1969 -1831
1892 -2163
2071 -1880
1915 -1857
1920 -1891
2056 -1962
2227 -1796
2219 -1824
2067 -1542
2152 -1568
1990 -1247
1869 -1541
2381 -1302
2061 -1112
1980 -1561
1961 -1884
1913 -1836
2064 -1495
2182 -1516
912 -1202
1277 -1099
1499 -577
1250 -748
1410 -909
1584 -606
2107 -776
1860 -634
1789 -796
1892 -546
1602 -174
1245 -340
1677 -554
1436 -81
1161 -592
1487 -995
1647 -746
1488 -483
1126 -621
738 -729
1175 -571
1497 -429
1421 -654
1416 -631
1485 -809
2265 -1139
2189 -418
1519 -715
1956 -659
1529 -137
1479 120
1679 181
1526 68
1644 8
1992 373
1657 107
1788 -143
1688 344
1795 70
2014 -378
1758 -722
1618 -238
1472 165
1670 -58
1799 78
1673 155
1559 -97
1329 -324
1798 -516
1919 -116
1606 -332
1691 -174
1184 -153
1298 -334
1304 61
1492 458
1644 898
1693 1005
1694 747
1933 414
2020 283
1978 584
1395 846
1248 451
-1366 544
-1262 367
-1074 267
-1109 220
-1212 110
-956 -28
-1123 557
-1366 238
-675 218
-874 298
-998 192
-1237 -355
-876 -547
-1114 -122
-728 -413
-638 -87
-862 -67
-1049 272
-1509 -144
-1011 -625
-752 -141
-1094 -11
-1197 -284
-811 -168
-954 -146
-448 -444
-714 60
-1175 -284
-1177 -259
-1309 -138
-1436 -110
-1194 -368
-1191 129
-1310 -298
-750 -334
-1145 -358
-1069 -558
-1155 -521
-1011 -688
-726 -816
-798 -507
-1287 -498
-1054 -439
-1058 -334
-1355 -457
-1163 -496
-1022 -114
-1198 -462
-1281 -860
-988 -1068
-591 -773
-655 -1066
-615 -1328
-359 -1571
93 -1467
-426 -1280
-975 -1497
-882 -1770
-420 -1556
-512 -1312
-160 -1229
-538 -1269
-271 -1233
-511 -951
769 -70
550 387
-188 182
29 -39
178 242
-24 -14
30 25
-78 -64
334 -129
471 97
427 71
341 204
-123 37
86 -40
-38 -149
158 -836
387 -503
172 -473
380 -315
132 67
-19 -49
-103 -109
-170 15
132 47
369 -392
410 -522
-130 -308
-76 -344
277 -43
195 -297
620 -431
411 -67
-224 -165
-59 -492
298 -171
223 -45
322 389
84 583
-97 439
47 103
308 271
94 77
68 313
-240 634
39 548
476 228
609 -14
332 112
83 224
278 341
32 642
17 544
406 655
350 312
203 26
39 108
-298 158
-235 -168
-165 161
-451 154
-395 235
-318 256
-134 620
-451 566
-238 212
-139 18
136 -132
233 -66
438 -180
521 -172
542 -163
61 -209
-47 -332
-226 171
-532 83
-73 -331
437 27
73 -83
-34 -162
-124 43
74 213
-48 43
3 -10
-126 -220
260 -363
59 381
-29 17
310 -175
118 -28
-195 283
-132 24
223 -37
6 -349
-197 -340
-117 -230
82 -34
-25 12
-116 -72
40 -87
-464 276
-529 124
-312 133
133 35
131 280
-21 -125
-66 112
-232 261
-72 81
96 -160
12 136
128 337
339 476
38 575
-481 -19
275 -129
-135 524
-25 196
220 707
-435 121
344 -411
290 21
285 -16
99 272
329 26
-26 -212
-76 -648
-110 -144
3 -277
38 86
170 -53
-35 203
-53 -73
326 -12
138 83
47 -29
184 -145
132 -100
350 -63
308 -186
111 -190
-183 -152
150 -356
330 -459
18 -456
57 -151
129 -169
456 -26
28 129
24 -56
-185 -89
-217 -189
-146 -242
-350 -85
-530 -163
-31 -167
48 1
-9 271
67 458
324 326
284 -58
288 63
10 332
-309 -129
151 22
239 202
705 138
193 467
121 -132
255 -173
169 -365
446 -94
6 310
-233 -85
415 20
359 53
195 -223
67 -396
-58 -336
271 49
-328 320
-207 -112
-133 70
-165 -133
-389 147
-487 88
-87 -40
284 163
320 355
204 309
-181 36
-129 87
-133 85
-110 277
34 232
-151 225
-551 204
-372 184
85 471
-76 592
-209 317
-49 251
-207 97
-209 94
-327 181
-51 -38
-183 -14
-212 -30
-281 42
-111 -91
1 116
-238 -170
-274 -312
-498 176
-360 316
-282 324
-263 117
-108 242
236 95
258 74
-153 -223
-25 -385
93 -35
-189 -200
-33 -290
-238 -104
-165 183
-119 359
98 284
17 -2
231 -310
295 -182
310 -490
458 -434
210 -415
215 -388
-47 -151
53 102
-27 312
-224 195
162 146
700 165
475 -27
115 -417
202 -352
275 -149
196 -27
408 -121
252 281
71 -60
585 -82
205 207
-60 -26
169 189
281 318
253 361
268 226
-357 -68
-169 -124
-268 -168
-176 -495
-50 4
-246 -49
-30 297
-79 143
-72 23
-301 -107
200 68
100 304
151 -444
417 -238
87 11
53 31
-460 142
-221 -5
-69 161
134 -277
220 -42
138 48
172 137
79 107
267 -100
766 79
397 -104
111 -402
-248 27
-268 -341
98 -494
139 -193
-118 -54
-113 -375
-40 -24
23 66
307 410
235 187
415 -426
44 -436
-323 -173
-406 249
-455 230
-326 196
-356 50
24 -122
189 85
135 -168
88 -80
-18 -320
266 -115
-136 -21
-94 -20
-195 94
20 -308
25 120
-250 67
235 38
77 -198
-241 -413
-391 -548
-247 -450
-252 -336
-457 -30
4964 80
5147 -786
4485 448
5131 -1111
6136 774
4809 -191
6008 755
5247 887
3382 -270
4733 -812
4892 1838
5161 229
3608 -505
4534 1222
5007 -1096
4114 161
3810 -302
4890 11
5823 18
5300 -589
6380 985
4317 -320
4280 487
4346 104
6042 -492
5392 1084
3877 885
3636 -788
6346 139
4543 385
4947 -505
5616 408
5123 185
4511 -35
5519 2199
5511 -134
3935 2049
3621 -273
4379 452
5719 8
3801 417
5665 576
5102 691
4855 70
5400 1807
5228 473
5384 1163
4117 633
5669 1232
4960 68
4503 1466
4954 225
4401 913
4553 186
4890 909
4811 -328
5427 1484
3733 585
5036 -863
5525 1163
5737 853
4589 1189
4553 1765
5930 563
-360 451
-2506 472
-1822 250
-225 -1161
-2173 403
-1215 546
-2184 333
-1741 -1046
-2185 735
-1912 -804
-2335 -1807
-434 -380
-1752 -515
-1789 -1676
-33 693
-1248 -432
-2406 -66
-993 -365
-1347 -1677
-1228 155
-1943 1062
-1492 41
-1495 -878
-1840 -217
-934 431
-2569 892
-3325 -2094
-1344 32
-3941 25
-2209 -1565
-2763 -221
-1346 13
-1590 -1706
-2749 541
-1095 -436
-618 -1582
-2249 408
-1374 -1671
-768 244
201 49
-1472 -1243
-3066 5
-721 -858
-2015 -1029
-2690 -730
-1502 -1170
-1343 -837
-371 -1358
-2007 58
-1279 -1476
-1396 -1137
-2370 -1288
-169 -1842
-2312 -929
-1178 -1098
-2479 -1295
-2100 -1170
-973 -1816
-802 -1512
-269 -1124
-597 -2023
-2017 -1771
-131 -2268
-705 -1299
1812 251
1900 1081
1835 840
1781 347
1731 1421
770 1730
499 -518
2434 1870
1185 842
1376 27
1383 705
3103 1609
377 1607
1379 964
1023 2740
430 79
218 2093
918 1030
2413 1829
1229 3485
230 1348
923 1538
2095 2179
-257 2358
1669 1766
-83 2370
221 886
765 2369
225 1483
-74 2136
1071 1668
74 3172
-439 1093
1136 3146
-835 1496
134 1114
-1130 2232
-400 1432
-701 2013
-414 2548
-1522 459
-820 1522
-905 1268
-448 1223
-838 702
-1704 1384
-1084 237
226 851
-219 1104
-1105 2946
-976 1923
85 1881
-475 1463
-205 2503
-1152 1612
-1036 -148
-391 1286
204 2237
-1403 1939
-130 1758
-1353 2045
452 682
-2631 1321
746 816
-1445 118
-1057 -2462
-187 -797
-707 650
-379 -931
732 -119
-786 -634
40 200
-639 -5
-814 -548
-460 -619
-534 -1729
1324 -702
-701 -39
1018 -545
501 295
-1796 -149
-165 573
-1337 -745
-574 -686
827 -785
-59 -1029
-41 538
239 394
1053 494
-56 -21
-400 -907
-33 644
-503 -28
386 -7
-1043 476
-409 -843
504 -827
129 1147
-1070 -434
-936 -277
-1168 -524
571 -823
721 -1366
850 189
-121 -617
415 88
-1086 -626
-56 30
556 553
468 532
-284 -280
-488 -582
113 131
-62 385
236 -888
71 428
339 -450
1341 -424
511 -828
587 -332
1316 -856
573 654
287 -812
1202 144
287 -180
211 272
-544 -561
1105 -134
350 -206
585 -92
-918 728
177 101
-350 732
-264 316
-483 -259
1143 -610
-74 301
-135 -835
947 -426
203 1116
-1027 45
806 78
-752 -283
-49 712
150 -219
559 -615
-231 -87
533 169
-1452 401
-815 -1377
1513 1456
55 -424
-987 -533
263 -813
662 540
91 274
1019 -247
-655 -305
2 1473
400 -19
-842 391
737 155
-451 -99
126 -673
443 674
499 -293
-200 694
475 -479
134 314
-494 -833
184 716
946 703
214 209
-895 -750
-193 162
175 -788
-235 -1579
1767 -135
-1907 809
-27 -1380
-494 811
-93 -1209
2557 -664
-808 1812
481 -587
-1040 -113
177 -176
-282 197
898 -768
-605 958
-575 -9
63 1237
-103 -24
538 186
22 -1032
1163 1441
197 -539
-211 -858
828 122
-234 -351
-148 -19
-467 729
510 -360
-148 -766
570 371
-149 616
-130 -107
-442 -415
-1556 588
699 320
-1899 -804
275 -458
-230 -472
-151 -621
-85 189
-124 -81
-263 -468
153 962
-1225 1037
-611 -429
-1135 -297
-483 785
-53 -117
597 97
-1216 -415
5 -827
1735 7
-1337 233
879 465
-928 -670
-278 -1626
1339 1011
224 -1017
197 1066
-333 -219
3 -1510
1391 1083
-523 -127
866 -426
1102 -806
489 177
599 -88
-1745 -143
1708 -1615
-50 421
890 -494
645 -710
-351 -1267
566 455
-428 343
-1408 94
6 46
-130 -708
459 -549
-442 -648
748 598
-199 657
-650 633
-152 -753
658 -509
-459 1412
-674 442
-93 -515
-34 82
-134 -221
529 -752
-568 -123
100 -95
51 439
465 -372
-766 498
73 -126
-1063 -38
-709 -316
900 -75
-1184 -88
-623 -193
-135 345
323 -559
-13 350
-85 83
15 559
243 -1277
-74 -587
-155 670
-1133 -895
697 -31
-518 240
-102 -29
-1099 -19
-3 -252
-280 -398
1036 -112
-178 732
-318 318
486 540
-905 -318
-599 119
-921 -653
-671 -340
-1352 136
607 -961
476 -635
81 880
429 70
1132 -1231
1204 441
102 430
92 267
207 -245
-361 651
-71 -1500
765 896
-99 154
292 -1432
331 484
1 171
38 456
610 -116
-301 505
-828 -236
784 268
275 -1031
-119 1577
-259 -1507
-486 404
-801 -487
179 -20
-134 -517
648 204
-1054 1304
807 -579
499 1086
-1284 -242
181 -567
145 -381
755 -1334
-352 1183
1002 -186
-257 1220
-552 10
-249 453
-53 -55
-34 138
-99 937
-195 527
1577 -467
-515 -538
-59 -503
1662 1226
-242 69
-976 584
596 -639
-248 540
-733 438
90 924
-581 -113
1173 38
1083 -358
-386 -1343
-701 -116
-427 -598
130 -486
264 -399
528 -72
-435 996
-171 -219
173 128
-501 -631
456 606
-945 -520
62 -504
-1220 -310
-178 -405
453 586
-1191 -1043
102 1070
-204 145
619 -95
-33 -716
-43 267
-64 275
-347 297
-905 -441
-196 -2748
-679 -923
-1064 -1980
-199 -169
-1215 -3195
98 -1992
-1148 -2464
-1666 -3057
779 -1810
-147 -1911
-1019 -4477
-1539 -194
2021 -657
182 -2833
-415 251
1698 -1861
2139 -1887
-2281 -2548
-1199 -1271
1298 -357
-190 -4359
657 -2342
46 -3087
622 -2488
-782 -2297
-1690 -2632
719 -1466
887 212
-605 -3186
35 -3370
633 -1624
-691 -4175
-1991 -1169
984 -1513
-1508 -5039
-1325 135
108 -3866
600 -738
1455 -887
-372 -316
2122 -2698
-1460 -2960
13 -2866
602 -2124
3 -3333
-265 -1366
-493 -1893
814 -1297
-60 -2591
950 -831
999 -3773
-1230 -1604
-229 -1847
1626 -2221
-1558 -2823
559 -1425
-537 -3646
1949 -4327
-1123 -512
-2155 -3489
-923 -411
968 -2214
2006 -3708
-986 -1992
2121 725
7609 -889
3848 -3447
1106 2321
5102 -664
3111 -3800
1746 -1400
2753 1834
4069 -1841
3097 -120
5123 1127
2629 -1546
2752 -391
3367 1305
1676 -2243
3046 1094
4531 927
2907 -1434
3359 3500
4348 507
4661 -1232
3690 -498
4130 1731
4060 866
3659 -672
2849 -590
4853 3531
1612 -30
5223 895
3457 3852
5671 -576
2212 -1104
2924 3056
5635 -373
879 797
2370 3070
3557 -502
3413 3848
2003 112
-197 1309
2508 5072
5917 1426
2955 862
3071 1195
3628 1073
1679 2791
4273 3224
2292 3220
3829 2148
1992 3183
3013 3159
5020 4331
1903 3575
5565 3351
3461 2272
4794 1046
3259 289
2521 2723
3318 2638
1460 2854
1451 3207
2343 2713
1893 3390
3068 1867
-264 1192
833 719
1009 -455
-21 1314
521 -1328
2242 -461
2384 2389
1052 -1086
243 -911
630 560
-390 450
-1288 785
1846 432
-26 1541
-93 -1905
-23 2970
399 -358
339 1914
-385 2095
706 -1233
709 1097
631 2021
-1070 397
2265 -748
-978 465
111 -720
-1138 1505
1708 302
553 549
1628 -154
-586 1296
481 -2408
1514 1999
-58 -2021
876 393
-162 1334
1183 -335
946 2224
884 720
-1016 -487
1227 2733
1461 232
532 1527
-266 -686
1669 1549
1642 259
544 1313
-1579 835
-890 1862
98 -873
-372 448
-894 859
21 1234
-801 749
-927 248
-1111 3783
-375 2393
-999 1656
630 1447
-1064 1852
1745 -275
-1533 1747
4188 921
-2594 1185
803 -1001
-1649 2023
-671 713
661 -319
827 1596
-1520 -826
1287 576
-498 -465
-282 128
-873 -534
-1325 566
358 2657
-3183 303
1498 165
-1878 724
-1820 1038
1465 142
-587 112
1293 2197
860 599
-704 545
-376 1503
-57 -1184
56 -1154
-3173 483
-280 689
2803 1654
-493 -702
974 -846
-613 -1
-55 -198
-539 1683
796 1870
1014 -1519
1431 -197
501 1122
2182 455
115 -396
1007 595
-1599 -1255
-422 -26
-571 -988
1884 235
978 -995
348 -1418
-1241 -2227
-996 1545
445 1586
176 -596
103 -738
1316 686
1440 -2004
-658 -254
-2755 175
743 2419
-497 21
-622 1773
-109 -1703
361 2227
425 -1108
1246 -450
914 -1490
781 -1
478 -981
953 -895
-2053 -856
1215 -741
-1135 746
-310 -750
-1372 -51
-558 2207
-2141 1849
1432 -73
1483 268
-95 301
-612 -1703
262 677
-1300 -517
993 925
1639 -648
523 -1443
-697 683
560 -1198
-716 -321
844 329
600 3473
-2424 -2797
-256 673
1497 498
-273 1074
-775 -535
-671 -970
-2029 786
1017 1602
396 -1312
-1954 346
2418 -277
-633 18
653 323
1286 1107
1623 -1018
670 -190
-633 -846
-1055 -596
609 -988
714 966
-502 -2098
375 -388
504 -1459
1460 697
305 -1772
-1558 -1339
854 410
-2273 -1057
1590 -2093
-591 1053
873 -1826
149 241
-3050 341
220 -1704
-501 843
906 53
-899 -616
-903 -634
-2680 1441
1060 939
1736 321
-867 -1113
4 191
-1509 -82
1236 1140
-1085 -2572
34 -322
-302 519
-2750 -659
3 258
-1522 -296
-433 -267
-1153 1722
350 1654
3 -629
465 -119
-1861 1333
-702 2536
2650 -808
-2182 -253
1381 304
-1386 141
324 -649
-486 1374
537 -110
-108 615
558 1298
993 -1926
1716 -1984
101 1616
1689 -8
-295 -2969
-470 506
-1755 -155
2636 -1102
-666 1381
-1141 932
2940 -1237
-1726 -2379
-829 51
322 1396
-3200 -1271
736 2562
-812 -1871
210 713
286 1406
-1061 -1354
1523 542
-1742 58
-1983 2237
258 546
-375 -593
3230 -634
-2101 1845
2212 -534
159 126
401 623
2588 202
-974 -1318
957 -660
36 -128
-1577 -783
-99 321
224 749
155 1284
-1990 -1351
-944 -549
1458 -770
627 2594
-325 886
1028 -3613
0 71
39 -806
-28 321
460 -72
-913 1812
707 226
124 411
-1404 239
-1102 1119
1186 -1134
-83 -396
883 -202
-18 772
-2680 147
1446 1390
1291 798
751 -1219
-1057 588
747 -390
249 -695
142 -1459
-2418 518
16 1069
-933 -814
1814 1366
-3017 -64
862 227
-32 -257
2311 -1247
-1068 -1723
-277 -419
-2264 -17
-539 -1302
-96 14
-874 -283
-425 -309
-529 -782
126 1955
75 -645
2514 -806
-1484 1074
1508 80
-781 -3529
-1969 -1000
-2074 1780
-1315 -536
844 -524
-457 -1047
676 44
640 -1652
421 2218
-81 -2174
143 -304
-301 460
418 -1108
-119 -881
267 -806
-1304 -1193
-289 -1650
1888 67
-1337 -612
-746 2391
1446 -1821
-324 1979
544 -1579
495 -326
-992 -135
42 1467
-855 1130
1571 -2891
-1555 431
-716 -788
1586 1800
321 1076
-295 71
810 1656
744 -2941
-1565 411
-132 -1973
108 1513
1167 -156
-528 108
-582 -317
166 261
-1150 -168
-2632 965
1327 927
461 2155
-1466 -1073
-289 1183
1472 204
-605 1113
-818 -420
976 573
168 -470
626 -92
-863 -399
-3159 460
801 2392
1516 -917
1590 364
1616 214
321 -1338
-807 274
233 -1244
-526 146
-610 16
-181 713
-1090 -115
1047 138
-786 -632
1645 -378
76 596
-1490 -44
928 747
-108 -1142
-400 -64
-1070 -65
1695 1961
730 878
518 1064
1248 -234
2932 286
3502 1251
2615 -1591
4016 -1570
631 -1197
495 517
559 1108
2030 -520
4609 -238
1555 -1208
808 407
2710 1658
4832 -3663
576 -2531
1973 -465
2037 -3351
-1155 330
-990 1507
4274 1406
517 -486
-2765 -1495
-1394 3364
1480 826
2136 2937
1741 2152
1309 1812
3067 655
2597 -926
1490 -1474
114 3174
2104 2204
-124 2399
1724 4857
5534 -111
1034 -473
3020 2234
2295 -4136
1301 -58
2684 -699
-1439 -493
313 -991
-995 943
2072 3004
176 2164
1001 3169
1495 1404
1554 -5
1257 -139
1682 -436
504 1219
218 -390
1457 3165
4100 -46
2237 -193
-822 2465
4410 1316
-218 1431
2859 3348
1743 4777
3040 587
4626 3494
1216 -2548
504 665
-1336 2701
2468 2072
3848 -4778
-2286 -2397
1728 3393
4728 -3188
1161 -1585
2890 4505
7802 -20
4213 -3581
3776 -832
4265 440
1691 278
3026 1083
4678 455
2925 -637
4875 1921
3110 -2294
2203 -2890
3195 2811
3025 -3109
335 -1845
1611 1746
4232 1610
3245 -646
3503 -1576
3242 1261
7109 -485
4872 -2824
6577 -218
4242 -2294
2419 -2390
1472 2159
4846 3537
4317 -1339
442 1201
6087 1343
3110 -253
3645 2856
2994 -794
4165 2477
6220 -523
5009 -4885
188 -482
3176 3221
4132 1046
4752 2702
6533 -1255
-1026 -2200
2292 821
2636 -941
4751 -656
2684 -910
1192 -2039
3560 -910
-139 -1160
1987 795
825 2327
2403 6639
2769 3946
3075 3063
3899 -225
4165 1679
4904 2461
2883 2222
1438 3195
298 -532
-119 159
-467 1163
1655 -839
362 1046
-482 -633
-729 -1466
-1550 630
885 2421
820 2208
2586 261
67 -2679
-1774 -2220
-252 -1447
1323 2888
2292 -1796
656 -338
-364 -788
-774 -2567
-787 453
-15 -496
-524 -1178
223 165
-801 1000
506 169
1344 1466
3582 187
-2701 -1303
-589 -710
-2528 70
-533 -1728
-872 3112
-1435 -1774
-1694 2263
608 1773
-157 340
968 1187
-863 -1685
652 -711
2247 -1117
-839 -1468
-2066 1602
209 -406
121 2799
-2919 -199
-515 2020
-951 3005
2325 2091
839 -2305
776 610
1757 -224
2325 -1710
290 -2757
-344 -1348
3085 -426
2282 -3606
-1008 -3722
-2339 -2645
-1272 -727
912 -1452
-2223 1238
1235 -40
-4196 -116
1354 -401
-119 1792
3407 994
-639 582
95 -314
-1483 -1176
-69 1608
-2530 196
1200 295
-431 -1382
1239 2038
1768 81
-917 -1266
1472 -323
-2387 -408
2092 -194
2715 -2583
507 -1090
1476 -2612
-679 -4506
-959 -290
-549 262
-159 -3449
-853 413
-1008 1057
3920 -3458
-534 -2272
-4870 -2440
1590 -29
-827 281
299 -1038
1430 -1811
844 -2780
-2239 -3186
-3245 -1038
-397 863
1076 -3033
-1169 -818
-150 -34
-4433 -219
569 1086
1222 1021
1641 -225
-543 -1574
-2126 439
-2350 978
2407 3024
3647 -3268
951 -4026
-640 591
1583 12
-2296 -1946
-728 2593
1696 -164
3412 498
-885 -4121
604 -1547
-919 -3491
-156 1484
-1229 -3086
-2098 -149
-2576 -515
-665 2100
1884 -229
-1597 558
-1905 2057
2929 2011
-683 226
1526 -227
1156 -1172
2382 -746
1335 -3144
1498 -2069
-3344 -1084
-3887 498
-1802 1461
461 1671
1968 -461
2006 -436
-840 -1881
-3159 -1252
-1322 3512
472 -593
-902 2450
362 -1160
-135 -814
-23 -3179
1868 2213
-325 -729
-1985 518
-156 -98
600 -864
639 -327
1583 -1851
-2385 -4549
-2640 362
2163 -961
-3473 -329
495 -107
-435 -1676
-3162 -1681
-3644 1473
-1644 -278
1312 254
1850 1221
-1718 1017
-102 -1213
-930 2038
-2303 -641
-777 205
-2337 -454
-532 3406
2664 2820
-1215 1394
759 672
-608 1559
1055 514
-926 2327
-1145 2273
1490 1068
-519 -226
1378 270
123 -412
965 348
2483 1132
3906 -1781
-188 -3409
-1740 -1883
1104 -1214
-477 -200
2384 679
-2209 -72
-154 706
-2356 365
-921 2145
2478 1134
-734 1270
2339 2000
472 596
1047 -120
-899 -1315
-2705 717
-830 512
3306 -1741
773 -4242
-2993 2558
3447 -393
-97 786
1554 -79
-1812 840
-814 -1727
-1539 702
521 -1535
-1354 -2501
-2892 532
-1148 865
527 -2316
-2085 367
1936 3957
926 -930
2137 -1402
-3727 2747
851 -1174
-1009 -2400
-3500 1173
895 3515
4046 546
-849 319
3961 1315
-806 -3737
783 -173
300 -2443
-1174 -267
-1392 -95
-1615 -1033
2385 1073
1236 -3865
-1752 -3084
25 289
-2104 1002
1250 -1078
-4717 489
-507 727
-1101 -929
-3414 40
730 963
117 197
3895 -349
2441 735
-104 -133
-1008 -714
958 -1440
2489 1187
3171 329
383 -371
-933 -3059
-670 -215
-1419 4153
918 -1107
-300 4011
770 245
170 2746
504 -61
1009 868
382 33
2766 -250
217 -1414
-350 2338
372 2018
975 1176
566 221
2488 -41
-1495 -1930
-3715 74
-1219 4126
1147 1913
-882 1294
-5 1639
280 3064
5401 954
-1329 -1270
1032 1513
-709 -934
3944 1032
-1544 -1909
-344 -102
-3166 1571
1026 3622
-137 3332
3290 643
1291 394
1274 -969
1920 -1617
2261 -1575
1285 151
1559 -2086
1327 724
-2854 697
1390 872
-3550 262
1818 3847
1763 2218
1796 -1658
-1268 -1752
-1995 -1329
185 619
-1684 -311
13 601
308 -1550
674 1293
314 -1515
-330 -235
-1554 205
-199 -411
-858 40
1474 1010
1824 2378
-782 977
714 902
964 -2775
-2685 624
9 -82
-620 3167
-417 1501
857 2627
27 -921
-705 -965
-593 3062
952 1182
606 624
163 -2698
-687 57
742 366
-3708 -217
84 3639
964 -340
383 410
504 -936
-1172 -716
1302 399
1267 1129
951 -1996
1889 -694
2282 -1267
-1618 -1150
-2892 -3718
-510 639
490 -2713
-1727 -991
1246 -881
1538 -765
-2237 -2879
-1461 218
-439 567
205 1411
4357 -1620
-1207 -3186
-2236 1918
-2732 -398
-1803 396
-1028 2562
-316 -1788
1115 583
2657 -708
1307 -1403
1740 -1293
1416 -2255
-955 438
2481 586
-1410 313
649 -745
1905 -2672
-360 -67
433 -421
3070 -797
1297 -439
-2871 -3761
-1136 -1296
545 -3054
-593 -1174
-2411 -1057
