1560 -444
-2 4
-25 -25
-17 17
-8 -25
-3 17
-23 41
69 14
21 59
-16 -25
-10 -6
-18 25
-42 -49
17 32
6 20
-28 14
-47 34
-35 -26
26 45
0 -26
29 3
10 -26
28 -68
-20 -19
-5 -46
27 -30
-5 -1
3 3
47 -19
-36 47
-5 -7
-13 1
11 7
4 -1
6 6
-12 2
-1 -3
2 11
-1 -8
0 0
2 -3
3 -2
11 5
-6 -3
2 1
4 -25
-15 -12
37 29
15 -22
-10 21
-10 23
-10 28
29 45
17 -41
-21 -22
-63 -102
-31 -37
-26 128
67 3
53 48
44 -63
11 12
-49 -1
33 -38
343 1446
131 -29
47 -110
-5 65
-17 -58
20 30
-14 -2
30 -70
-18 5
-24 -20
35 19
-1 -16
-8 -59
9 -24
20 8
36 10
54 -29
-1 -35
-58 -31
10 2
-54 -3
-41 -34
-51 12
18 20
-15 12
17 -12
46 -13
3 14
-18 33
30 -11
9 -30
-13 4
-31 -7
-4 12
4 15
-6 1
7 0
6 -3
1 -3
0 0
-2 -4
3 -3
6 4
-12 4
-14 -1
10 -8
14 1
22 13
1 7
-19 -10
12 5
15 -22
-7 -4
-2 -24
-18 45
-1 25
49 -76
53 -61
-26 -16
-77 51
-5 -71
-36 49
-1 13
27 15
2044 459
76 -290
67 25
72 53
-94 65
-26 -50
-6 -28
-57 26
6 15
23 16
13 57
-24 -7
-47 18
61 24
7 -34
91 -6
47 -10
-11 -34
-22 -41
21 20
63 -15
-2 62
16 14
26 -29
20 -12
-10 -52
-31 -32
-22 -3
-20 3
5 -31
-36 24
21 3
10 7
15 3
14 -12
-2 -2
-3 -2
2 -2
2 -1
0 0
-1 -2
-1 -2
0 -3
-6 9
-13 5
-7 -12
-12 -6
-42 -9
29 15
22 -43
-11 2
85 2
-15 -70
-1 11
-90 49
-24 -40
-71 21
3 -28
-22 -72
8 46
12 58
7 -21
93 14
48 11
823 60
-38 -107
-30 -81
83 -82
-4 -64
21 19
-3 -67
-15 4
-1 -5
36 -27
-8 -3
43 -30
19 -10
-9 57
23 -38
69 -3
-13 -5
7 9
25 -47
37 -13
-16 -27
90 10
14 6
3 -37
-8 23
16 -11
14 20
46 -11
26 0
-44 -16
-8 -29
19 25
-30 -7
-11 3
2 -26
-3 -8
-1 -3
1 -3
1 -1
0 -1
0 -2
4 6
-8 4
6 -7
9 -3
13 -40
-22 -10
5 -5
15 23
9 18
-16 17
-13 5
-12 65
15 -59
17 -59
18 22
-24 -24
-69 -93
-65 -16
66 14
-58 -8
-82 -96
-23 -53
9 12
-16 57
-1 -50
17 -80
4 19
17 -28
34 0
-62 7
52 -37
37 1
-47 -23
70 -103
10 4
9 -12
7 29
20 12
8 81
44 -1
-15 46
69 26
-35 48
6 -31
-59 -18
14 -41
-6 12
-70 25
-12 3
22 -41
-18 -35
0 31
-17 -1
32 2
15 -23
-11 29
11 -13
-10 -3
-4 -4
8 6
-8 1
-1 0
1 0
2 -3
2 7
13 -1
2 15
-13 5
-3 9
2 23
7 32
-20 -4
3 -3
58 -9
-9 50
-50 -9
34 36
36 -40
55 52
43 41
-21 52
45 -38
62 -10
-64 34
23 58
98 37
-33 16
93 -87
2 -6
-2 -15
4 7
33 38
49 0
14 16
24 -33
-25 -10
-22 -13
-3 -32
21 -48
-20 -25
-10 -3
2 -33
44 -29
-11 24
-9 -21
-6 1
-21 -66
43 -9
20 0
17 -3
-9 -9
-12 -30
18 -10
-29 43
-20 -4
19 3
2 -2
-37 6
3 10
3 -10
-3 -12
6 16
-5 15
0 0
4 -3
0 -1
0 -1
2 1
-6 7
-9 -4
17 9
-4 6
22 5
7 40
4 -34
-9 -7
5 -8
23 -2
41 18
-29 -34
-40 -16
-24 -7
42 6
-59 -11
62 44
-30 -128
-55 20
-61 -65
-139 27
10 37
7 16
154 -22
8 8
-7 -9
9 -25
15 10
45 -16
38 29
43 16
22 16
20 5
-39 -23
6 -16
7 -11
-2 -20
19 22
-29 7
46 -61
-12 26
27 -21
-20 9
-41 9
-44 8
-50 -1
-1 -33
23 -13
-7 -15
-31 -15
-15 -3
-23 -16
16 -8
39 0
6 9
2 3
-10 -7
-1 -1
-7 5
-10 -4
-1 -1
1 1
2 1
0 -3
6 0
-9 10
28 12
15 1
26 -12
-5 -24
5 18
-21 -34
33 65
15 -20
18 33
-20 -54
36 -10
-6 10
-65 -13
-7 46
12 -21
-13 -11
-93 122
4 -47
25 -26
46 45
7 -76
32 34
-2 15
13 -23
-6 28
5 18
3 -39
-45 -11
38 -33
-22 24
-1 -17
-43 -42
-25 50
8 3
-20 44
-19 -28
-61 10
30 30
-35 31
11 -35
-50 11
23 -18
18 29
64 13
29 52
-17 9
1 2
-10 -22
-7 -12
23 -23
1 -4
-24 -1
-32 25
8 -6
2 -6
-10 14
11 -9
1 5
3 1
1 0
2 2
-4 2
7 7
20 -6
-4 12
20 10
11 7
17 -16
40 -22
-9 6
31 -16
37 17
56 -75
24 16
-29 68
63 -42
-17 0
-40 -53
-29 2
-11 -23
42 38
-59 26
-149 -79
-28 49
-13 -3
-4158 -50
37 -14
55 6
3 -62
35 95
94 -47
5 -90
-158 -7
-76 -55
37 88
-39 19
3 -65
77 163
-12 -72
-65 -62
76 42
87 -98
115 50
-53 -106
1 82
-91 -18
9 72
-162 266
58 25
58 153
-155 121
22 -22
-71 -1
-201 87
170 -251
39 55
84 -17
-41 -36
-42 4
-75 -35
142 -23
25 60
-55 -237
30 299
-59 -228
104 -111
64 -42
138 72
-70 -35
15 24
14 -146
-67 -67
150 89
42 -124
9 63
-41 72
-4 45
14 24
-13 -96
-66 -26
-66 -133
4 47
-26 99
79 58
-61 44
37 -93
-40 -5
23 179
12 12
-558 612
-126 -110
-36 144
-5 -101
81 52
-66 -12
32 18
-134 139
-1 13
23 47
-51 -62
-31 93
21 154
-62 84
-56 -88
-150 -43
-112 92
47 76
135 78
-40 60
183 -12
193 133
242 -57
-89 -56
47 -13
-78 106
-218 48
-46 -65
76 -138
-161 43
-64 184
100 -33
201 50
33 -104
-10 -153
75 -17
-100 10
-127 78
-50 128
15 58
-68 -163
59 -51
64 55
-119 17
-93 -21
67 -52
75 4
89 15
6 7
-47 -63
3 32
14 -55
-25 60
18 0
-105 47
-6 54
34 -121
-15 -11
10 7
-19 -29
131 -57
119 78
65 120
49 3
134 -149
-144 381
-10 -45
-46 -56
215 -4
35 139
-28 7
115 -65
25 -113
-112 -6
-49 -132
37 -12
126 -120
-121 -33
-38 101
-257 0
-142 32
26 162
60 147
-96 -55
-215 47
2 -198
-78 -77
-70 111
-71 84
-7 223
147 155
147 36
93 -23
-51 177
184 -147
-115 -2
-63 -56
-120 5
-120 109
37 25
40 38
-46 47
-109 69
-106 -2
-34 -65
-18 -42
9 -32
-56 84
-85 19
-27 -64
-71 -27
-154 -28
89 35
34 -121
-26 50
138 -29
-73 -98
-41 -58
-21 99
-17 -77
-83 70
96 -41
-90 -82
11 -7
-52 -2
-11 32
38 1
14 84
-780 -41
-91 108
-49 19
-124 156
-12 101
-41 -4
42 183
-36 -19
28 75
-104 68
12 0
-98 34
-63 42
1 -133
-23 25
-208 -45
59 11
-48 -3
-45 118
-73 22
57 73
-305 -17
-41 -14
-61 150
58 -81
-63 48
-73 -97
-246 48
-144 -1
223 99
36 145
-122 -163
252 69
92 -30
-7 255
33 105
24 64
-24 76
-67 47
-50 -110
-2 -61
75 93
-93 54
57 -63
65 -20
52 -184
-71 -65
34 -10
79 33
19 55
-48 40
-82 14
-45 124
0 -109
-23 -113
18 45
-41 24
27 -149
-55 11
-1 -11
-57 18
-50 -58
33 35
-5 73
25 -34
25 103
-43 223
38 -81
-74 33
-75 -44
165 4
-218 36
-69 -37
129 16
-192 173
-57 7
22 68
-6 12
-53 -75
-58 -264
-144 -28
41 -68
-204 -132
78 -138
16 95
187 85
-95 110
-2 -20
271 -140
12 -4
-104 204
82 173
-6 -179
101 31
-204 -9
-76 163
83 -203
-129 118
98 57
64 55
-147 -102
216 -19
77 37
66 -37
52 -88
28 105
139 -14
21 111
-79 8
-27 33
-2 124
3 85
-28 13
1 -24
113 -2
-46 67
-89 -23
-11 84
9 -59
66 71
-77 126
-23 114
0 -4
66 -51
-68 -29
-34 -57
47 -28
34 21
-69 -166
42 -145
22 28
-19 -59
-44 -71
-79 -25
-31 -53
-42 68
25 -2
53 -1
-5 88
-86 134
64 73
-36 16
5 124
-119 81
47 -126
9 33
-8 -3
71 215
-140 -14
-43 -65
-103 52
6 25
30 96
-62 79
155 -212
67 23
-138 -8
0 45
226 -6
-22 -71
-46 70
18 124
-46 -177
70 -198
-1 -7
-110 81
42 72
2 -98
46 26
-83 106
-85 -32
131 66
-16 19
123 17
33 186
10 -110
-35 8
33 -24
43 18
78 19
-69 -81
-14 3
-12 -12
79 -40
-121 -45
48 27
4 -82
-86 123
19 -128
59 -4
119 -21
-65 76
306 -149
27 65
19 22
8 77
-29 -87
-106 9
-120 -25
-107 -59
-46 -31
-39 14
85 60
12 75
-25 3
14 5
-11 -48
70 -13
-90 147
22 -98
-117 77
80 3
163 -13
107 -3
151 -19
-8 143
-114 26
8 83
121 62
55 -30
134 110
-81 60
-250 0
-49 -82
-9 4
97 87
8 -5
98 -75
192 70
30 48
-148 -89
120 52
3 -75
83 6
-98 94
187 115
87 2
136 -42
-46 -98
10 82
-34 -67
130 169
47 -47
38 75
-14 -129
50 -29
13 -44
-68 -88
47 76
-92 79
-64 -93
-35 38
80 -97
138 -18
24 -51
25 -69
28 -2
16 -169
-41 79
104 -103
8 -67
8 67
49 32
-160 100
61 -76
-18 64
90 119
-8 -138
-15 88
14 -162
65 43
208 -69
-94 -12
98 -74
-19 58
129 -64
-46 9
-121 -109
-296 -9
-112 -215
68 -18
18 -25
84 109
34 61
-128 120
37 47
125 13
210 -176
-55 59
5 59
116 -161
-165 135
-27 -88
-92 -46
-143 -55
107 97
-89 47
91 97
193 -59
-24 75
97 70
30 47
76 -66
136 -83
-44 2
67 -11
48 -45
86 -174
58 24
-15 180
42 -57
-98 24
-66 41
65 51
-42 16
90 -17
21 24
-40 -41
-27 36
-3 -85
185 949
-48 34
-28 36
26 45
-66 -71
-153 -37
39 -52
92 -42
7 -104
4 -117
159 57
115 83
37 -274
-45 69
84 61
-7 -190
12 26
-110 56
-39 -4
41 -37
80 27
-111 -38
341 -356
-50 112
-185 -80
283 -176
-2 108
325 -27
162 -87
-112 345
-76 -152
-124 89
-180 -27
105 44
312 -103
-239 8
-87 -241
148 336
16 -428
216 403
-112 51
114 78
-244 22
-92 17
-7 134
-104 234
196 81
-275 -309
-93 34
165 -92
-7 -82
68 -140
-143 -264
-110 65
-15 170
379 449
175 182
127 -410
-269 9
-192 -133
-63 207
-115 -108
167 69
-124 185
1203 -1046
76 87
23 -17
59 72
-43 65
87 -123
-36 -37
177 -47
95 -100
67 -17
11 34
65 -154
-91 -116
115 -66
53 296
214 43
34 -130
-173 -77
-33 -50
31 -166
-166 55
-351 -240
-420 106
142 3
-17 -145
140 -303
305 -18
173 106
-77 81
208 52
145 -305
-258 72
-194 -67
-26 204
-164 300
-116 18
78 -104
172 -224
-39 -221
-14 -173
201 319
-201 216
-201 -73
61 -232
182 -62
-37 49
-61 -8
-168 -229
2 -116
191 -37
-114 16
-145 65
36 53
78 126
-23 -248
6 -40
-219 290
-223 186
29 -55
301 -139
153 172
119 -90
26 -28
-36 -37
802 -1160
93 -202
-67 -19
-43 -34
-191 -130
10 -131
173 80
46 31
-102 175
126 -77
65 84
36 79
-112 204
24 -25
90 1
180 47
129 -110
-47 -290
-17 -156
186 65
204 -85
34 132
107 123
-5 -127
129 -192
137 -271
-209 -222
-327 -116
-102 58
161 -260
-133 224
71 -93
37 128
165 -185
72 -148
-190 -1
43 -167
69 -152
306 -143
284 -44
-257 185
-44 -4
54 65
39 -65
157 -167
136 125
67 93
334 79
-181 -143
-226 266
32 86
-463 -101
-44 370
9 -197
478 -149
128 204
209 -58
30 42
-37 175
37 -170
-109 -272
-42 127
-184 -58
-34 41
595 345
209 -69
188 51
67 -60
33 21
-65 57
-74 -88
133 -4
-33 -166
87 -36
-19 14
22 59
119 -58
19 98
-69 106
138 121
-64 -11
80 -34
-22 -25
-47 20
-55 -37
342 12
13 34
156 -256
-50 39
51 -47
129 180
371 -77
276 14
-254 -218
16 -75
147 236
-519 -217
-120 88
-53 -326
-7 -195
-92 -237
82 -154
191 7
37 99
33 265
-112 -274
145 -61
-40 50
-83 29
-233 562
306 -14
15 15
-12 -258
-66 -58
105 -147
-44 -36
42 -309
-57 218
-107 296
-134 -45
14 61
236 341
243 98
-226 -84
118 -69
140 240
49 197
34 6
28 -84
-46 69
-4 -140
-53 63
88 90
-8 89
-143 31
284 75
38 73
-104 10
195 50
132 -15
-139 -100
-8 -184
33 118
34 291
51 66
-58 -132
136 178
-14 51
-136 -69
-141 -119
203 -3
68 -59
-276 253
106 -70
119 -325
-52 -226
15 297
-156 -138
326 -23
-15 -268
-93 171
409 -213
-104 -313
-249 -169
324 53
-387 142
-48 -103
-172 127
-231 150
-131 -233
-334 36
24 -320
186 -195
-25 -202
-46 -80
-125 -361
268 114
-83 -27
-427 70
-96 -300
266 -41
-311 -86
-258 149
-170 -147
-233 -118
63 -151
-113 66
-12 44
129 -120
-120 -120
-183 -86
-82 -70
85 22
-108 -38
-35 114
4 170
-76 -49
-60 74
8 77
71 81
90 89
-33 128
60 -63
109 -127
-73 -26
146 13
5 -157
67 -102
-89 258
-16 74
73 -38
-72 -199
94 147
-80 221
236 -204
63 -2
78 -22
-1 -189
-282 320
-3 -31
300 9
-66 -240
-279 -158
33 110
246 -85
20 -309
-54 368
-108 276
-137 31
79 -161
-159 -6
106 208
-144 -63
170 -116
261 115
-251 -147
119 -190
-158 -92
-33 -284
-71 289
57 202
-17 83
-94 101
-157 -80
114 87
208 77
53 65
-103 -150
72 -29
-166 -112
54 336
208 -5
242 149
338 -85
-11 -153
-55 -16
340 -23
-121 83
73 84
-95 -29
-30 189
34 87
62 -126
94 103
62 10
-3 -62
29 -36
-84 -138
62 79
-69 163
-57 -2
-6 4
-16 -93
69 139
164 -133
-173 -76
-166 6
37 -88
-70 120
59 -201
204 60
86 -124
-96 -59
17 184
-239 -217
64 -115
385 16
98 213
-28 -185
-171 -284
-11 178
-214 105
-339 -45
-38 -117
235 64
-332 -79
-27 208
-225 -9
114 -186
-575 9
-185 -46
-207 180
-87 219
-68 -89
236 353
-99 -402
-75 100
-56 -106
97 171
-232 77
121 -153
230 9
97 -236
-158 183
-48 59
165 -236
129 209
-87 9
-128 -154
-49 129
16 30
72 -188
17 3
-193 62
-34 87
-50 37
96 -29
225 -91
-120 58
11 -65
-29 -112
125 66
-9 -213
99 190
-65 16
-206 184
59 -155
-25 90
-53 73
8 85
-3 152
245 159
485 -161
85 246
-21 -17
-97 78
-209 -178
-31 -71
209 -131
-248 -142
-55 -47
-243 207
38 -142
-151 -125
-251 288
321 -210
38 -77
47 9
177 17
-106 -368
152 -81
-186 -94
-294 56
80 -281
-341 -43
-179 5
-110 138
-299 171
-6 -92
-213 188
-215 -268
-357 323
-141 -50
166 -144
-317 173
-38 17
112 218
204 19
-29 73
-52 -113
202 -35
412 257
-88 -158
3 -79
-2328 -2633
-34 -65
-74 -33
37 123
-9 -113
8 222
-40 396
127 101
149 164
-142 65
-162 -179
-163 -78
-175 232
2 -63
108 7
-157 165
-123 150
-21 -237
225 201
-179 -95
9 19
142 22
-242 199
95 -238
275 -151
-151 248
-133 -144
-524 6
-77 18
-154 -225
-32 259
51 -273
464 121
-98 -231
-531 192
-2 22
116 278
-176 -230
-53 296
-334 -307
15 -60
-252 -52
139 -128
118 42
-1 -217
96 -271
-89 21
320 573
301 268
-338 248
-41 127
-206 337
567 714
393 -216
-30 37
-276 -524
-285 -560
-169 821
205 -209
549 204
245 -162
128 7
-202 -444
166 -237
-2003 2980
-18 -29
95 -238
-24 80
-70 -195
-7 145
-33 30
0 -186
-94 176
-205 -43
-72 103
-27 60
156 -50
8 -108
24 -388
-44 87
67 72
252 99
-120 -40
83 84
-113 -11
277 234
307 -54
-53 142
-99 384
-186 360
-139 -73
-230 -137
174 47
-128 -292
-134 276
341 -26
53 110
-101 -246
195 -278
71 54
89 165
-150 397
218 82
14 300
-288 -395
132 -376
400 21
74 345
-210 69
65 -30
128 19
152 393
-12 103
-81 118
335 -82
138 -133
59 -487
-63 -432
196 245
64 7
301 -258
440 -556
-245 -352
-465 406
-317 -370
-527 127
-171 -183
13 6
152 1011
182 -457
235 173
111 154
-98 197
-17 -130
-194 -55
-294 129
91 -59
70 127
2 48
-126 -65
-94 -43
168 89
-65 -256
169 -38
50 222
50 157
-63 -48
-182 -60
56 148
-100 220
100 -32
124 20
-252 157
-189 64
130 149
300 141
56 -58
-174 107
-11 -133
-43 144
-36 -155
-177 278
-37 207
454 -41
-210 98
-14 344
-379 261
-327 21
556 -49
64 -103
-185 38
1 -87
-181 214
-207 -187
30 46
-498 -229
419 190
315 -365
-114 -255
927 115
46 -665
234 306
-1027 243
-183 -34
-389 -142
-320 -136
22 -233
72 356
145 266
-6 -206
384 43
262 -180
178 192
-206 -135
-127 -94
91 -200
-73 -176
202 -85
-18 -253
-35 88
-64 70
69 -82
40 -21
123 -167
-121 -44
60 70
137 -194
216 -92
-119 5
-1 73
64 -147
138 -44
-12 2
-152 -49
45 -133
-70 289
-272 118
41 -14
-91 -211
-125 162
-358 -33
155 352
-119 -104
-61 -129
435 400
87 -112
38 95
4 327
244 164
-140 1
-219 -121
-20 -104
-84 -162
119 444
25 -28
-131 -199
67 -39
204 -852
-494 47
-144 -285
-104 509
141 180
33 8
232 -74
94 367
204 -275
339 -88
30 14
-84 -390
-649 -135
-315 -123
359 92
-206 -160
-240 -370
-244 -421
125 -12
-139 96
8 -275
64 -247
-6 97
19 -223
195 -38
-108 -127
21 -184
64 7
-113 10
42 -310
-80 6
173 0
47 189
46 -7
123 -42
329 -28
113 351
174 31
-53 177
217 8
-89 33
-141 -149
-72 144
24 -112
-203 212
28 257
-136 61
17 -169
78 193
-207 100
93 160
-56 39
-488 183
102 359
224 266
-413 62
326 18
-16 184
406 -63
369 -141
341 248
265 -35
67 355
-271 319
197 176
92 72
281 520
-327 -211
-46 63
436 -230
-62 521
-332 -151
394 92
313 -226
310 240
667 -83
-166 27
380 -348
273 95
-247 425
164 436
381 121
-329 -20
-54 557
76 179
-73 -213
93 -157
155 188
153 -115
23 -25
-151 -285
-144 -117
-45 -296
-78 -72
25 32
19 -135
-105 -56
-100 43
56 86
82 -229
48 -186
-97 125
-57 -59
163 -286
259 -154
-270 318
-65 -18
-271 -154
181 157
325 -213
-2 11
-177 -78
129 444
82 265
-42 -96
-432 72
-168 405
129 -275
120 -171
268 -32
34 178
236 -54
-217 -300
263 201
-295 -33
-291 -257
85 213
-242 351
121 18
152 217
-30 -413
75 -71
-149 25
336 -62
332 286
-79 -191
-472 -324
-344 -19
77 100
-176 50
360 271
-257 -629
-25 -205
-345 13
-888 143
-254 187
212 -128
41 188
-109 -144
-89 -67
84 -68
103 -103
94 -129
199 190
23 -63
-75 12
124 89
-212 -27
113 66
-32 -250
134 -342
57 96
-150 4
151 49
-201 -122
-59 164
293 105
-107 -40
-288 264
-108 -255
-116 110
-213 -157
-219 -3
31 25
-195 -169
242 110
30 35
-283 -75
-32 -186
9 379
91 412
-45 -308
210 -140
238 -133
-144 393
-19 -40
411 117
48 -117
337 -170
101 364
927 -139
225 49
274 -281
60 -185
93 -26
-313 -461
-95 425
-12 -170
176 231
-238 -163
101 112
-65 220
-357 218
-274 128
374 -429
119 208
-644 757
-23 25
-369 -175
184 409
94 -292
-140 -27
-65 425
54 -202
-139 176
-10 53
75 -192
-153 27
-59 11
99 75
118 -12
-22 -36
-104 164
76 31
-189 39
-12 -60
-56 -243
113 273
-178 -65
200 -188
-255 58
8 -254
-127 -172
-310 397
108 22
-214 -3
181 -116
196 162
-66 -8
-203 -17
348 79
-56 74
232 29
-5 107
185 55
274 -257
-283 32
118 241
177 83
-108 79
-10 564
-224 60
233 -13
328 -87
0 483
484 6
412 14
129 -38
300 36
15 165
318 -260
554 511
425 -267
22 185
-272 117
445 -206
152 -63
-115 -592
-330 -266
-78 -229
48 333
-431 132
-669 -259
-62 39
-141 196
