-326 -1560
34 100
54 72
1 30
13 -33
47 32
61 68
-4 11
-23 -12
77 31
-6 13
-86 50
11 -8
6 -9
84 -24
-32 -57
49 -36
-29 -50
-19 -23
-38 78
-52 -32
10 -7
-6 -46
-27 6
12 -6
-4 10
0 -52
10 13
-11 28
25 -16
-5 20
9 -17
-24 0
10 5
6 -6
0 -10
-5 2
-1 2
0 -1
0 0
1 -4
6 3
-4 4
-6 -6
-1 11
-6 9
-11 -18
-21 -54
8 -35
6 47
-3 23
49 -3
-7 40
14 -2
-25 -27
-23 -28
-31 -1
86 -75
-5 57
8 31
-112 59
-22 36
-21 -124
-23 104
-187 -248
-79 170
55 2
27 0
-14 94
20 56
71 18
-26 0
4 19
-3 9
-9 67
-18 14
7 -7
-23 41
67 11
38 17
11 20
-17 56
16 23
-6 51
0 9
-57 -56
35 10
20 -41
-16 -18
12 42
27 -10
-12 10
-4 30
-5 -8
-2 -6
12 -20
-20 3
1 1
17 -13
-3 -3
12 -2
-8 -5
0 -1
0 0
2 -2
-3 -6
8 -6
-5 -1
0 -8
1 -5
33 -3
-13 15
-42 5
-51 -38
-7 27
35 -2
-21 -31
44 -1
37 11
56 12
-36 52
24 -50
26 41
2 44
80 56
25 63
1 -5
85 -89
-899 400
12 -158
-12 -35
24 96
-25 50
24 -12
-47 -18
9 -17
22 63
-76 -49
-2 -41
8 6
-38 -13
-15 51
8 16
-3 -23
-1 -10
2 23
4 -70
-32 -18
-21 -77
17 28
-14 -22
42 -30
-44 -31
-10 19
12 -56
-23 16
-23 12
17 -3
20 -19
-13 -14
1 -1
0 -10
7 0
11 -14
-6 -2
-4 -1
1 0
-1 1
-3 -3
2 -2
-8 -2
7 6
0 -1
-4 21
-13 6
26 -33
9 30
37 15
-21 -2
4 -39
-4 11
8 -10
-55 36
23 23
44 -18
-47 -7
-72 47
-53 171
-8 56
39 -39
-33 -64
-14 15
-5 -9
24 34
67 -47
-90 -15
67 -50
44 -29
101 -6
5 20
-26 -7
-15 -13
-9 -26
-47 4
-27 5
-4 -22
16 29
-7 -1
-13 50
84 -20
20 -35
-9 -23
-49 54
-55 -7
11 10
66 -54
32 54
-9 -18
13 -8
21 -46
1 36
5 -36
-16 30
-19 -2
-11 5
2 -21
0 -20
3 -3
-2 5
-4 3
-1 -2
1 0
-2 -3
1 -4
-1 15
-17 -11
-5 -10
-9 11
-24 -27
21 -23
4 -2
-6 -13
16 -2
34 -57
5 -12
-4 51
14 1
26 -28
22 28
-3 -32
72 -69
30 -23
-90 6
-110 -25
23 6
120 87
-90 -74
0 0
8 19
-5 -1
-4 31
23 31
-72 4
40 -8
6 -41
-21 -36
-26 67
46 -28
-8 12
-34 -46
59 14
-22 -40
-9 -15
-37 -10
2 -15
-42 7
-31 33
10 -25
-38 1
-41 57
22 -31
30 34
-58 -18
-22 -29
-7 33
16 -7
-1 -14
4 -11
15 3
2 -10
-6 -5
12 -7
6 7
-2 0
1 -2
2 1
-1 -3
0 -5
8 14
-1 12
-17 -5
0 13
-33 3
-7 21
-36 8
8 -31
11 -4
30 3
6 -14
82 77
40 25
-57 -52
-26 59
-16 11
26 -7
34 23
-57 -3
59 -21
-44 -46
125 -68
-118 -245
6 23
6 -11
-3 -22
-35 5
-18 18
-2 15
-13 -16
-6 -28
14 -35
3 11
-23 27
70 20
-95 37
-20 -16
74 -4
-31 19
-25 11
-35 -30
-14 -5
-30 13
-21 27
1 13
-10 3
-41 -23
-42 16
18 6
4 -2
-9 -31
-25 5
9 -17
11 29
-6 12
-8 -7
-7 5
-4 -3
-7 -3
-1 5
1 -1
0 2
5 0
-2 0
-8 6
0 -4
-16 9
33 4
29 3
30 -25
7 -28
9 17
12 6
29 9
-29 -38
-26 -11
-45 21
26 23
-56 -7
36 18
48 -14
-20 64
101 24
55 -31
44 83
-40 16
18 82
0 -2
-31 -12
-18 -25
-13 59
-43 -41
-16 -9
-1 29
26 -18
68 -11
-17 64
10 -9
-39 21
-19 -1
16 23
-21 33
-31 20
46 11
-3 10
18 0
36 -37
-44 -2
9 25
-18 -7
-1 7
-10 24
17 -34
-3 50
13 2
-3 26
-9 9
11 -3
0 -17
2 -11
-5 -18
-5 4
3 3
-1 -4
0 0
1 1
-4 -1
7 0
-11 -14
-5 -2
17 -27
-21 -10
-20 12
23 -8
8 -23
54 10
-3 15
-29 -44
6 11
-7 2
34 1
14 38
85 -67
6 87
-35 -30
-55 -59
0 -22
-96 62
-113 45
16 -63
-6 3
68 -7
36 17
-35 65
-16 -33
-5 -38
36 41
29 93
-10 -22
76 38
-27 -17
24 25
-19 -29
2 34
-62 8
46 -44
46 24
-12 37
-66 -60
7 42
13 -15
27 22
-17 -25
-13 8
47 39
-14 -15
-2 -23
-5 -27
9 7
-26 -16
7 10
12 1
18 21
19 -7
13 -8
2 -8
2 1
-1 -2
0 0
1 -2
-6 6
3 4
-4 8
17 2
-8 6
5 9
0 -1
25 -12
-45 4
1 -58
17 2
-15 -16
0 -16
104 -22
86 18
-5 -10
-10 49
81 50
22 -50
68 -39
-55 68
48 17
-15 -82
-12 20
-1351 1443
-80 10
-28 -136
2 12
-24 90
-93 -29
-87 -155
-17 -6
56 5
-256 -124
-8 42
218 -99
-30 56
13 16
-221 31
23 174
-136 141
86 171
44 65
112 -248
149 95
-83 42
-2 203
63 -26
-59 40
3 -58
65 221
4 -58
70 -152
-134 104
61 -137
-50 109
191 24
-90 -29
-48 44
16 105
60 -26
28 -42
12 58
-136 -40
47 -170
108 48
-57 47
-47 -43
-30 74
-52 77
-11 -79
-98 -158
24 -119
6 97
-9 59
24 9
-11 82
-18 -11
71 -40
-9 -79
-78 -44
-3 -82
-94 15
-5 28
-125 -54
-8 51
4 -49
-28 46
-63 70
-86 -206
-44 6
-41 -59
-16 -153
8 -134
-154 -120
60 39
10 20
59 -48
51 -161
13 -72
-18 11
51 -98
-218 -64
-137 -8
-8 -3
49 -99
-56 -108
-14 -167
-22 -48
162 167
-147 -25
-34 159
107 68
-41 -187
-124 76
41 -35
8 -161
-10 41
54 42
-60 118
146 -25
-8 -15
-179 130
45 33
-173 31
196 105
23 31
-78 63
84 -89
-51 -97
87 -68
-54 -2
9 -52
-12 -48
126 1
-52 34
-148 3
-134 -48
-33 85
38 -5
-86 -108
1 0
70 -34
78 -56
1 7
22 -50
-45 -16
69 60
87 89
84 141
107 -6
-29 -121
150 483
-5 2
5 47
-7 -110
48 -113
6 56
47 52
-23 32
-47 -149
179 93
51 93
-22 -20
148 0
56 -117
1 8
-2 100
9 -71
-47 -109
-34 192
34 75
28 244
-62 -61
61 52
-179 60
211 150
45 -91
-59 249
99 -85
148 -94
-116 20
-105 105
103 102
17 7
10 81
-76 -2
-129 182
92 23
99 42
-27 14
-131 74
-75 -76
40 -32
-99 -30
34 58
1 -20
-44 114
-33 2
83 -103
-15 104
61 23
-69 16
42 -81
-61 51
-45 -3
-53 25
-2 -75
90 42
-17 84
18 -58
-46 69
-16 87
13 -4
47 27
-39 -34
-30 61
-88 -62
-186 87
176 -15
-153 124
-46 76
-263 26
-28 -50
-31 14
-5 65
35 63
171 -51
112 20
100 70
-26 -102
48 78
31 -144
-245 61
-47 105
24 94
150 -184
153 49
-63 -44
-206 217
-109 -198
33 61
-34 29
-124 223
-32 -164
-64 205
99 -183
147 46
59 -28
-22 188
4 195
-48 43
31 -86
102 -71
51 135
99 -34
-52 -82
7 -60
-13 160
-147 -93
-16 -58
-37 65
-89 -119
77 -59
-13 -26
-45 -19
41 -38
-1 -88
35 -31
23 70
-36 23
14 -40
41 50
113 -44
62 -159
-22 7
43 69
-47 -32
-38 -29
58 -103
-77 -400
44 -25
11 -29
28 40
30 -46
-71 -104
186 0
-113 1
26 91
26 115
68 -107
-72 45
57 -35
158 118
-175 -36
90 74
39 24
178 63
49 57
100 -5
108 -96
-54 160
179 -12
151 -211
-53 169
-136 -172
253 109
124 148
69 -159
-80 67
1 93
-12 66
-104 -38
-25 83
53 49
-153 78
-124 -119
56 2
-47 139
180 75
-28 -82
5 -85
86 141
-13 87
-81 -6
-24 91
-157 57
-59 92
-125 22
2 -105
-9 20
23 15
8 -21
128 144
9 4
-4 93
-48 -22
6 -59
-65 -68
-23 134
25 33
36 32
72 75
68 -42
81 -8
39 145
-2 47
42 88
71 -14
52 -38
-37 -81
10 52
-17 68
-61 79
17 -37
86 -92
-182 -83
274 -76
15 31
-178 -25
79 -58
50 -65
75 197
38 41
99 -109
69 -69
-12 -42
52 -5
147 73
190 -93
-102 -15
-22 13
92 171
128 -36
-40 73
-67 -197
41 -103
60 75
80 -39
36 37
137 46
44 -144
-88 143
5 117
112 1
-35 -2
-61 69
-22 -35
-86 32
145 44
143 6
150 -91
3 -48
6 78
-6 -24
68 6
-45 -23
-25 -79
-45 39
8 -40
-89 -16
117 11
-63 -70
-15 19
43 22
-36 54
-66 -6
-157 -22
-8 -49
8 57
103 66
115 75
65 -159
70 59
-6 104
11 -67
-83 66
-127 40
93 -104
31 25
66 -44
77 -8
-76 -58
-30 -103
67 -49
-174 -14
11 24
-64 -1
-120 114
187 29
-97 -84
130 31
-12 -19
27 -93
-91 135
30 -208
-49 2
1 -125
68 -43
-67 23
-4 143
-11 102
51 197
72 -75
-65 -73
32 133
86 66
62 58
-82 -26
97 -1
-101 -132
-35 -8
88 -160
-96 -24
-87 49
45 -33
17 -56
104 41
-37 25
-79 -10
20 -48
-89 14
48 61
29 78
138 -48
-25 24
53 -31
-13 22
-65 -36
-15 -37
-7 -125
36 -51
-21 -15
-99 -37
-52 -31
130 -155
125 46
-22 92
-65 -127
-65 -250
7 43
-228 -72
26 33
-104 -120
9 57
-5 -171
156 -38
-110 115
-136 -106
34 -95
225 257
-17 -152
-41 49
-111 -26
59 93
48 -15
-143 -104
39 59
15 82
39 148
-24 -4
165 108
-33 -67
-90 13
-151 -190
-159 68
-132 94
-22 128
-46 -34
29 66
-24 5
39 -93
-128 137
39 68
-42 80
129 21
-69 51
-4 56
-30 -18
80 1
-105 86
20 -141
37 -65
-9 -46
11 9
94 -83
61 79
57 -48
28 74
71 8
11 -21
6 47
-47 -70
-5 66
-85 -89
-80 -105
888 -1979
-142 129
-86 17
-4 -108
-14 -70
-25 -30
11 35
29 -21
-49 -36
260 191
23 -189
-145 -28
41 -91
-73 -6
154 76
54 -136
91 -190
-27 -182
29 -64
-93 231
-113 -76
238 -95
49 -313
-5 67
120 -65
39 131
-294 -223
-204 99
-104 210
175 -197
-224 230
26 -169
-400 -168
155 -43
-2 10
-160 -98
20 14
-108 -55
-115 -213
125 -74
-78 44
-207 -95
-26 -94
213 184
-191 -158
-25 38
302 133
95 626
-81 251
-35 -369
-14 -94
-388 40
40 -194
-116 40
277 82
35 84
84 -63
-348 259
-32 -270
-75 -117
325 -215
99 33
100 317
139 -394
63 970
-42 -42
73 158
37 79
86 66
-22 79
151 141
-14 -96
-15 -88
-103 85
-149 46
12 143
60 55
47 43
147 104
194 -123
-42 -148
-6 -23
41 118
83 157
9 68
-106 -92
146 -47
-30 -210
-270 -100
45 213
163 -189
26 54
-13 277
153 -13
-300 -94
-32 -112
-230 55
20 51
380 -234
-127 -65
142 20
-394 -101
-5 54
59 -93
-273 46
197 385
-317 189
-15 7
89 94
-97 -61
-441 112
54 -211
242 -75
338 390
1 -152
-230 34
8 48
-280 19
-123 -161
-279 -141
149 -183
-95 54
-86 -86
37 -42
-195 -59
-12 -141
5 59
-251 216
742 -397
-65 49
43 -35
-68 -65
-7 31
-66 -82
50 -55
-19 -63
25 102
-81 -1
-147 -47
-27 70
-202 0
-48 42
-70 -78
45 -193
-32 282
164 176
106 -103
102 -127
104 -189
75 -57
-76 -20
261 102
-352 -226
-67 146
70 -311
-105 188
-341 271
254 -91
75 -108
-275 -202
-138 -5
-91 -113
141 51
122 -385
-184 6
-247 -166
-27 -30
56 -239
248 232
-83 -47
160 -103
-319 -58
-18 -73
-66 -227
218 -179
-236 335
-207 -163
-346 -106
85 48
24 222
-141 -30
-156 5
225 -209
-83 -186
-72 131
208 63
212 -198
186 -500
85 -28
-129 80
144 100
4 -33
217 -101
107 41
121 -31
31 51
115 -174
-58 -60
181 -17
105 -2
147 5
99 -81
-30 -77
-262 81
-141 -13
-205 -93
-51 142
-58 -183
-53 87
250 -9
51 -59
-56 -145
-122 217
-49 -101
140 89
59 -240
117 204
-50 -39
-35 -53
237 -308
151 154
217 -298
-147 261
-310 -237
74 -13
103 -331
-30 -257
124 -88
39 207
-225 30
25 -367
-126 116
108 120
-72 129
-38 -286
229 127
140 157
118 -88
245 217
-138 266
-72 -1
-43 73
-75 -83
-286 320
43 58
49 -275
-176 -10
-124 99
-2 -112
153 45
-239 123
34 109
306 74
151 85
-133 -172
-252 -228
-89 -198
30 0
-148 -132
-96 -58
-85 -50
77 97
-84 -14
66 59
-68 22
69 -106
-85 -31
-93 48
-102 41
-248 -99
173 39
-129 12
-86 -37
-291 -136
-137 -81
-22 -11
-98 46
50 -411
-272 -16
-163 224
-12 -340
176 267
-237 -227
-189 -167
-195 207
67 -211
19 -135
-67 -16
99 176
73 -86
31 -54
184 -14
362 211
-86 43
7 -197
-286 -162
64 10
42 -70
-112 -296
6 -204
334 223
-109 -8
232 205
-49 -111
225 -45
-84 106
-99 66
-209 -21
-36 59
-307 -325
-185 -90
341 370
117 -250
64 -88
-70 -24
-165 65
106 -73
-115 96
97 95
-294 176
81 172
15 77
-132 6
-145 -83
-6 27
5 -35
171 126
25 -90
66 -15
79 -75
-1 105
-71 135
171 93
-254 28
108 -28
39 125
-85 21
47 130
23 -341
31 -100
-96 218
-22 7
115 52
-63 -76
-109 -12
-227 156
164 -40
41 -29
-290 -262
-95 114
-9 33
68 239
-17 180
-3 -183
-215 -82
223 -90
-231 2
-112 173
-26 -352
-63 -231
-34 239
-25 28
282 -35
-157 -3
233 -238
-426 87
-143 -74
-78 134
-109 292
-119 2
-182 -112
-107 -96
141 272
179 -42
237 -52
-72 -169
193 -26
-77 -22
-192 22
81 -349
-287 -102
-200 135
-28 -213
58 -186
-22 -74
-65 66
-10 -73
-188 0
-104 84
24 37
168 -163
18 25
144 -51
-34 -48
-125 -55
-136 -76
33 18
-89 32
130 -32
181 142
33 69
202 0
17 -192
28 8
99 -80
-281 -78
220 79
-330 -47
35 8
-21 118
146 -68
-71 114
19 -20
67 62
-168 -5
60 -40
30 -223
-42 -195
-45 -302
-193 268
87 300
-61 -22
-187 -94
74 -121
133 -2
-87 63
197 284
70 96
-248 305
233 221
151 -112
-336 30
-115 208
-395 -9
-103 -118
126 363
10 -109
-141 12
-55 96
16 -113
-170 255
4 -349
155 44
167 194
-79 25
225 -57
247 -87
-17 24
120 13
-115 169
-61 -94
-119 62
-159 38
61 7
-30 161
-22 172
41 -16
169 4
49 -4
154 209
58 -22
22 286
-76 65
-11 -63
170 156
-83 63
-222 -352
23 232
51 15
131 -78
-51 -87
-35 -22
26 -45
-9 -16
-25 -50
-71 -223
-73 -158
-271 -192
-19 126
152 -143
279 409
103 -152
5 -161
27 -310
52 133
-47 -205
-32 -34
-27 372
162 -96
-127 79
62 -70
-164 17
-23 3
-152 -11
-99 -79
-171 198
362 193
-40 304
-105 -164
110 49
1 137
-543 -15
-348 2
92 9
45 -96
-271 -194
-112 214
-294 149
161 -140
-134 -62
3 150
13 106
-144 -1760
-56 79
222 251
8 189
131 -65
198 115
114 259
20 9
5 75
80 -115
-54 162
-170 219
-5 73
156 5
119 -201
-96 -128
47 58
-164 13
-146 -13
-28 15
-28 -49
-311 103
-39 225
-16 -114
-146 -63
-59 -151
359 -76
385 -180
-112 -11
-67 167
281 32
4 134
547 209
-5 208
178 -50
286 53
-227 193
207 189
153 205
34 49
213 249
132 -53
99 204
-251 -131
151 502
31 -250
-405 -461
-116 -945
-3 -263
218 729
-71 224
828 -162
-21 205
288 72
-607 -204
-287 65
-54 29
838 -304
331 333
44 96
-300 529
-33 69
-101 -549
-2 361
1956 348
113 303
56 -176
32 -58
-55 168
-12 151
22 32
-29 144
52 88
58 -21
103 329
13 -138
-68 -154
-217 120
240 -12
-8 246
101 262
-121 136
69 94
-102 50
167 -9
-36 -111
118 183
99 111
321 107
-33 102
-92 167
-156 -215
143 -267
-229 -161
553 70
260 63
248 -103
32 -123
-453 158
172 131
77 26
259 121
-3 -132
-103 107
479 -69
-194 -505
472 -296
78 -248
-14 -113
206 146
412 -126
-210 332
-238 173
-460 -703
-21 -35
487 84
84 52
634 43
156 160
106 321
-374 463
98 -296
328 339
-69 152
227 213
-40 7
-309 22
608 -129
-614 677
160 -119
-138 -105
46 281
-37 161
19 67
-136 -56
102 59
-11 61
-212 -96
166 -61
119 -68
10 54
-65 146
50 34
-138 164
48 -311
-237 -118
-153 -167
-148 103
-274 -124
-19 259
-97 67
-169 -282
235 109
58 -107
59 122
63 -325
442 -429
-256 258
48 57
446 151
85 1
127 107
-132 -117
-170 365
163 145
313 185
-7 108
-89 358
-384 -218
96 135
88 335
473 5
0 261
249 258
-351 252
424 -512
387 295
545 317
-38 -192
-166 -196
97 -149
208 -161
-522 268
236 563
181 -325
-264 -325
-557 486
-226 945
11 164
133 -77
-235 -439
-55 169
-166 98
6 123
270 -175
-404 -13
76 -21
73 -77
261 -58
-72 147
-109 5
-143 17
-11 31
81 32
5 -21
23 -7
185 -84
-41 54
43 135
-39 -211
-42 -112
97 76
-46 -102
-152 22
-127 -109
304 8
-143 -126
90 6
82 191
-153 224
-219 -56
-215 214
81 -105
277 349
-373 51
-164 386
83 224
-169 135
28 -173
254 199
-85 304
129 -209
-26 -34
1 30
367 535
-46 -188
-303 -157
-183 63
-434 -284
305 -416
290 190
126 -365
84 186
679 -573
-32 -22
-52 294
272 -112
212 -127
155 122
-299 -84
305 -44
313 -298
-629 -131
-580 -7
265 29
543 658
225 -44
-82 -18
140 217
140 -74
69 140
-16 79
-263 -8
147 -150
-9 -207
-129 -19
40 181
273 -118
1 -29
84 -82
30 -54
20 -89
99 87
148 116
101 60
-44 -45
15 79
94 514
69 149
39 -32
-24 330
-57 -133
-92 217
41 -84
133 -293
-28 301
-39 2
34 -129
-70 -296
-195 -41
-63 -94
-210 -46
-625 -273
122 -43
238 177
395 87
-97 25
-91 179
303 386
-46 473
-569 -207
271 -28
-166 -265
267 36
-127 125
246 -180
370 -235
382 -89
38 -119
559 341
395 285
-465 -780
-68 585
-168 214
479 213
244 -243
-477 -246
240 -77
-483 -398
532 -192
143 195
-112 -321
53 -33
164 -101
1 -19
-137 143
-274 -25
16 71
-48 -67
-23 35
-91 -162
-111 -47
-37 43
-64 19
-218 66
280 -138
93 144
-169 -72
-169 24
-154 84
1 -76
-124 62
-320 -84
-94 308
-42 -110
9 -69
-22 92
-77 74
264 177
-17 -241
-58 -92
-79 8
-49 -168
-117 136
305 282
-444 136
204 -173
69 -62
152 440
87 225
-212 -239
-42 92
-438 -10
323 66
-280 487
475 -151
26 17
-110 -307
164 -474
50 -67
115 203
158 61
-244 -302
-172 179
-241 189
303 342
-180 -34
-66 104
501 59
-90 279
444 121
266 -356
310 405
228 -23
-104 -122
19 -136
-173 -123
-29 -199
16 225
-113 -98
-247 -79
-88 41
-131 -66
182 -18
-56 210
91 126
-150 -20
-12 -39
-46 220
-147 -97
-169 -84
44 34
-70 346
83 -36
43 -83
160 48
-101 -55
317 15
32 15
92 -137
-84 -133
-14 218
-73 -87
-132 79
258 8
-2 -15
-28 35
172 243
-6 175
213 -280
31 -495
112 -176
271 261
-63 139
-34 -85
104 -132
-216 -188
-80 -280
295 -375
-263 -282
-181 12
272 -66
-43 -235
602 -15
80 128
-13 -674
40 441
139 15
199 -208
92 29
354 -391
221 611
-394 -161
-417 -499
158 -98
-496 488
-499 569
47 -179
3 -11
341 -165
108 258
-164 232
-33 -149
-31 -291
186 19
212 239
-119 -44
176 99
-46 -25
-34 -137
-46 -132
-58 -111
-164 -8
192 -42
-97 -78
147 16
-111 62
-15 -236
-67 -268
-59 103
-11 -79
11 -58
109 167
45 -211
-44 49
-28 101
188 345
142 82
47 -105
9 330
-263 -314
107 262
326 122
40 458
36 -174
-74 323
156 4
-158 -443
-62 82
148 -371
244 -13
248 93
261 -244
313 -41
260 7
286 -469
-484 -413
-289 -558
120 395
-195 -89
-69 -182
797 20
721 -95
-303 126
-222 258
363 435
137 -293
294 -352
-212 669
183 -42
17 -275
176 304
