2424 761
2182 691
2228 641
2206 1009
1502 1141
1794 851
2077 1230
2038 1083
2413 1111
2050 1493
1921 807
2542 755
2475 1246
2003 1183
2220 1053
2219 1097
2356 1035
2815 758
2886 1067
2532 1194
2394 1509
2670 1218
2781 1388
2142 1493
2036 1239
2700 1348
2901 1342
2915 1421
1984 1339
2323 1169
2478 1883
2254 1613
2400 1623
2264 1966
2348 1498
2793 1177
2320 1422
2063 1679
2069 1970
1953 1843
2089 1572
2392 1469
2597 1446
2205 1234
1988 1181
1968 1310
2060 1604
1485 1276
1773 840
2011 1342
1800 1713
2042 1647
2618 1673
2264 1582
1856 1125
1797 1195
2035 1812
1932 1937
2359 1607
2311 1639
2345 1714
2133 1803
1833 1406
2013 1145
-1322 163
-1387 180
-1385 642
-1528 832
-1217 1087
-1316 746
-772 -103
-520 204
-1019 225
-1198 570
-1532 348
-1001 319
-955 349
-840 252
-1067 545
-1698 440
-1601 -30
-1217 293
-1125 250
-1049 67
-1464 -47
-1435 -240
-749 -458
-446 -54
-1080 -26
-1160 -64
-1267 -30
-1059 -102
-1060 -165
-1181 -382
-1332 -76
-1106 -184
-561 38
-847 -21
-973 -240
-1209 118
-1594 384
-1485 -85
-1072 -139
-1297 -67
-1123 -172
-1314 38
-1203 -239
-1385 -417
-1397 -875
-1531 -538
-1491 -672
-1293 -446
-1406 -569
-1314 -755
-1563 -614
-2042 -879
-1472 -1009
-1233 -789
-1039 -880
-1141 -722
-996 -718
-1197 -624
-1318 -463
-1397 -612
-905 -998
-1244 -1243
-799 -1532
-430 -1054
-1815 -327
-1714 -543
-1276 -627
-1107 -468
-1424 -779
-1154 -1106
-1305 -1122
-1662 -1239
-1495 -991
-1409 -716
-1107 -820
-1399 -994
-1533 -1154
-1565 -842
-1323 -886
-1066 -900
-1030 -1081
-925 -794
-1424 -368
-1522 -1001
-1301 -1591
-1576 -1660
-1622 -1676
-1301 -1159
-1629 -920
-1616 -1161
-1171 -1259
-835 -1092
-583 -1266
-613 -1013
-1179 -1027
-969 -1148
-1052 -1225
-982 -1529
-669 -1263
-876 -1288
-909 -1403
-1052 -1487
-912 -1535
-1207 -1696
-799 -1836
-662 -1832
-471 -1868
-464 -1838
-311 -1456
-295 -1549
23 -1735
-88 -1781
-52 -1879
294 -1468
120 -1735
625 -2136
583 -1779
439 -1414
498 -1213
231 -1257
339 -1710
492 -1430
453 -1197
342 -1420
761 -1480
225 -1070
77 -1458
414 -1475
-545 231
-556 69
-782 284
-649 -206
-406 -284
-685 -367
-866 -64
-809 -24
-597 -441
-341 -38
-494 -17
9 -162
-221 65
-537 -37
-307 -264
-106 -295
-175 -427
-306 -496
-286 -492
-454 -553
-323 -719
-300 -621
-15 -434
-365 6
-638 -463
-420 -497
-288 -490
18 -210
-60 -117
-24 -87
190 -171
421 71
47 -122
239 -361
28 88
-488 -162
21 -456
115 -274
-262 -393
-107 -315
189 -132
106 -124
-368 -231
-159 -204
-292 -218
-136 -170
-6 152
-24 -103
-299 -464
-85 -364
583 36
485 74
113 -582
415 -648
324 63
106 -281
431 -501
185 -535
-162 -485
-39 -815
286 -604
333 -415
195 -79
32 -355
-380 -52
-297 -412
277 -532
421 -137
48 -35
340 -143
308 257
-16 69
-274 56
-69 78
-176 -28
186 -284
148 32
317 -108
68 -35
-119 -422
248 -126
-133 -250
162 -160
94 81
-68 3
-483 27
-459 315
-113 -46
158 6
-201 51
-241 274
-166 417
222 75
565 49
323 617
-238 767
96 158
360 414
-37 372
-183 -66
257 -265
364 91
114 215
59 -79
228 -81
-60 173
-162 595
-310 292
90 303
-112 389
-22 8
-92 104
-320 146
-45 23
324 -71
303 229
31 76
-103 57
19 -49
-75 91
183 221
267 166
315 -12
-120 -40
69 -205
136 -147
-126 296
-132 251
56 -326
-114 -235
18 -101
6 42
-67 -279
-138 -111
-150 -85
14 -68
99 208
58 121
537 -34
618 108
466 -8
107 -70
304 78
260 539
14 168
421 -111
260 -49
490 -214
259 537
195 406
201 185
423 -176
583 290
257 80
471 118
485 421
288 330
178 120
198 606
114 350
402 185
314 270
411 333
2 318
57 47
36 534
-154 351
-63 -184
408 -51
-68 692
-317 391
-54 250
208 455
91 774
87 513
-33 387
34 442
-473 709
-336 155
-116 428
-299 117
-15 264
13 447
-162 197
51 190
-357 602
-501 24
-197 22
-234 120
-39 231
-295 628
-433 199
-146 96
-184 -383
-201 -281
-378 -264
-94 3
-55 466
-69 319
11 273
150 82
-34 43
-144 -46
9 -24
75 -9
-194 -328
-9 -247
16 50
67 189
-123 318
-343 40
-201 -132
-571 -416
-208 -484
-156 115
91 -211
-82 -81
-374 -493
-176 -161
-278 -21
-217 -221
25 -231
-360 -3
46 -304
143 -146
-329 -104
-430 -7
2 -96
244 -23
-383 -245
-178 -710
74 -233
251 -245
261 63
10 53
41 75
331 -174
428 -156
492 -339
446 -320
437 -460
279 -469
539 -318
268 -152
403 -482
35 -501
-108 -738
-96 -348
35 -309
217 -471
206 -711
129 -430
-66 44
149 179
-78 -51
144 -530
164 -112
567 -49
-6 -52
-28 -316
-43 158
-143 249
-71 45
65 -188
112 -273
136 -471
19 -517
-3 -334
34 204
178 215
291 511
-101 98
-221 42
-571 -34
-157 -174
153 153
117 183
35 -126
-171 4
-187 83
437 60
273 -23
-56 -219
-258 24
-394 117
-372 83
-509 18
-277 347
-227 354
333 310
-72 201
47 -243
-146 35
-197 204
-32 578
19 654
120 296
177 143
139 -16
-2 -6
-350 -311
-279 163
-390 321
-319 104
-222 5
-351 368
226 -68
408 254
255 74
141 339
28 153
-19 -227
114 -258
-235 -205
30 -85
-29 -70
120 281
-541 263
91 -209
239 258
-616 443
-30 222
-638 207
-1231 -477
569 -598
-933 2100
-56 792
-460 928
-1040 1580
-172 -412
417 2664
-523 1565
-1624 325
-135 923
-1045 831
-473 1115
-713 993
-726 2303
-1305 -166
-1675 735
-1187 94
-978 1463
-1451 -574
-1221 -519
-438 1443
-1965 1419
-900 969
-1525 -314
-172 -358
-2365 1860
-1078 -100
-395 376
-1268 436
-905 208
37 1998
-1248 731
-1338 -786
-1826 1067
-683 238
-723 376
-608 1613
-672 1438
-1193 996
93 307
-1783 127
-496 1683
-874 -38
624 558
-240 1944
-1557 398
-858 675
-825 1439
-1598 1282
17 -177
-562 798
-862 1170
-2336 154
-17 672
-326 823
-320 92
-1505 168
-300 -55
-596 243
-910 1872
-881 -2667
422 -1415
-568 -3096
430 -1601
680 -2308
1479 -2402
495 -608
-867 -2877
98 -1629
112 -3110
1563 -1389
8 -1685
1578 -2114
428 -2567
546 -3248
2233 -3403
1427 -1449
997 -2302
1703 -1834
1739 -3074
2186 -3183
1429 -1286
1623 -416
-38 -2734
1511 -2725
964 -2264
1080 -1810
885 -1678
1569 -2381
1396 -1750
553 -1938
1276 -85
402 -2139
1069 -2247
1376 -1776
213 -2243
1301 -1938
2571 -971
687 -2030
1950 -1656
1652 -1287
1946 -2205
2114 -620
2819 -2753
1772 -1057
2371 -2177
1615 -951
1572 -1943
2218 -1301
2084 -1434
2385 -2363
2835 -1589
1513 -204
2210 -1745
1346 -1746
1981 -1671
1313 -1447
2532 -2551
1459 -2194
3191 -627
2877 -516
3492 -1466
1861 764
1721 -977
2802 -285
1295 237
1821 1677
1105 -755
1069 575
1244 1065
1380 -652
1418 556
439 906
886 317
1319 1662
2301 -87
71 1291
1251 1393
395 1235
576 1228
1209 933
-820 69
1602 335
2443 1509
1548 1359
748 167
-109 1647
-720 693
779 323
147 1919
584 1862
95 1110
253 2088
-419 -621
-274 372
-72 1295
551 244
-586 1972
-216 1322
757 897
-329 1590
860 1089
-488 1323
1074 1249
-622 1487
920 1665
-399 1159
-306 1743
-677 469
518 1671
242 1284
49 450
24 1611
-700 1076
1664 1680
-588 1915
-279 557
-651 429
-130 557
811 -702
-871 1467
-790 171
-1301 752
367 1100
-1468 557
116 -170
330 2105
-137 1568
617 -1444
93 -43
803 -851
813 1177
1477 -528
515 -1333
87 -937
560 -187
390 260
-2109 -132
655 892
-557 -82
-198 -857
865 -284
179 615
253 290
-217 103
82 230
43 319
570 -331
-164 798
181 390
-1301 661
375 -1104
831 167
-386 276
159 525
-1025 92
14 321
-253 -714
168 346
-224 -1220
359 -821
-841 508
-606 -1582
995 -286
144 1049
198 -733
335 -245
-828 652
-205 252
135 -944
640 -1114
291 773
1936 -586
-770 8
767 631
1310 -1334
30 -227
-451 925
-835 446
1431 -594
1423 -125
-695 1333
-13 -729
883 587
129 449
1120 -404
484 -635
910 1874
-712 77
-952 1435
490 -503
-54 918
1068 -41
1656 1018
-582 1531
-851 -155
5 -843
-693 948
-178 -1292
255 -107
929 -218
-395 449
1765 83
-775 581
200 -23
528 406
630 -1115
454 889
-1116 446
1007 -362
-1424 -33
961 343
231 -1187
-140 -438
347 62
1111 1665
-473 -568
110 -50
-293 -457
-229 289
272 1282
-1150 -261
-1373 -1040
1406 -730
447 998
-686 -546
419 -458
919 164
-430 1141
-456 -455
-687 -289
237 1085
-462 27
-349 -44
-244 -10
1952 489
-378 -422
1079 104
791 -412
-174 -191
576 239
52 695
298 1055
-484 -706
255 176
716 -535
-620 931
536 -666
-1287 280
876 673
-692 -1127
-490 263
-210 564
-590 -692
-1102 -371
502 808
243 -121
-326 -1397
-783 887
1327 -584
104 -104
227 -269
650 159
-63 382
-378 -127
386 405
-386 714
116 -456
-459 -100
225 -465
-1107 601
203 -534
801 6
-384 1370
868 -266
-1203 1030
-393 -1203
-319 1244
1069 188
-575 1296
-499 337
1111 -96
-1403 -67
-130 612
174 -1023
-553 523
-407 -185
976 777
-240 613
-83 505
72 484
1094 -914
-262 571
333 -434
981 671
1515 916
-1850 589
-870 -1171
415 635
-155 407
-1544 122
-600 -649
-155 -105
421 -438
-1172 655
939 -959
456 1185
299 -631
823 486
-1035 -15
-325 254
160 -262
-2004 342
596 -977
766 641
-453 396
168 -109
-1135 11
-502 -947
550 493
992 -1226
140 547
243 377
-177 898
-817 1312
-246 -423
159 -207
276 124
-364 528
350 -507
-699 315
553 637
372 -283
1038 -49
-596 -117
-665 296
-762 -483
-187 -1178
1220 -159
-75 -206
1589 131
-828 997
50 104
138 485
-247 -2128
250 792
-708 -749
-202 201
832 225
-1269 -274
153 -574
-554 885
637 -1159
-384 -1169
194 111
524 277
-436 -698
1206 -768
-294 995
-458 -209
137 556
-507 -1130
41 -314
617 -404
-16 388
442 -929
159 620
486 192
-243 66
634 -375
-734 93
1385 -632
-169 670
1110 -641
123 179
283 142
414 668
358 566
-92 506
-1180 27
-757 10
110 620
1107 -289
-693 1144
597 604
-365 -99
810 -1225
-439 346
-209 -865
408 188
1016 559
526 276
306 803
808 602
170 190
-430 601
-456 -503
-129 431
-405 -1410
1038 -194
-118 -1022
860 453
272 1183
-664 45
248 918
565 238
-852 -313
461 1531
266 593
445 -635
-276 -97
-887 162
-120 -2
447 -205
373 -150
-898 189
1142 827
-1076 138
1231 -382
-1028 572
-558 -353
-1058 789
-836 390
-156 39
261 307
-491 -252
-214 380
162 -530
832 105
-1370 -428
637 669
487 -250
-606 908
674 -143
-336 2493
-136 -1021
-737 459
89 -1193
120 -329
730 327
-626 -712
54 -56
-1338 -22
385 376
-1672 -560
1924 -70
-221 1725
-152 -589
753 1155
189 363
-539 186
746 1227
-1960 168
163 -1877
-898 -1647
-112 -1426
-1401 -1474
-347 738
-1872 -2291
-684 -65
241 -1773
-1120 -865
469 39
-509 -1514
-1339 -52
-1817 -1896
-1035 891
149 -1003
-96 -353
-1496 -2088
-1316 878
107 856
-1292 -1363
-94 -1660
-1976 -247
-373 625
-997 928
1841 -796
-736 -1005
-1363 -61
514 -1247
-1272 -1380
-2289 -3245
-1341 -477
-595 2005
747 -2671
-1346 -1045
-539 -2147
-2121 -1588
-937 -1603
-687 -592
-2089 122
1907 2231
-1020 -1691
-490 404
-1027 659
-135 -872
2157 322
-375 -2025
-392 -1843
-387 -2245
-3745 1188
826 1361
895 -1941
1866 -990
-2179 -1428
-1496 -37
-1070 -1815
246 -508
-2440 -1519
-768 685
-529 -798
2033 4037
-382 1446
2777 2963
518 730
902 177
-1123 85
-1934 657
-293 4262
411 1781
2054 4065
-419 343
1484 2551
-1160 1840
-15 2303
384 2572
-407 3521
552 619
548 2350
-962 -69
-1298 4233
-847 2904
-834 -102
-2782 616
526 1696
-1805 2705
-267 1520
-410 1491
-751 1832
-1054 2925
-1580 1719
1146 3378
246 -1223
-1632 1585
-432 2785
-2561 2580
943 2539
1073 1810
-2076 473
-59 3437
-1373 1559
-1517 1736
-170 2451
-882 -303
-1141 4345
108 2870
-83 3361
288 530
-276 2893
-1210 1471
669 3370
-286 2240
-435 1993
1178 763
-366 1317
-1117 2517
-1406 1289
-654 2424
-687 2870
-342 1756
-2565 838
-2804 2074
-1166 3459
-1543 -66
-1325 811
-2596 1075
543 399
-2516 -2983
-815 1110
-1840 147
-1996 1566
-586 3179
-434 1135
899 -1204
-969 1449
-1441 -2059
-2164 1916
2069 -391
-1089 -748
1258 -721
-1020 662
-1101 245
1673 1463
-1907 -208
-1002 -801
-669 -645
677 2251
1729 -1440
1138 366
-706 451
1953 -1798
-166 -806
1118 -1068
-389 -3026
611 1134
1179 -499
-418 -763
-1152 1168
1085 -1020
-844 311
-1405 373
1672 -1056
-324 523
1192 -1138
-594 246
2169 -196
-2329 -1323
180 137
1097 -1297
651 -261
-986 -207
-219 -908
-551 933
105 -1280
270 -1402
-2374 -1027
990 -725
-550 1523
1356 -692
274 -1407
-1412 189
1193 -2235
-512 1037
1160 -945
-822 -918
497 -79
-667 864
825 -2100
-647 -1064
474 309
-584 -842
-980 156
550 -1134
-1422 271
1835 1077
943 -1281
-1252 -1722
-1645 -480
1994 -307
-764 -684
580 -203
-88 443
-1126 -239
604 -1172
-1701 -977
-810 698
133 1025
623 -701
-512 1452
881 -488
-283 -373
2260 -58
199 430
-837 -239
1747 305
289 -292
1601 -681
162 -594
1980 1383
245 -1481
-279 77
-1541 93
350 -1049
1081 2582
211 -63
-359 -1805
357 1472
-206 -964
1487 -1419
287 -337
491 714
529 2215
996 -1615
-1259 1071
1623 25
95 -3280
-1614 682
131 83
452 -1090
151 -434
-3097 687
-2193 909
1043 -914
644 297
-2143 -1875
-840 1344
-75 1760
768 590
-1679 -2726
1046 1298
1806 -1431
-677 949
376 -1468
576 1117
-1423 -820
961 -1577
1408 357
257 1206
717 -1570
-1 1396
-446 1068
561 -176
1501 -1239
-2218 52
1811 -39
-513 748
-497 -339
-174 1004
-1310 -779
1586 -370
-129 2081
2108 -209
-2140 35
781 804
845 1
494 295
-1619 -2696
472 1865
573 -381
1595 -170
-355 -1823
-1742 -2361
299 646
2517 1247
-1790 -1470
-820 -2410
659 -730
-447 432
-928 109
-5 -1148
172 -79
-1412 -94
-1357 664
435 1232
289 628
1694 -461
-1198 -543
2459 681
-860 -2338
-1169 2214
557 -695
-408 -69
-7 -638
-1486 -551
-112 -1
-1442 214
-1270 463
1330 -1541
-1228 1420
419 -977
-2463 -2367
-1013 1451
178 -250
-88 -909
-1052 1910
1102 164
-689 -3216
865 -412
467 1203
1515 -1491
-918 1370
1733 -256
816 92
-654 -1339
1529 -1962
838 -1826
-897 -604
1072 -1108
-1080 -546
-4 -521
-73 1415
2291 -1460
-691 -987
-981 -37
750 -918
-834 1939
1840 -547
-19 1576
-30 -2830
-1537 1722
1681 164
304 532
-1288 746
1148 481
-1121 -1198
-9 1559
58 242
620 13
-2250 -1118
-795 350
7 761
-131 471
-704 1774
530 -23
-334 1508
-37 -558
-1910 20
2884 -1228
145 1013
-427 607
799 -997
1022 -998
-464 386
-173 319
-2751 302
960 -572
-265 1329
327 -1141
-145 755
-1278 -1693
624 -646
-1172 -1785
-2175 -365
1259 42
-1319 572
-1518 -147
881 362
-1061 -485
157 -1425
-932 222
-728 -840
-705 2028
-1238 468
-420 1632
1332 194
1448 -308
1254 -955
-382 532
-1317 -885
24 50
-877 1010
1755 313
-1150 493
358 1273
-795 587
422 -163
-141 -2090
529 555
1169 1505
-2436 -1177
195 985
-2014 737
2380 159
409 -1709
-147 -948
-729 3093
-876 -588
428 491
-23 -589
-1416 -729
1295 154
-269 -135
1361 -984
-2449 1597
1692 639
773 -1315
-714 -1805
-150 -98
-1320 836
1079 -112
1039 -436
-608 -830
745 161
466 -678
-566 -420
401 -1098
-1957 1007
-2413 -457
-505 -239
478 396
-1347 1650
1539 54
-2987 600
210 -74
-994 2376
1434 1559
722 780
262 -946
-1531 201
404 1388
1110 143
2051 544
-185 -1658
-1429 744
2001 218
-1193 -139
-204 340
-424 1852
553 -744
474 1467
-703 -998
-1138 -346
-385 508
-391 -109
-1197 1224
843 1242
2250 -525
677 -336
640 -1348
82 180
-1891 -7
1228 2226
-144 436
630 -1261
522 530
-649 -1236
-76 741
1962 1783
52 -1429
260 381
-169 192
-366 1141
1743 -412
1669 195
276 781
1167 220
1023 -596
-2268 -2441
1390 -1057
-3548 -477
733 -876
-1341 1573
757 -1018
-20 -504
-246 -1192
-1523 -1023
77 609
-1656 535
-599 2359
-1032 1085
2554 -877
-1295 -1704
-1019 761
1628 -742
-413 -21
108 -4546
-799 1483
1418 -1288
-234 -255
-1935 -121
-382 -1058
-62 1804
778 -1036
677 191
-968 -87
3141 448
-2948 409
764 -2712
336 -742
-1565 -3576
-1205 -1856
1626 -2519
-967 -3050
1294 -1108
84 -3212
-177 -94
-1416 -1707
2738 -653
-406 -2303
224 -2792
389 -4327
1093 1109
155 -774
137 -2680
-144 -436
2762 -2712
3405 -1532
2156 -3272
662 -19
1014 295
3510 239
3602 -1647
345 -1441
906 -967
2632 1626
6304 -1874
2523 -1574
1697 -2979
747 -2200
3358 707
2529 -2383
1337 409
3816 -1679
3366 -442
4434 -3765
1560 -4101
2081 329
2301 -336
728 165
3281 -1988
2243 -1212
2179 -3415
3753 -2174
-503 -6490
2542 -2240
1659 -3786
-990 -4136
-1166 -2935
-1360 -3503
1435 216
1538 -460
3957 -293
7170 -3795
-2201 -6176
-533 -1366
-55 429
3357 875
2703 -2594
765 1961
1821 -949
5030 572
2878 -3438
1428 -5086
-2540 -1285
-510 1510
-4379 2199
-1189 2886
-2541 5436
-370 6481
3728 1366
2646 -1345
404 1341
-3843 -237
-1581 2542
-1827 621
-316 2339
-206 1818
-1685 4713
-1399 549
-3401 2709
-2064 1521
-889 4537
-1741 -1150
-2191 2815
-457 3672
1564 1169
-563 2695
497 404
-2257 3590
-1042 1706
-318 2063
-1241 1326
-328 1849
-3564 -1401
-2456 3780
2615 3119
-1355 514
973 -436
-1902 1345
-5821 2002
-858 3214
-2629 -816
-1384 2799
-1547 -281
-4620 1243
-3132 4046
-2637 -1450
-4998 -1526
-4989 -524
-3600 2588
-3039 -176
-1212 890
-4831 -2226
-3594 -695
-5580 -333
-6431 707
-2438 1518
-1513 -1046
-3342 1790
-2340 -24
-4082 1974
-3164 1339
-1697 2193
-195 -1761
-5178 -3520
-2245 240
-841 873
2186 882
-1757 -249
2841 3668
-338 298
2811 240
3896 -2325
134 -3143
-1385 -2224
-845 2286
1706 -1585
1514 3076
1402 -1697
-3287 -1095
567 756
-2424 2295
2320 -1169
10 387
-679 408
2135 1693
-1208 -114
-691 -79
-2167 -3488
-3433 2313
-771 948
264 2268
-2502 2678
92 1067
-2694 2437
2144 3775
-519 122
-3361 2450
919 3286
1888 -419
-1521 812
115 -466
121 920
-3061 1674
-818 -1156
-3318 823
-1632 -416
-6314 37
1876 2193
-1539 -1786
-4082 1755
-2021 2835
-206 -231
-991 1379
289 -47
-1967 1432
-137 3023
86 148
-3303 -1078
-130 -1853
-3641 2687
-1618 4814
346 2683
-2113 3274
1424 194
-330 2341
-107 834
-213 907
-730 641
-4429 -195
-250 76
-1225 869
408 -1140
211 -314
-3471 -2047
-740 -860
-5460 -952
-3876 2611
497 2313
695 -1092
-616 1029
661 464
1118 -542
-595 -121
-233 890
-1543 -43
2141 -258
1728 -2450
-1197 -3283
-681 523
-64 -2536
-1006 -576
855 -1461
-2053 -2911
-759 88
-1165 235
-2124 -30
209 -4
-177 433
763 294
-2207 -862
-557 2235
1954 1934
3680 795
1853 933
1063 -2214
-493 561
2383 1285
489 -3882
975 1114
336 -413
251 853
1061 471
-1308 -3021
-2382 516
-2142 -1681
146 102
-955 4896
438 -505
-1065 706
590 991
1097 651
3207 85
2487 -640
-672 -1294
-340 869
3614 2109
1531 -2431
-1701 -2505
-998 439
2751 1311
89 -3871
-1433 -46
1697 -1493
-408 368
-2250 -1974
-748 -653
806 898
370 -428
-556 -426
886 2299
961 82
1632 -1177
-2311 -709
-2938 899
471 -32
-2021 51
783 -723
-550 274
-1147 -1698
463 179
-462 896
-1322 -3124
-1785 32
935 -1166
-2574 -718
-4774 1501
-3047 303
-323 1586
-962 -2283
-1868 2757
-2509 1531
972 2916
2541 2767
1409 340
-1534 170
1295 2576
-340 2279
-181 2479
95 -562
-1 -790
220 -897
-587 843
2532 401
931 -2034
-112 -1809
-629 322
-3477 1545
-1424 1648
-3450 -11
-359 4372
1504 -3673
-1796 628
-800 241
799 -237
1347 -2436
-297 426
1035 -1010
-178 615
-2224 782
-150 -1306
1087 2155
2966 2413
2254 -1830
-208 -793
102 959
1730 -3803
-14 -711
-467 3881
-875 1584
-102 577
-2014 2589
-221 -1235
-2563 1105
-468 -302
728 1482
-2944 3009
-1059 3081
183 1237
-783 3137
2670 2131
1758 1004
596 -1422
-2397 1566
936 4474
801 975
-1035 91
-84 -2372
-992 1303
951 -113
848 4478
662 -2206
-1212 -1565
388 -1186
649 -88
-759 1418
3460 2292
-1104 -270
1024 -949
-1808 352
1094 1772
-15 -1246
-797 -817
-780 -809
-2055 -1400
-1272 1604
-578 -1856
-2412 -881
42 -2011
-2234 416
548 -89
-804 -1770
-988 937
594 2596
2357 760
-113 -15
3200 -224
-231 -420
-2024 -578
-1843 284
778 -1551
-554 451
-414 67
1456 2642
2821 -184
515 -1493
-1408 970
108 -562
-1358 -2241
1705 627
1273 1717
2308 1024
397 1427
-1601 -1298
1154 -123
1863 -3962
-3361 -3482
-1317 -1863
-1737 3219
-68 334
1331 1898
2183 -1254
560 -512
-1132 -1064
682 -891
-2065 -1723
-317 -524
-705 -1572
1088 3676
654 -1248
-1310 -1003
1783 1554
-1141 -1674
439 -2219
-3887 -3533
-1252 2422
220 40
1768 -2464
1359 -896
1019 -1419
-1386 217
801 632
383 -252
1201 519
-2090 -479
2286 -1838
-1759 1550
-1113 1634
1159 2161
1635 420
1203 -764
-742 -2288
-1038 2029
1078 600
814 1360
-1167 2780
-596 1687
863 3228
3093 -900
3768 59
835 -519
-424 -1371
1441 -2061
-1893 -267
3078 -152
-537 -2566
898 -4660
-4771 -2895
-1755 -1480
-891 -14
2701 -1526
87 -4222
84 -1087
-3120 -984
-160 1406
33 -1102
-2831 -2971
1963 -78
1017 -513
322 -1846
-719 687
-1140 -639
-250 2052
1012 461
-959 -971
444 -776
2017 -2842
-1068 -3199
-3384 -1419
-802 2071
-114 2391
-39 2031
1532 1145
-2456 -2305
-2071 -1391
-2015 2249
1000 -596
1445 993
452 -1628
-1980 -2922
-1859 905
-102 504
1561 395
1211 -3778
-481 38
-3021 593
-1408 -582
-4111 412
-776 392
1265 3343
-1924 839
3702 513
-2449 -549
1387 -1055
-1485 -247
-9 1412
1711 3637
2725 1525
-102 -1316
2813 -1227
234 -3058
717 -3075
-3515 2636
-493 1553
196 -1455
-2677 758
-1177 -252
1715 4006
2434 -3166
-1192 1431
234 1633
2754 659
-592 353
-125 -2868
-2021 2645
2059 -437
730 -429
-3323 -1014
2888 -1366
-1474 -745
-1289 3854
