343 1446
93 -87
131 -29
2 -6
47 -110
-2 -15
-5 65
4 7
-17 -58
33 38
20 30
49 0
-14 -2
14 16
30 -70
24 -33
-18 5
-25 -10
-24 -20
-22 -13
35 19
-3 -32
-1 -16
21 -48
-8 -59
-20 -25
9 -24
-10 -3
20 8
2 -33
36 10
44 -29
54 -29
-11 24
-1 -35
-9 -21
-58 -31
-6 1
10 2
-21 -66
-54 -3
43 -9
-41 -34
20 0
-51 12
17 -3
18 20
-9 -9
-15 12
-12 -30
17 -12
18 -10
46 -13
-29 43
3 14
-20 -4
-18 33
19 3
30 -11
2 -2
9 -30
-37 6
-13 4
3 10
-31 -7
3 -10
-4 12
-3 -12
4 15
6 16
-6 1
-5 15
7 0
0 0
6 -3
4 -3
1 -3
0 -1
0 0
0 -1
-2 -4
2 1
3 -3
-6 7
6 4
-9 -4
-12 4
17 9
-14 -1
-4 6
10 -8
22 5
14 1
7 40
22 13
4 -34
1 7
-9 -7
-19 -10
5 -8
12 5
23 -2
15 -22
41 18
-7 -4
-29 -34
-2 -24
-40 -16
-18 45
-24 -7
-1 25
42 6
49 -76
-59 -11
53 -61
62 44
-26 -16
-30 -128
-77 51
-55 20
-5 -71
-61 -65
-36 49
-139 27
-1 13
10 37
27 15
7 16
-558 612
-69 -166
-126 -110
42 -145
-36 144
22 28
-5 -101
-19 -59
81 52
-44 -71
-66 -12
-79 -25
32 18
-31 -53
-134 139
-42 68
-1 13
25 -2
23 47
53 -1
-51 -62
-5 88
-31 93
-86 134
21 154
64 73
-62 84
-36 16
-56 -88
5 124
-150 -43
-119 81
-112 92
47 -126
47 76
9 33
135 78
-8 -3
-40 60
71 215
183 -12
-140 -14
193 133
-43 -65
242 -57
-103 52
-89 -56
6 25
47 -13
30 96
-78 106
-62 79
-218 48
155 -212
-46 -65
67 23
76 -138
-138 -8
-161 43
0 45
-64 184
226 -6
100 -33
-22 -71
201 50
-46 70
33 -104
18 124
-10 -153
-46 -177
75 -17
70 -198
-100 10
-1 -7
-127 78
-110 81
-50 128
42 72
15 58
2 -98
-68 -163
46 26
59 -51
-83 106
64 55
-85 -32
-119 17
131 66
-93 -21
-16 19
67 -52
123 17
75 4
33 186
89 15
10 -110
6 7
-35 8
-47 -63
33 -24
3 32
43 18
14 -55
78 19
-25 60
-69 -81
18 0
-14 3
-105 47
-12 -12
-6 54
79 -40
34 -121
-121 -45
-15 -11
48 27
10 7
4 -82
-19 -29
-86 123
131 -57
19 -128
119 78
59 -4
65 120
119 -21
49 3
-65 76
1203 -1046
85 22
76 87
-108 -38
23 -17
-35 114
59 72
4 170
-43 65
-76 -49
87 -123
-60 74
-36 -37
8 77
177 -47
71 81
95 -100
90 89
67 -17
-33 128
11 34
60 -63
65 -154
109 -127
-91 -116
-73 -26
115 -66
146 13
53 296
5 -157
214 43
67 -102
34 -130
-89 258
-173 -77
-16 74
-33 -50
73 -38
31 -166
-72 -199
-166 55
94 147
-351 -240
-80 221
-420 106
236 -204
142 3
63 -2
-17 -145
78 -22
140 -303
-1 -189
305 -18
-282 320
173 106
-3 -31
-77 81
300 9
208 52
-66 -240
145 -305
-279 -158
-258 72
33 110
-194 -67
246 -85
-26 204
20 -309
-164 300
-54 368
-116 18
-108 276
78 -104
-137 31
172 -224
79 -161
-39 -221
-159 -6
-14 -173
106 208
201 319
-144 -63
-201 216
170 -116
-201 -73
261 115
61 -232
-251 -147
182 -62
119 -190
-37 49
-158 -92
-61 -8
-33 -284
-168 -229
-71 289
2 -116
57 202
191 -37
-17 83
-114 16
-94 101
-145 65
-157 -80
36 53
114 87
78 126
208 77
-23 -248
53 65
6 -40
-103 -150
-219 290
72 -29
-223 186
-166 -112
29 -55
54 336
301 -139
208 -5
153 172
242 149
119 -90
338 -85
26 -28
-11 -153
-36 -37
-55 -16
-2003 2980
-54 557
-18 -29
76 179
95 -238
-73 -213
-24 80
93 -157
-70 -195
155 188
-7 145
153 -115
-33 30
23 -25
0 -186
-151 -285
-94 176
-144 -117
-205 -43
-45 -296
-72 103
-78 -72
-27 60
25 32
156 -50
19 -135
8 -108
-105 -56
24 -388
-100 43
-44 87
56 86
67 72
82 -229
252 99
48 -186
-120 -40
-97 125
83 84
-57 -59
-113 -11
163 -286
277 234
259 -154
307 -54
-270 318
-53 142
-65 -18
-99 384
-271 -154
-186 360
181 157
-139 -73
325 -213
-230 -137
-2 11
174 47
-177 -78
-128 -292
129 444
-134 276
82 265
341 -26
-42 -96
53 110
-432 72
-101 -246
-168 405
195 -278
129 -275
71 54
120 -171
89 165
268 -32
-150 397
34 178
218 82
236 -54
14 300
-217 -300
-288 -395
263 201
132 -376
-295 -33
400 21
-291 -257
74 345
85 213
-210 69
-242 351
65 -30
121 18
128 19
152 217
152 393
-30 -413
-12 103
75 -71
-81 118
-149 25
335 -82
336 -62
138 -133
332 286
59 -487
-79 -191
-63 -432
-472 -324
196 245
-344 -19
64 7
77 100
301 -258
-176 50
440 -556
360 271
-245 -352
-257 -629
-465 406
-25 -205
-317 -370
-345 13
-527 127
-888 143
-171 -183
-254 187
13 6
212 -128
