-3484 111 -2022 -2216
-4326 6435 1506 7481
6097 -340 -2403 751
1150 -3036 -227 -1985
-1050 3137 6081 937
-1339 -822 1129 8570
352 -8402 -694 -4140
4439 365 3766 -4521
-7817 1165 -12385 1024
-4503 1728 1372 5283
388 -585 -2341 -373
4262 5093 -6335 2857
1052 5498 -970 4493
257 2047 -428 -2974
-2267 995 6433 -2971
494 -1617 3527 -38
-3024 297 1993 4885
5881 7369 -4653 69
7323 -4391 9889 1111
-1968 -3303 -3808 -23
3135 8602 142 -5579
-7418 4328 -10304 -2220
-2699 8626 8490 -7729
-10283 -4183 -5120 -1772
1611 4120 1219 -1510
-2268 -7554 4022 -3299
-3560 -3479 1556 -8892
2242 626 -1315 -4178
1963 950 3198 4568
993 -3949 1026 -2528
-6672 5148 1052 -8662
-3791 -10278 -2288 -8642
-3836 3856 3581 -2146
-491 -1985 -1870 10970
795 4045 2118 -6252
4568 4718 10071 1786
-536 -3012 1903 8778
2765 -4912 426 3830
10659 1376 -4757 -2074
6571 4280 -2386 -5892
-423 6845 -3418 6577
1985 -4459 -2542 -1654
6058 -1345 -2228 2020
3577 2081 -5787 2656
-374 41 1439 -5753
-2440 61 -1921 -508
4880 6890 -3823 626
-81 -12694 -1084 -294
2819 -4563 -4245 -1158
-2799 5442 -8082 2078
3691 -4263 2225 8201
-1851 2104 -6176 -6286
5187 -4215 -6084 5480
-5295 3725 742 1422
-1810 -1131 -6115 2557
-3429 -4345 9877 2916
2337 995 5093 2814
1713 -5507 11063 -7484
2107 -2792 5174 -3119
-4212 -3114 -510 -2712
1661 2381 -1503 6551
857 -833 1999 340
4212 1429 -1190 -2886
2049 -3316 -1966 382
-6978 1335 6239 12378
8307 4004 -1289 3847
-3449 1316 2236 -1730
-3552 1897 -9066 -5712
-484 6025 -7953 -6048
-6237 -1758 -1766 8687
2610 -7404 1934 -4437
-1016 1288 -2221 1154
6570 3187 397 1127
912 -5506 258 -796
-5132 3353 10006 2599
-3433 646 3018 -3704
2675 -2834 2520 -1866
3765 1711 1391 -5631
3943 723 -5051 4749
2431 8507 -2497 -1834
97 -5149 -8833 5459
3337 1732 -5760 2798
938 5243 -4858 -3891
3382 -2449 6160 -186
-7127 -3231 -4988 1558
-4392 2641 -4223 -949
-4623 -7749 -506 -3175
-3219 -4076 3295 -1539
9902 78 -3325 -2221
-1913 -2801 3372 3130
2636 2131 -1898 -555
-1483 -842 -6209 -5045
-2295 -2351 4477 -558
-4269 -2434 221 1715
-7883 1708 7184 675
-518 -4695 85 12405
4872 7247 9069 -7926
-6314 4647 733 55
-2295 2666 5742 -3660
3649 3778 -4523 -10745
-1032 -4123 -5058 316
1257 2667 265 -1249
-324 6187 -2963 -6163
-541 -3506 -7108 2892
1328 -3625 2816 -2383
6424 -487 -6496 1220
1809 8171 -195 73
-2221 4120 -10209 4691
-2852 -4320 11066 4805
1957 -4034 1450 -37
6154 2591 -7190 -4994
6491 -1378 5696 2935
1006 -5663 -5300 -7797
2268 2762 -355 5097
4032 -8605 -536 7455
-5802 -4713 3327 2579
3058 3810 2849 -1466
-5353 -248 2260 -3726
4796 -2155 8490 7541
2333 -1558 -4644 -440
-6522 3792 1406 458
2564 -7144 5214 1913
3542 2169 -2354 3904
4081 4115 2708 1035
-5350 -1595 -2072 -9719
2929 -1721 1532 94
-2482 -1256 -838 -4365
-6745 -2210 5474 2578
-9548 -6004 375 -11708
-4536 2151 -3109 2044
4255 923 -1453 3167
-950 2615 -1486 3983
-3926 -2455 -3316 553
1240 -1841 -4081 3466
43 -770 -405 2177
-2551 280 -5296 -2149
2333 -213 652 -132
-3871 29 668 2866
-710 6175 -3918 -5680
1024 -4679 -11095 -1971
1562 -2785 5561 -2881
-440 -39 1613 3095
213 6183 -997 -3481
7875 -1723 -4271 -1525
3214 -3207 -6796 575
-1634 1123 -6653 -1197
3780 -2139 2915 2989
486 1396 -1747 -4520
4814 1902 2843 6019
-186 -7956 5773 3502
4580 4919 1031 -2640
-295 -5113 7732 -765
6675 -4887 6013 -12305
1825 -2099 -8806 -1590
-890 2049 -6862 715
194 1977 -1704 -660
898 1714 -5289 168
-5983 -5083 1981 3665
-5912 53 1973 2650
-2845 4387 -1260 3059
-3511 3476 -3895 374
944 -10095 -1199 1939
-84 60 3153 7865
-2871 -65 -2569 -3819
2106 -3612 -1174 1833
-1240 905 -2593 3013
-569 -5059 7106 -2495
-558 1858 4321 -678
-492 954 7956 -2543
-256 -1957 -9212 1826
-4747 2266 1346 5870
-4216 71 -8425 3870
710 9143 -1242 1557
-1104 243 -2301 -5502
-6044 -1103 -1735 -8125
-704 1025 -4218 -869
7059 -1135 -4460 -4023
1860 7584 5538 2017
3926 -419 -1024 7320
419 2313 -157 -3838
3757 -1753 -2070 6824
7373 -4317 -5332 -4782
-2892 -3676 9956 1227
-3937 1531 5626 -331
10064 5145 2194 -5181
5741 -2395 4021 3059
-3267 -1885 5146 -111
-681 950 -2433 2151
412 347 -5308 -6142
-1720 -6145 -658 -2061
1679 -3814 1362 3793
-5293 -3070 -4641 1154
-4718 -3559 1162 -4374
-3065 8001 5563 2326
-4527 692 -10541 -4115
3180 -305 6224 3216
5979 -1273 298 1600
5517 -1533 2792 -4475
6651 -2799 4253 -5175
8751 6433 -3851 -480
224 -6264 377 -1358
1233 -1990 -259 -410
1738 -1041 1202 8017
-3020 1318 -1190 2988
5969 4940 5788 4676
4690 490 1315 4132
-3165 -2973 196 3162
1613 3333 -2130 3906
1549 -5035 -9873 1813
7924 880 2291 3063
4521 1346 5088 -10699
-2720 726 4902 3424
2158 7027 -4004 -2568
2780 -1810 396 -2043
-802 -1616 5263 -1508
-3955 -945 6835 5006
744 -3107 4599 -3461
2539 -1821 -3715 2839
-1153 2004 -1111 1130
-1866 4595 595 328
3043 4292 -3295 -116
7904 5463 -3131 -1331
-1622 -5081 3225 -2638
-630 6471 2455 2103
2242 2929 -7398 -821
-5628 2358 4673 1394
-1221 4534 -1204 739
-9940 7531 -5229 5954
-4191 -5356 -1802 8237
1625 -5087 506 -22
-5257 -2899 3050 -2356
830 4962 -2177 8913
-3117 -7691 -4917 3815
764 3289 -5968 -973
-450 4802 -4077 -5607
-2309 5321 -1145 -35
3210 -2506 1714 -4749
3591 2601 -257 2422
3192 1356 7800 -390
-280 3439 3743 -2762
-572 -7328 -1103 -5122
3845 436 7492 5154
1843 1155 -3270 10546
-69 905 7405 -2906
-3689 5954 5644 5229
1416 -4925 -7922 -2091
-3839 3425 -3503 666
-325 5396 -4458 -480
4867 -901 6622 5197
969 -4402 327 5101
-6687 2822 -10402 -6073
362 -993 1006 -5374
1694 -1778 -1429 1001
1629 7107 -113 403
1356 2873 -281 -4831
425 8253 -2798 -3692
