-1618 -248
-4 182
39 -127
-6 -7
26 69
-9 1
-133 49
-35 33
8 43
0 -16
-49 -30
-47 -33
-43 -9
-54 -48
34 49
35 51
-25 33
11 -4
-25 -63
-3 -18
-117 25
-14 64
20 -5
15 20
-18 -61
43 1
-15 32
-11 62
-24 24
-4 3
-33 -10
1 38
-40 -31
-11 -1
-25 -28
25 2
-11 19
-46 -14
18 -14
9 16
4 -13
-42 6
3 17
19 21
84 23
-31 25
-3 19
-16 18
-10 41
-4 -16
15 -21
-47 29
27 0
32 32
-7 -12
-20 17
-21 24
-32 -2
-23 -10
-7 22
4 16
-3 -32
-13 -4
5 5
-10 -14
8 15
-7 0
-27 -18
-12 -23
-4 -2
8 -2
-5 -2
1 9
-1 7
-1 0
1 -1
0 0
0 0
1 0
1 0
3 -3
-2 3
5 0
5 -1
-3 -11
-10 -2
-1 8
4 -1
2 -11
-14 -5
3 -4
-14 8
-13 -15
-19 11
8 6
26 9
-23 -13
-57 -21
-64 4
12 -17
29 -5
-22 -40
64 -15
17 -23
9 -29
64 39
-31 -31
52 -11
-2 -15
-1 32
-37 -34
29 -18
-20 50
47 -7
41 -2
10 -27
-49 11
14 -62
-8 81
8 -3
85 -23
-66 7
25 39
-106 -68
64 31
57 -92
89 -113
98 -71
1104 377
-107 103
94 -131
-46 -66
-22 -109
43 -18
111 -62
119 -85
-14 -107
16 19
110 77
137 45
122 30
130 96
44 -101
-84 -158
34 -149
-44 35
87 141
89 22
266 -17
-5 -204
-14 -6
-76 -132
26 127
-83 -72
4 -85
55 -139
70 -87
-18 -1
31 58
-34 -114
68 113
14 -7
50 58
-8 43
45 -8
144 12
-85 15
-25 -62
4 27
162 24
-1 -77
-70 -56
-298 -151
96 -127
-8 -33
76 -80
80 -144
-40 87
-60 125
195 -89
-115 6
-166 -129
17 42
101 -45
116 -111
184 3
156 41
62 -128
-35 -105
-19 166
68 38
-27 -43
90 125
-61 -138
66 10
240 160
130 224
42 36
-85 27
76 30
-13 -135
8 -149
19 2
-45 49
-24 20
57 -12
283 74
41 7
110 -100
-39 59
91 1
74 -14
-41 -127
-102 -21
3 67
42 -11
30 -61
-78 -22
9 -33
-59 39
-46 -68
-88 37
27 34
105 35
-94 -46
-125 -45
-199 11
65 -78
30 14
-45 -108
124 -3
31 5
16 -45
106 21
-31 -44
63 -60
74 14
29 -37
-16 -69
7 -42
-80 127
-46 11
56 -38
47 43
-87 -53
9 -25
64 -42
-39 19
127 -8
-54 -3
128 -32
-59 -1
-10 136
-25 72
-4 -59
44 17
-425 -6
-1 99
-159 138
67 -18
66 32
-10 66
-36 43
-37 9
50 102
-42 56
-72 -102
-77 114
-68 -48
-72 -30
-184 -11
24 125
-56 232
47 -55
-97 -150
-271 -4
-95 -69
86 196
-33 108
168 193
-46 3
5 113
-3 66
-119 35
-94 120
79 -30
48 -38
34 174
24 -107
30 1
17 57
-147 -109
-90 -88
-90 125
163 39
7 97
-66 0
-170 -94
-4 152
43 8
280 336
-11 192
72 -113
-126 104
-216 46
194 -202
39 -265
-168 -26
147 -56
258 141
15 -17
-145 -80
-179 121
-266 -20
-357 -59
-196 162
94 207
203 -66
-17 -132
-6 120
-223 -351
68 330
-157 -78
-263 -171
-343 -315
-84 -165
31 -36
-117 -96
12 217
122 235
80 15
159 -206
66 14
-29 -105
-662 -80
-21 -107
-12 103
272 -40
-112 -4
-68 84
26 256
127 -5
114 -144
-2 -39
57 185
191 106
-44 22
136 -103
172 127
114 -138
-74 12
-173 -16
127 101
515 188
296 35
-36 -1
-220 78
104 206
-340 190
-129 179
-14 132
-282 -233
185 174
-253 -1
140 110
34 -167
145 135
-145 71
63 -95
-261 55
-17 -125
-1 151
81 -28
-55 175
14 -277
-48 -26
-211 89
150 -82
-48 -105
218 220
-219 -100
-119 250
-227 277
-120 83
521 940
-21 -200
-2 -183
260 207
7 243
-131 -45
-214 48
-237 19
-79 70
49 -114
-81 137
-171 -268
-124 7
-40 -39
131 169
188 97
80 -95
-16 -30
-24 14
205 13
-318 110
-94 118
25 -200
-117 29
93 -228
112 33
105 91
117 155
86 -85
-60 44
-27 -101
76 -197
-118 -110
-40 110
-159 -249
248 54
141 92
-129 -235
-152 -22
-30 -94
133 -32
-84 64
-16 -149
157 118
17 -269
-178 16
-67 336
118 -16
262 321
-244 328
83 246
-94 199
-63 122
-138 -150
-6 39
100 195
90 -28
20 247
427 237
312 9
-134 -280
-288 -76
-6 224
112 -292
172 534
-45 -523
236 86
150 28
466 289
124 330
7 21
-2 28
-30 -223
-234 -296
-243 5
-290 324
-76 -113
27 148
876 66
22 -61
-347 79
-347 -55
98 -29
-68 -191
96 -405
-288 36
-218 91
-118 86
-207 -434
-253 -165
106 224
-387 33
-123 -140
-52 123
54 -10
12 131
90 -51
-730 -258
-481 185
-265 54
521 -237
-180 -98
516 -222
3 -456
85 -222
451 543
-174 -140
366 195
-311 -328
-168 577
-412 -140
212 14
158 51
569 -123
207 65
-196 -320
-40 336
109 -405
-228 697
178 -13
155 -162
-281 109
-193 345
-484 -434
284 -194
314 -606
531 -557
288 -352
