5236 3458 168 -6176
870 -3505 661 -4337
-5810 -1605 -5665 -3419
1317 172 4487 -698
-2313 1083 -2872 540
5852 -4678 -3937 1965
-4143 5315 -3693 2771
5409 2288 -7495 372
3411 8524 -4862 1420
-1500 -1276 8502 -3736
-928 -1697 -466 2958
-76 1000 1440 6093
2312 -6779 3111 1763
-2819 -2982 1261 -5227
2569 2712 1949 8073
193 -1646 1698 -794
-4083 1300 -4075 9764
988 9947 1857 2839
-4865 4509 -200 -1858
1701 -3146 -744 749
1513 3270 -1477 6099
-3452 -2699 1407 3077
314 -5293 -6904 1716
-2732 -4632 -4264 5166
-8390 806 799 -3587
-1604 -5456 -6071 -3288
7289 -1379 1645 48
-2573 7211 -5373 538
-1686 -2725 -3923 3048
-5731 2311 1113 -4323
-2873 2944 -4118 86
-2365 4436 7236 1988
-632 -2258 -7859 4178
-4958 -2209 -2903 6282
3332 -554 1771 -3260
-1923 725 -3945 2131
1695 -5861 -2430 1249
1200 488 -5561 -564
2731 4498 -1573 6496
-233 5553 2521 -2794
8147 1382 -1808 -3222
-1317 -1037 -2140 -6303
-5856 3858 1334 6507
5473 -3018 1054 8817
9425 691 1773 3179
-1178 4777 2929 5409
5960 -2522 2580 -755
-4434 2458 6477 220
589 3560 -2889 -6923
766 5978 957 -986
-8362 -2742 346 2529
-3184 -7082 3076 -7060
-1977 -11 -1102 -285
-2454 -2817 -3220 -6681
-2893 2865 -73 -1499
-2665 1139 -6994 -2880
-1341 -6934 -7492 7507
396 1573 2375 2255
3486 -7193 5228 557
2137 -4669 2712 2102
-7765 -4414 -5242 1061
5092 -3028 -1202 8266
2731 -7181 146 8587
-1491 -718 -11933 472
-4340 5738 -2759 -868
-659 10537 441 303
11578 -10419 6337 -1390
-2757 472 -1566 -588
3326 2812 -6030 1504
-5643 -379 5869 3663
5475 6416 5301 -773
3531 5347 5194 4355
2244 2379 326 -6548
-344 -6619 -2395 -1242
-5622 -403 926 -5927
3226 252 2271 1359
868 422 -3271 -1053
1380 -6016 4856 -6456
-7521 3691 -5808 -4483
-2407 -93 4112 6981
-7493 1487 -812 473
4924 3634 -6502 -1882
1479 23 -13121 -3399
3183 6733 -3533 -2066
1583 3335 3697 1189
399 -7000 -2669 2838
122 -3622 2409 487
-4076 3736 2070 -896
169 -5528 -426 595
2910 -2915 6373 8379
1409 1853 977 56
2096 -4006 -4521 3848
2507 10021 1099 -6758
1310 -1936 -4419 6909
3115 -4668 3162 -2627
-5887 -972 -1900 4916
-2516 -271 -2060 -4040
-4261 6153 -4668 8405
-5709 -1038 -2389 1929
7149 -2060 1341 -2186
-7523 -3648 -1457 -340
-2593 -1801 -8014 1414
-269 650 -4610 10331
65 -6655 -633 -3827
-5583 -6508 209 7390
-583 -1083 -2861 -8311
9774 1826 -6421 2468
-1001 3169 -382 -2207
-3384 -3137 3391 999
-5984 3409 -3653 605
1289 2921 -3197 6547
4213 3212 -5662 3229
4474 -5258 -2386 -5525
2375 -2623 -1403 -518
2073 1429 -600 4149
-8584 1400 -11282 -286
2836 3105 -9074 669
-788 8295 -10534 962
-4451 -384 6270 5754
-5641 3764 4798 354
748 -2387 298 -1549
-4988 -6132 6662 -1854
-9287 666 -5461 -118
3760 2442 -3102 -1914
1197 5440 -557 -6022
-160 3287 12284 -2189
-2493 -3922 -1875 681
4255 7109 3123 3656
2056 -2862 -6710 1236
-3720 3755 2104 -4331
1201 -4978 5826 4878
2585 -4185 -6966 -939
485 -2589 -5224 961
-809 2950 -5461 2566
5647 3902 4880 384
-3911 65 -2034 -2410
-2576 145 -2331 4615
881 2328 -693 -2705
2247 -4244 6404 209
6305 3552 -2625 -2276
-2747 1009 4175 -6212
3992 -448 565 -5381
-2074 -182 2916 -442
-3185 -4884 -2870 -10202
496 -8654 -1637 4123
-2606 -765 845 390
3992 -5612 -354 6524
1731 -1767 -553 -4736
-7734 -614 -8860 -2763
-6328 2219 268 4109
-4649 -7126 -730 1809
1092 932 5075 -4959
663 -5295 4891 -760
-366 -4453 6423 -550
-5569 -5265 -8387 2942
-1099 892 -2759 171
969 545 9087 9505
-6112 1578 -268 3361
-2 2641 2614 1104
-1721 1114 -5561 -7779
-2329 1075 -6648 1988
175 -7778 1803 3772
924 6148 8274 1789
3965 4413 925 -7157
-10009 -1610 -43 8076
-2779 -2527 -313 -1589
157 2415 -1025 -8184
-3386 1293 -2069 1361
2670 1247 1378 -4361
-4760 -3520 -4153 -182
-1648 -4479 -4173 -391
-6609 4710 -3681 5423
-2241 -5905 3804 5429
-4371 -6322 599 -9080
3317 -1538 697 162
-2290 5677 -4408 5075
9635 -1068 3659 2834
-4309 103 5480 -1655
-5313 -2347 -2500 436
1091 -3333 -1143 2055
109 1304 1079 -3400
2314 -613 -1360 -8341
3579 2778 2833 -951
-6089 -12 -513 -950
2125 -3099 5042 3153
-8777 1794 -1819 2477
-2679 3700 -3694 525
2998 -103 6179 -256
-4078 -5406 -431 -1566
-3613 -16 -6120 -6086
4918 -2063 -623 4202
-8368 4048 -1092 4782
-3674 703 9171 -1585
951 -1140 -9822 449
-4186 -4078 -5968 2077
-7112 -541 2944 -4276
2702 -2712 10487 -2008
-869 -6161 6670 6766
-421 2354 2887 4482
921 -1795 1845 5488
2130 -2041 103 -1030
2019 -9012 -2186 -2384
-1804 -5466 -1371 -1941
-1354 2509 -5790 2214
2571 -1745 -1080 4473
-272 -2659 5131 303
3706 -666 1615 3433
-2960 1191 1025 3426
-603 3811 1015 -710
2751 4811 -1776 1878
-6664 2665 -3084 6295
7144 -5844 1582 2446
8155 1550 -1725 -4457
-4564 1666 -305 -696
-1651 1581 1073 264
7066 1868 3172 4483
-824 -1465 3065 2832
-1943 -2230 -4409 -4125
48 1028 40 1080
1983 -4727 -2939 -6180
-6901 -6209 -5268 -1131
6291 6817 3277 4832
-5195 -1832 -1854 7585
4990 2563 -5759 1252
-2063 -1963 -2124 -2162
-647 4521 1883 3932
2483 -692 -8634 -11900
-4232 -908 1417 2717
3021 5409 -7187 -6067
3635 -949 5188 -2606
6091 3842 -1438 796
7617 1273 5516 320
673 -6256 5901 3417
-1216 2263 -1786 -6468
-1657 376 -3205 5702
965 2596 -2564 3785
-2777 1932 -2657 -1558
851 -1008 -7385 3118
2549 4767 4243 569
122 3740 -1728 -6282
1244 1942 797 1234
-1606 -4061 -4663 3941
-1686 2844 -3465 -7170
-5299 -1312 -875 6253
8543 -5037 -1601 -2342
-3100 5113 -1305 9554
6885 8106 -5545 -276
5833 558 -1033 -658
2171 -537 -1598 -2687
4507 5805 -6101 -1854
-1349 -1238 2535 1343
-2860 -2123 -2013 2457
1302 570 -3462 6835
7209 3640 779 -3788
3371 -6479 3258 1143
197 3129 -454 -189
