133 -159
-23 -49
81 132
10 -4
31 17
-19 -15
16 58
25 -39
-2 -46
21 57
26 27
-1 -34
57 76
-30 -13
94 -17
-6 42
7 -45
-29 51
8 -20
25 11
13 85
-30 -3
3 -38
-48 39
60 46
48 -23
7 -13
-2 22
51 14
10 -18
38 -8
-37 -9
30 21
-9 -24
4 -5
18 22
14 7
36 -14
5 2
12 -13
-2 28
25 -10
-3 -78
-36 -12
-8 10
2 20
28 -27
-29 -17
23 8
6 11
-4 -30
17 -50
-55 -24
6 -34
-12 16
-33 52
-6 13
-31 20
-19 -12
-3 16
-3 -9
3 -15
-19 -10
0 17
15 -12
15 3
4 3
12 -2
3 -8
8 1
2 -1
7 10
2 -4
5 1
-2 -5
1 -1
-1 0
0 0
0 0
-1 1
-3 3
-8 1
3 3
7 6
-2 -5
-11 -2
-1 -5
9 5
-5 19
-10 11
19 13
5 40
-18 6
17 6
-7 -7
-46 -6
36 -12
-1 -24
-6 30
-31 5
16 31
-17 -11
25 -47
26 14
-31 37
-29 57
-12 -35
81 -7
-1 -42
-43 35
64 70
-21 -6
-56 -7
26 69
-39 -19
-89 31
5 -35
42 -79
57 -67
-65 -37
-16 -63
-44 1
61 -7
-37 -91
-14 98
-66 -1
75 -21
3 -82
-337 -142
29 -74
-122 -155
-50 4
-56 15
23 5
47 -123
-44 62
4 163
-42 -141
-16 -37
-30 47
-72 -151
97 50
-310 48
36 -106
-10 89
21 -153
-4 76
-106 -39
-37 -173
-3 -17
-17 117
122 -146
-153 -125
-72 77
-26 -23
-18 -88
-138 -35
-8 37
-99 58
71 -35
-47 -117
11 39
-11 -16
0 -125
-60 -52
-125 28
-64 11
-32 73
-30 -4
-78 40
41 263
128 55
-41 -41
-11 -91
-95 94
81 45
-116 -37
-28 -9
5 163
-81 203
239 99
-1 185
51 -70
174 -254
35 -73
181 -123
94 48
12 -85
13 65
-10 98
120 75
11 -125
-126 111
-130 -15
-55 -45
-89 30
-50 69
-88 -21
-41 11
-99 -151
-33 64
-104 -12
48 124
-26 42
56 2
-30 74
-11 -36
-22 68
-85 95
-173 17
59 48
86 77
-15 -55
-105 -14
-6 -26
76 30
-40 121
-66 56
85 64
46 191
-40 46
50 16
-38 -16
-175 -30
119 -43
15 -92
-33 72
-65 -15
67 37
-31 -7
16 -140
76 -26
-24 -10
-92 88
1 4
89 -29
4 -162
-37 71
58 29
-54 -2
-52 -26
15 107
-22 -46
-144 26
9 -22
129 -44
-4 -109
-6 -45
11 -17
11 -36
31 74
40 36
-40 7
-140 -38
-82 -117
-43 -25
-63 116
109 79
89 79
-32 90
23 -24
48 111
-118 66
-53 50
-27 -180
19 47
-70 -40
80 57
-28 26
-118 -25
329 -56
-103 6
-45 18
73 168
-60 -46
162 -20
62 91
181 24
34 -78
-76 149
63 91
-34 -69
4 68
7 136
57 8
-37 31
130 -111
26 195
-56 234
3 11
-3 78
-150 223
84 129
153 -12
174 -2
-83 -144
94 -229
121 -86
-114 -207
-82 -86
245 25
24 130
72 -82
-18 -8
185 81
52 -85
60 -325
74 -209
-284 -96
-103 -322
-33 97
-247 298
-66 117
-330 186
-85 32
-11 79
11 -137
-27 -143
-153 -147
-75 216
294 -288
248 -54
242 180
-39 -79
230 -34
82 98
240 30
204 284
22 -69
294 -16
-215 -221
112 -27
-142 67
-115 24
76 17
226 -186
158 -103
223 33
-38 -162
-153 -130
98 38
202 31
12 236
-64 -82
55 -220
85 -181
-231 -154
74 -386
341 30
-234 -60
42 79
256 39
-195 49
54 86
-51 -176
228 -71
-56 -281
45 56
-150 193
-41 -204
186 -294
38 -267
65 201
-368 -33
21 98
189 -71
-275 -357
86 17
168 13
-117 -238
63 16
261 -113
-89 189
-5 193
-189 224
213 9
93 178
157 -76
-159 11
61 227
-27 -253
115 -14
-297 166
18 181
-486 -57
196 303
38 163
169 2
42 111
14 -112
106 92
237 -145
5 -25
25 200
114 13
-36 -206
113 196
39 -82
46 8
155 249
73 -168
-142 19
152 -122
-35 175
-34 102
-285 28
-32 -97
-91 66
212 120
118 -19
87 115
32 -66
140 52
56 -87
-142 68
-184 -238
145 -150
38 -24
88 -95
312 -50
8 -152
-78 16
-137 -51
341 104
-54 328
-163 170
187 -171
-148 70
-389 102
-10 -110
19 -3
-33 -51
-86 -181
-75 60
-208 360
169 127
140 -2
187 248
-72 -114
76 -65
26 -64
371 66
13 -213
117 4
-4 82
-23 118
63 103
70 -220
-357 380
-234 131
-543 -156
224 -73
-337 -110
-90 -66
-333 48
-289 -173
125 3
-367 116
215 289
-64 -71
74 -282
429 -317
-115 -74
-170 259
-108 -58
-315 -136
25 370
171 174
-184 -26
-141 -250
-41 -444
-69 169
109 299
4 253
529 131
-154 456
-488 -183
269 146
162 -153
-336 123
342 -114
-102 -43
-74 419
-291 221
-144 344
-274 -264
406 -43
93 293
-423 615
15 364
-126 -530
677 32
12 294
-368 90
400 579
106 -114
-260 34
190 242
-240 -2
-202 213
-47 -157
-63 -433
346 -146
-312 -107
-85 -403
-200 103
243 -174
-397 -588
11 575
-136 -1
614 117
195 -322
