-369 35
19 -57
-114 98
5 1
1 -3
-29 12
-48 38
-10 -3
-9 40
65 54
-36 8
39 -31
70 -21
-18 -45
-6 -12
-40 -56
25 12
6 -12
10 16
69 31
-19 16
2 -17
61 78
-15 28
24 15
-1 17
-44 15
32 -5
35 -7
-4 18
24 14
12 16
-36 46
6 19
-11 -26
-21 -3
-74 -44
-21 -23
6 -55
-13 -12
13 49
-27 -11
12 -9
-46 -58
8 40
-6 -4
-25 -43
11 -25
-37 -10
-35 -17
-18 -17
-58 -34
-4 16
15 -17
-35 16
-10 -25
15 15
29 -20
-13 -9
-23 -17
-22 3
-1 3
9 -17
12 -4
-6 -3
37 15
0 7
-14 23
13 6
-11 1
14 12
-7 -2
1 2
6 3
4 0
1 1
2 0
0 0
1 -2
1 0
1 -2
-4 1
-3 -2
6 10
-4 -5
2 2
11 8
-10 -8
-13 28
2 -1
2 -8
9 9
43 10
-43 -7
14 17
3 -3
-16 -27
29 -16
-28 -22
-10 50
15 -53
47 7
43 13
-31 -22
-18 12
-6 27
-28 -7
16 71
-34 -7
52 -43
-11 15
75 48
-13 -14
-20 -89
-1 26
72 11
-10 -10
29 36
41 -1
-74 58
99 -101
34 -9
-14 31
-4 0
-7 40
81 -27
-36 -29
-48 39
6 -180
105 -110
233 -205
-12 -32
20 -15
60 -34
96 -32
54 7
42 -84
-225 -109
59 11
-86 38
-149 2
16 116
41 40
102 127
-31 89
-55 -1
-59 -14
-164 -22
89 -100
-5 -21
-193 -206
41 -68
-20 -80
49 -41
113 -42
-90 1
-77 23
10 -65
-80 -57
-23 -84
136 -137
-9 -66
30 77
62 -26
227 151
63 77
-23 159
43 10
-67 -168
84 13
-26 46
166 216
-33 -153
32 -23
76 182
-34 103
118 17
179 62
89 81
287 214
-10 -65
-63 68
135 -85
22 134
-85 -47
-157 75
71 73
118 83
144 -19
-16 -33
-56 130
-67 15
36 28
-299 -105
-10 -43
132 -216
-127 -62
109 -5
-177 -153
86 27
-14 -35
-113 -71
-93 -1
-54 -48
-141 -30
14 45
118 -242
35 -14
35 -75
-88 15
-40 -19
76 136
-54 -66
14 16
82 71
-88 -58
-95 187
9 -2
6 -63
46 16
200 17
-167 -58
73 18
26 15
-26 -61
66 -32
-24 -58
-70 133
71 -111
107 -10
116 21
-90 1
-46 53
7 6
-19 -88
42 33
-125 -92
35 -25
-30 -62
104 29
-132 17
2 -78
-73 20
171 7
-23 -2
88 12
102 67
-27 -7
38 48
-47 100
112 -27
-27 -12
47 -46
40 46
14 -47
-29 84
-33 -114
153 -48
-183 123
-36 132
-96 14
-8 52
-98 -103
-47 -27
-16 68
214 21
-57 -43
16 19
99 30
18 -113
-72 -13
-18 -56
-60 -159
146 60
140 -37
82 -109
-102 190
120 148
157 176
-60 60
-46 125
-48 17
-26 36
90 3
34 -2
4 174
38 41
50 132
-209 102
-18 153
-26 -7
-38 103
-236 -209
-81 -65
53 -179
-53 51
143 203
-58 44
12 -67
-217 -232
18 184
-122 129
17 -264
42 -136
-37 35
-278 -5
-151 -145
-495 -497
144 37
68 -44
-59 117
115 -240
105 -58
203 71
-95 -218
-114 -56
-230 19
90 157
64 -258
-30 31
-22 -69
443 74
64 -65
-223 365
186 131
-37 -15
279 218
36 -75
-1 49
178 157
94 80
87 199
342 34
-139 -15
-218 376
-132 50
68 84
108 -186
287 143
-253 -200
51 -17
-77 -23
-240 -56
28 123
91 -289
-22 50
-36 -20
-81 -200
-317 -194
340 -58
-32 -323
21 127
190 282
-234 151
298 177
-60 -257
-17 322
-173 -55
-96 -44
64 191
56 -34
10 -152
148 -110
14 -332
87 -90
-303 209
39 -186
-258 -93
-43 191
29 319
-1 -43
-119 -88
61 20
-38 -131
-21 53
177 -242
-185 264
-106 179
22 -48
-36 -178
70 -236
-175 135
78 85
48 -97
-409 -155
-71 112
-228 272
44 -64
14 -33
-6 -40
-37 150
-82 30
-144 63
230 154
-25 34
141 -22
106 -29
-21 -26
46 -119
-238 -163
161 -68
-134 -36
-178 85
201 214
-82 -149
-294 -79
157 56
51 -20
-8 -28
-128 74
-164 -8
-79 5
91 -109
-11 -260
60 47
-88 -23
171 47
-24 -259
21 -165
-116 -110
94 122
94 -64
-167 156
24 -4
-191 -133
-52 -28
-9 -5
208 -6
69 -75
247 -158
-238 141
-86 110
-113 -85
121 -189
147 183
453 564
-321 94
-62 -66
-84 12
-374 255
55 241
-55 -371
44 334
53 -33
60 5
10 -374
-56 120
168 -5
71 145
-217 -29
-131 247
289 -422
-100 -173
27 -75
-114 45
-8 84
24 -153
-224 -88
35 -207
-39 -334
-440 -6
228 1
398 -386
343 -162
-118 -59
110 287
-439 -279
239 150
-40 69
369 263
264 -27
162 -149
175 215
102 -75
254 293
87 527
322 308
-593 172
-22 368
-120 -89
-252 -289
334 -201
-596 -61
161 337
-150 -453
433 283
256 192
-71 -344
-62 -152
-251 341
-268 285
84 775
223 287
371 -309
-16 285
340 362
394 -131
-240 -502
293 104
106 -97
121 -51
-33 204
49 -237
-460 308
589 -662
303 -251
-399 255
-6 95
-90 143
211 -225
-298 -47
-198 -33
