-8098 -1819 3816 -541
-2570 9825 2736 2796
-4173 -1588 1914 2387
-5722 -4235 -1501 4297
8474 -5862 -2072 -1391
2458 4830 -5862 2133
625 2817 -4729 -3663
5847 -2722 -5192 -1896
-613 -1605 -2620 -1904
-2408 -1720 -2380 -566
-1447 -6138 4624 2688
2680 799 -680 1859
5220 -2030 -845 1290
-6911 -2658 250 2341
-806 3862 -2286 -2649
-10666 722 3560 -850
-5633 1159 -5797 7646
1379 4198 1535 -3306
2743 5096 -3528 2713
-2683 -2560 2665 -1168
-8299 1949 5610 -1274
215 -8519 6284 -1184
-2307 -1973 7503 94
-3879 4334 101 5141
-3104 1874 -3784 2200
1566 8507 1124 2617
5403 5629 5731 2719
4037 586 2927 627
3914 -575 4784 3408
-1097 6721 -3584 1936
8495 -5655 -9749 36
-5459 -846 -1735 -2549
-3016 -1972 -699 -916
-5085 -901 3849 2805
-5582 4710 309 511
1106 1220 3943 -3267
2041 1262 8206 3177
-1997 1891 1339 2044
-4710 3024 -6593 -3997
-4775 -77 5558 2366
-1152 -3089 172 -3630
-662 -1791 4166 266
140 -1522 -4429 4674
-2439 3646 10553 4526
-4235 1683 4558 341
-1989 -3360 6679 -2983
-2985 -1499 -1136 -5263
-8719 -1923 1038 3516
5352 2692 -3632 -5879
3535 -7016 5110 10021
-1614 271 2173 -2808
11494 242 2375 4223
-1831 -8648 -2442 -6382
-164 1206 3944 -1111
-9624 5174 -645 1036
-2432 -3951 -6260 -1265
-6621 1968 -597 4214
267 -2494 1057 -1827
-1803 -5963 -1020 -873
656 3679 -7241 9445
905 4354 281 -3524
533 -1547 1794 -1861
6435 954 3118 3103
3166 759 462 -5022
-1034 479 6111 -3484
3394 -7232 -6492 5722
-3648 1190 3918 5253
-4230 -1362 -5827 28
-5640 -9165 -1320 8718
984 -4772 -689 4140
3997 4697 3553 -5772
-79 1203 374 2608
-3903 8465 -874 -959
6614 -3164 -1312 -3044
1997 311 1635 -362
2224 3218 -3123 -4110
-1314 8432 751 3086
-3739 -2942 -1057 5776
2253 -1593 -4979 -1514
1370 1949 1508 -833
1256 -541 -5857 4163
827 -7629 1854 2457
713 -3197 4121 -1545
3956 -884 -2113 -4165
1709 70 -3591 -2566
456 -1529 6857 -3732
2949 4024 5174 3225
-3867 -559 1664 -2322
-937 -5779 3250 4697
7627 -1740 3391 -2963
-2080 -2422 4004 1108
-8461 -3989 3626 8826
864 1675 -3077 -5274
5145 -2166 -1776 -2743
6230 1660 2264 192
-5147 -5013 1689 5350
-3178 2182 -2521 -8324
-1200 -9200 -1574 -7258
-5808 1555 -222 8158
-5522 1863 -2893 -914
4902 -5519 -1396 2992
-236 -3184 362 -1345
5459 -1034 -934 -4138
4333 -2108 -5131 617
-14014 2611 -935 2657
-3237 -3141 -2859 615
3170 -202 -3942 -494
-2987 4615 -8097 9495
-705 -4641 1 -1329
2902 -336 3146 3351
-3977 132 -5749 -904
-300 1064 -1478 4166
-117 -1770 4329 5002
-3729 -1441 7799 2137
-297 6794 2078 -742
-3567 -4391 663 2179
-6051 2181 2091 -5550
-4431 -8414 254 -1744
9580 4122 2054 -5704
918 -3506 -484 -7204
-1763 4778 4788 3436
8246 -1760 -8596 8028
-6396 -3094 -4611 -7078
517 -2492 657 -1407
-4338 -1963 5871 -5934
-937 2816 9322 -814
1221 -132 1049 -4036
473 5478 1575 -4017
-3275 4618 6022 792
-1187 2618 -2643 -4076
803 2514 -2616 544
-1170 1712 -661 2822
5153 -1113 2084 -3216
-420 1706 -1893 -2754
-10106 -798 4921 4858
-9379 1338 -5380 -4292
3028 995 -6674 -1447
3600 3119 114 515
-706 -961 -5735 -362
-2352 -2195 2915 2841
1263 942 -3940 -3480
-511 -60 4921 -8266
-2923 -11352 -2234 1462
4260 -1683 -2772 -946
542 8983 -1293 5598
4763 3293 -7169 -1625
-2886 -3365 1409 4844
-4032 -3784 8224 204
4058 5432 -7633 -5344
-3853 5275 -3508 3668
3480 3820 368 -6264
1826 -340 -3186 653
-10386 -598 -2689 -757
1390 -2637 -5822 -4580
-520 -931 4223 804
-1498 -364 -3390 3423
-50 345 1944 -4917
510 -2683 2205 -3770
933 1409 62 -3156
-2838 -477 1124 1840
-2854 -1724 -2748 4765
-4222 -1911 -2192 2943
-3243 5696 -2612 -1042
9207 -197 -724 -2797
-3742 -6339 -3990 -5289
1636 6745 -7514 11755
149 5059 8361 -2434
1063 -2649 -292 2202
2063 8270 163 6661
-2010 -7654 1720 -7389
-3074 4434 7401 6368
112 -3900 5569 2244
-716 -2616 437 -2011
66 -1751 2236 -1166
3924 6849 -7028 4170
-3912 -3798 -100 -3089
7497 -513 2796 5209
-3562 300 -1737 -3839
-4385 -848 -2357 -548
7432 -3820 4012 4442
-4559 -1077 -3421 -1631
6615 -4994 -8608 5893
-1476 847 7516 -4994
2325 8591 -866 3110
-2798 -2554 2743 -9567
-2689 -3303 -4200 4189
-4708 -2085 -4335 6236
4597 -1469 -7915 8955
-4042 -7941 8172 8358
-1371 4347 -4307 -3725
2204 -1765 -1747 -2637
4675 3647 -2385 -1916
222 -3485 1597 3975
-4152 6671 4938 5264
-5677 -5307 -5887 -1610
3594 138 -5956 -440
-1821 -1868 -392 6179
-5875 5643 3193 -116
-3959 -5991 -1668 4033
-2694 -4911 -1795 -97
1871 4259 258 929
-1336 431 -7252 -4161
-1275 4868 -1609 -3026
138 -4001 268 2206
6465 -2189 -6328 13112
-3085 -1000 -1161 4249
-3214 -2685 102 -901
1930 -4918 3086 -300
-1443 -1429 -3105 -7077
4543 5248 -2028 6660
-4319 1178 2306 -3195
607 -604 -6809 -467
1535 -2592 724 -4085
-787 -8373 6149 -11875
-13603 2548 1791 2369
709 1134 -1222 50
-414 63 3959 3913
3102 -475 -2394 156
-3654 -6612 4369 -892
-4712 -3668 7574 -2108
-5026 1023 -3668 -1629
218 2855 3963 -690
-1901 705 2259 -2220
8235 -589 -10678 -3307
1892 -3043 -1239 2660
-4279 -6315 5982 -1482
6373 1342 83 -974
864 1700 1621 4586
1858 1342 -6671 493
-7120 -3176 7325 -1921
4937 4377 -2545 -1131
3885 -6590 -1219 4707
499 -2652 387 -7191
3307 6344 5633 -1038
255 2322 -6534 3444
-5319 5736 -81 -2047
1117 -1288 -551 4959
2148 -967 7710 6699
-12971 551 1494 -5748
2646 -3909 -3988 2258
322 -3397 2995 -3480
3868 -6765 -5448 1629
4762 2949 -2461 -4308
985 -3026 989 1143
-3482 -5926 4453 2301
-1860 -4731 -2960 4408
-3623 8106 -2762 -1441
-1843 -1333 3014 -1314
-456 -5553 -6952 6784
24 -1035 1173 -3423
-5192 5109 3774 -3320
1402 2230 -6627 1281
-3777 -4217 9385 956
-5010 -1483 -10856 -4358
-1722 -1495 553 4458
3199 -3879 7749 -4729
