-1134 -1881 -6083 213
676 4301 -6047 1374
-1820 1601 -6772 4919
3377 -675 -1130 1612
-2429 -1446 632 7978
-6475 5210 -2800 19
-3310 -2519 -2009 -3323
7285 379 -1343 -1107
-5422 -1956 984 232
828 -944 -81 -3463
-2550 -164 -2796 380
-2103 2624 -7708 -2857
-1309 -452 -2902 -361
-9496 -7525 3014 5336
-2993 -2285 -3525 -396
1549 2710 -2937 6626
5685 -1333 7520 113
2106 4351 -2598 -2183
9901 6386 -3567 -176
-4191 3630 1433 -3157
577 107 7819 9043
1740 3777 -633 -1488
-58 -1047 -2779 569
-1801 1853 -2386 930
8216 379 2448 5230
-2966 2039 -4095 258
3590 -3989 -1943 -1032
336 -4532 -9801 -2327
-4 -1836 -6451 -198
1589 3476 -5407 -2483
3400 -13204 3977 3118
592 5528 -458 -1952
-3021 2745 -2369 -4949
-1093 -127 -749 -198
1822 441 5519 -2099
-2613 2537 2151 -69
-6692 1035 7432 -5164
-1174 -1212 -825 5332
-1921 -879 448 7491
-6056 -4640 -704 -2175
2740 -5474 -2852 341
7203 4407 876 2573
-6108 -4430 163 5777
77 4897 -2684 -4869
5328 6808 7694 1621
6232 6041 287 -3484
11682 -4774 3911 3777
777 5571 -1085 -1121
-215 3102 7416 236
-2627 -1745 -3364 8039
1408 -2148 370 -1328
1104 -4355 -1994 -2118
-6560 1565 -2937 7230
4370 -2516 -4520 -1167
3772 2 6743 -6212
-3829 -1730 -1553 -8141
-4845 -2491 -114 -375
2333 3653 743 547
5213 -1403 1707 77
1152 2529 2401 594
-7843 3132 3222 3419
3763 -6117 7076 -123
8804 -312 -2711 8391
2305 1757 3221 559
-10242 -7445 -174 -5164
-3357 -8750 2232 -2404
8450 -5115 479 105
577 878 11506 1987
2714 926 6220 -1111
5523 2746 -2315 -2939
-2291 5261 9829 1024
-261 -3526 1117 -8304
4520 -4549 2905 574
204 2566 87 -4310
5101 459 1621 -2658
-5400 -5678 5583 2706
4558 6165 1636 224
-2035 -6261 4490 1289
-7942 4968 4870 5212
3449 -962 -547 -2007
6621 1733 5247 -4003
1584 10 2574 -2683
-841 5775 4022 -145
-2294 1706 -223 -2586
8780 3471 -8971 -572
-4315 1837 -2796 1291
-2340 -7114 3288 -8185
2390 6850 910 -42
-580 -2214 792 -5009
-3721 -267 -3794 3727
1269 -3782 -7874 8181
-4154 733 4688 6944
-5960 311 1049 -2923
-7570 -6332 4259 3476
3730 10769 -979 -1598
1054 3610 165 -1020
-7462 11158 1913 -5235
-2489 4930 -993 4210
-3408 3790 -5163 2356
1465 -3930 449 -4471
9451 5443 -5094 673
-5904 3058 -3441 -1275
-409 -6308 -1309 4689
70 5723 980 -5786
4915 -11570 -9064 -541
-3726 -221 -1762 5607
619 -3428 -2565 -255
577 2072 3152 57
2074 2528 -1265 -3173
-5785 1244 -5133 -151
2907 -2320 5444 -6489
1337 -8340 3543 -777
-574 -3048 978 -1869
-3479 394 -3510 2482
-157 -3602 -186 3403
570 931 2178 1240
-378 -6958 1615 -2140
-71 -1588 5551 185
-2144 1668 -5732 3625
-5899 -2951 2156 5041
7875 4186 -88 -7724
5487 743 1809 3908
-234 4063 -5645 3700
-1169 -1293 -4717 10574
6293 -3342 1966 -2352
-745 1535 1960 -4721
4036 -4593 -6423 994
-1264 1024 3472 4893
-3037 5641 -4026 6716
-4322 2837 5247 -1283
2234 1546 -7077 -5110
6097 1092 -2233 -7251
-3075 -4335 1247 -2278
1982 -2072 2299 4345
-9225 5630 -16 736
6308 2852 2670 -2822
4653 1452 7703 -1503
-6993 -8937 2632 1517
1082 1691 -3209 4390
1016 8537 4468 -855
744 -5546 5184 680
-4560 -1350 -5391 -2229
1523 -8450 -637 -2149
7481 -5916 -4621 925
-3138 4981 5497 3513
9680 -4047 -2428 -4397
-2794 -3013 528 9817
7602 -1350 5095 -569
-3246 2331 394 4865
2409 -1764 -5355 -2232
-1189 -693 3604 6369
3756 4676 993 7696
-7187 -2984 864 -2544
3543 -6987 3911 1216
982 -1653 -453 -5178
6967 -3386 4510 3628
-2019 -3405 -6809 -3272
8481 -6303 6285 -3484
1440 -2767 -3445 -1655
-4880 1959 -2450 -964
2712 3197 -412 -328
4857 1246 -3432 13864
3453 6890 5929 -2024
1075 -5731 -2970 -598
-619 -294 1124 -2039
3309 2315 593 -2072
694 2084 -5932 3885
137 -340 -2827 -2081
-2128 4106 -476 3233
-1011 2330 -573 1081
-3860 -2950 -2832 2746
-4941 -4219 -1190 2676
7867 2086 -5800 -3315
-3316 2114 -6204 -1426
5191 -4374 6632 4071
-7032 7308 -4739 -2455
8494 -3683 -409 69
-4573 -6893 2208 1002
-2732 -10 4527 -2139
-8356 -1955 -1721 -1889
-3600 2182 -151 -7775
468 -1488 3191 777
1992 -5857 5620 -368
-3725 -1019 -2939 6389
8021 -4677 3399 5160
4586 -1700 1218 5642
-1844 -2192 -2638 6991
-3373 -6445 3566 3431
-3153 -451 -2912 4483
-233 -7436 8097 7191
-10912 6354 5667 -5695
1406 -3232 1291 -2589
-1373 1998 -364 6445
4866 3490 1066 -2803
1107 -6831 18 -3435
694 3007 -1220 1994
5442 -395 3857 -834
-3332 1472 -3981 -2700
-5289 -2463 6260 -1420
-3953 -3171 -2043 -3964
4196 383 5889 1971
6857 -1626 255 6796
4647 -898 6615 -1955
494 -1605 5406 7557
-4023 -2887 5586 -2118
918 513 1124 -816
3395 -686 2913 1148
3671 -5951 6310 1877
-1660 2484 -3571 7068
-7 1990 1486 6070
3613 -2892 -866 -6663
1707 -4400 4019 -4258
4118 3056 2389 1238
-3867 1176 -2128 3875
575 1302 -5423 8522
-2883 522 3213 -457
-3793 -1424 3463 -9563
1514 -2972 -219 -3443
-395 -5852 842 5250
7291 -5094 2746 -2070
-4141 4181 -2032 -4627
2726 -2411 5897 -3786
2251 604 1879 1601
2511 2942 3672 139
-2906 -2121 2056 69
928 4317 1364 1729
-866 5286 -9015 -107
-2509 -4083 308 7989
6898 -367 6162 2767
367 1490 169 -3133
6584 1466 3315 -4635
-7780 39 725 6287
66 33 -5770 -2267
394 -3768 2429 -57
-3434 -4897 -1697 321
5590 6347 299 -5304
-375 3254 -3379 2244
-4881 -1805 1836 7826
85 8292 -4061 3404
-3609 2208 -2859 10006
-767 -572 -4040 -4939
-201 -6246 447 -408
-3730 2827 3371 -3409
6074 -585 -7427 2777
5976 -4136 -7676 4212
3997 172 8329 -557
-622 4928 -3462 5743
4217 -3385 -6339 1300
-803 8360 -10043 9663
-8279 1696 1440 -3425
5552 -6720 1853 1456
-983 -2336 4641 8257
10 2159 3007 4460
-1783 4913 -2281 646
-2146 -8 -1189 4912
-3424 138 -1474 -7056
