-2302 6831 2434 4536
3362 911 7953 1565
656 -2488 580 1965
-1072 -2198 -11270 1054
-1296 4573 2854 5182
4593 2248 -4410 -4047
2783 -2239 -155 2355
13712 5284 -1871 1259
2194 3427 3133 2471
-3786 -7159 -956 -486
-3226 -3128 -4157 879
1329 4113 -1755 2073
4325 233 -3913 -1309
890 1666 -2233 3380
-1596 -2653 -7683 -5817
-2195 3904 2937 4289
4933 -9353 -2250 2780
-2766 -2230 -2371 -2913
-3008 -1396 -668 779
-679 1411 -3340 6306
2249 -8895 228 -3494
3129 -323 -5056 -2642
3280 2426 4617 -2304
5530 -1110 3516 -3882
-5338 2751 -2331 6216
2221 3258 -5996 4879
5220 706 -4985 -4175
-2032 2397 -2001 5179
1897 -5002 280 -6757
-4068 -691 2511 7477
-6775 -4478 -2660 -3399
-1512 -5426 -5859 1707
1619 8857 4648 -1310
2439 -912 4458 -2246
972 -837 406 -298
-2431 -7127 -2945 1210
1002 1049 -4543 -5286
1819 -4416 -3576 5041
505 2456 383 3419
5563 151 -2705 549
5027 -572 1728 882
3242 201 1832 117
-4110 -401 -5791 -3170
-6851 4774 -10401 -6272
8038 -7750 2356 -1072
-3466 3351 -43 -4830
2891 -2854 -8860 9294
-5654 4050 1467 -3411
-837 -172 1862 7750
-4660 -136 -945 -8729
-5600 4759 842 -8403
-3778 6007 3243 -4066
673 -1038 -2399 761
-1118 -1917 -4295 5217
4510 4729 0 -6083
4377 -1797 362 9679
773 776 5249 12661
2577 2315 -2420 1764
6254 3591 3338 739
-97 8411 -3403 6004
3046 -3243 3799 1677
6428 6771 -10439 -7114
1837 -2898 -9614 1373
-1745 -2847 919 -663
-509 1870 -2784 3773
3091 896 1854 -1638
3773 3980 4140 -4662
1246 -1431 1615 1029
-1926 4249 -1087 -367
-1759 -361 -1045 -4145
2541 -4581 2723 5590
-4066 -979 3126 1848
10006 1273 2393 7045
2447 4205 8814 12140
-5973 -3683 -5196 -5360
2158 3516 -1117 2885
6215 -4053 -2426 2676
-3122 3244 456 2005
3473 114 865 -782
4920 -1874 -1056 1813
3367 5846 -5846 -3999
-7106 1596 4050 2992
-553 -1540 3270 -3541
-4616 -4447 -1554 -4031
1675 2723 2909 3595
5512 5005 1464 -4264
4051 -3460 1487 -4994
-2413 3261 -4502 -4811
7240 -4305 7346 -4515
20 -1270 5515 -1975
-163 -8075 2791 -1675
2329 -1646 2425 -7210
3182 -474 -353 4664
3887 2234 -7060 7060
-34 2640 -4369 3068
-4357 3968 1055 -3687
6975 -2877 7849 -920
-3419 -1289 -5188 -2847
2034 -1658 1178 -2390
-4956 756 2257 -3276
1408 -2461 -9371 904
2398 -4498 -283 -752
1733 -1187 -1011 4308
920 -3331 3134 1958
41 -5305 -5125 -5252
-946 5169 -1806 -777
3679 -3352 -1695 -2997
1445 3380 2865 -2482
-5443 5645 -6901 -651
2914 -8426 -2833 -1095
-357 1317 -3025 -5748
2789 5012 2594 -608
5342 -18 6821 -733
4588 -3971 3038 -909
4626 1480 1430 1041
6276 7417 -2585 -3661
4661 -3658 -49 149
-2667 -6470 2543 2739
1779 2971 -2721 731
4044 1638 -2992 -5853
-1947 553 1469 4027
-4854 -1387 -5880 9003
-1776 2156 1286 -9419
-1602 -2906 -2923 2805
4016 4424 -1913 -2887
-1340 -2035 468 1207
-5328 -750 5809 -5499
744 1009 774 -727
5578 -63 1003 -3815
-6949 -3062 -1428 2447
-3707 2570 1323 -6780
4194 1997 -11163 4496
-2412 5036 2351 5243
-3884 -1339 7831 6656
-1077 -5982 4176 3597
2124 -1368 841 -940
-420 -5944 -1823 4731
-6816 8722 295 -623
456 3199 920 1970
97 -1955 -2040 2649
-939 7775 4921 2982
307 -14749 -1054 -928
-389 2410 -6117 -1715
1325 400 8884 5657
-7316 -7427 50 -5884
-4259 -2224 -75 -1480
-3258 -1468 -107 6327
-2772 5395 -914 -5465
5326 -76 -5174 -5993
-5199 8241 371 -6764
1435 3351 -919 4971
4676 8526 -2639 -4009
-755 6340 -1812 3974
-2338 -5335 3504 -1657
2092 5766 4141 -5017
4838 -4979 -2978 -3165
1682 3838 2172 -1768
-4169 2966 2459 -4590
-1641 -7768 677 195
9777 -3470 -2355 2961
-2168 -6059 3490 -931
956 892 -1317 4195
3503 -1006 7274 4138
-1838 2346 -4169 -118
-4700 1179 57 -2138
-2420 -4423 -5148 -4910
-425 -1713 529 -2132
7122 295 -2613 -223
-13686 3400 91 5758
-8930 2205 4368 -5677
7159 6024 -4007 -4879
6436 2627 -2077 -10721
3485 534 1590 1845
-9280 -4777 7221 8788
-1245 -8516 1310 -1595
-8731 754 3026 723
-1154 -3402 8390 -701
-312 655 5789 2711
5412 -5076 3375 3588
-4565 1206 -5310 1912
5933 -2240 -3296 -3635
-351 4819 -3202 -604
-370 -2527 1091 3369
-388 1563 -10043 -6538
8313 3082 3701 -165
-7229 -3231 -3964 1024
1233 479 -2879 -1008
-1016 4909 7471 3741
2321 1377 -56 -2277
5851 6215 185 -775
-6159 2420 -3427 1332
5940 -7713 2714 -1018
-2800 -2565 -4677 -2048
-10776 -3038 -4313 7290
-1152 -6121 705 -10386
617 2498 5033 -401
-3517 1087 6429 3146
1233 -2057 -2803 -8099
-1526 -683 8255 5051
6978 7579 6187 73
-578 2273 -2950 4412
5120 2792 -1209 -110
2213 5928 -4942 -1680
-47 -4686 -226 -1681
2260 3580 -418 8539
2539 -5227 -5656 -3419
6348 2324 -2865 1816
2696 -6780 -8392 4321
1496 2555 -4388 9509
-6480 4264 5155 -5510
1602 -2028 -2550 -94
-2876 1552 -493 1144
-6885 6166 5660 2842
-2375 2033 9274 -879
-2455 4250 -969 -3340
5137 1738 120 1318
2220 36 1973 -914
-1255 2317 2628 1577
2091 -4177 -7259 4849
1636 -3357 2246 -10099
457 3772 736 3064
4728 520 6050 1153
-1010 -6121 1966 3264
-674 -5426 -2384 2695
2103 -60 -590 -744
4911 1731 -708 -3153
-1558 696 1123 -735
5857 3165 -8374 -2560
2414 541 -2076 2659
4871 -5776 3531 2859
2693 -5418 -3397 4867
-8319 3648 -3526 -4116
-3039 -1090 6785 3741
7172 1480 -7513 -2543
9210 449 -2980 559
1384 2910 -5346 2274
-728 3877 7311 4753
2094 -9009 233 -923
328 -5337 -5715 -3758
-1466 -2213 6934 -1810
-886 4820 4677 1764
-759 4216 4013 1836
-2328 -2175 6392 1623
322 1101 6649 -3273
3962 99 3594 1690
1832 1111 5077 5727
1713 -4186 -2788 -8419
812 -5231 -434 3567
2336 -1114 -2360 6109
5026 171 -1616 -2418
-2959 5780 6585 751
-1817 -10263 1232 2572
-905 -944 2029 -2104
1732 -1675 -1223 3818
-4305 -4251 -2150 -5483
592 -94 -6928 -2809
