2407 1002
56 -77
-90 -91
-31 0
15 115
-6 -43
-5 32
12 -41
5 -27
25 -21
-17 -14
-99 -60
-2 25
11 -16
32 -5
-52 -11
-61 -67
-32 16
26 -25
-52 29
37 20
30 2
0 -55
-1 -50
6 -28
9 30
-56 -72
7 20
2 48
-67 10
18 0
47 23
-6 -7
-53 18
86 50
38 15
19 12
-72 75
-87 22
0 15
-9 -10
-8 32
25 53
31 22
72 19
-32 19
26 38
19 8
41 -53
24 -18
-15 15
-18 -11
24 -5
-19 -2
-37 -6
27 10
-8 8
3 6
-1 -3
2 -29
-16 6
-21 -7
-1 -20
-14 37
7 9
-9 4
19 4
-2 -2
-15 0
-8 0
-1 16
21 -13
4 13
7 -5
2 -2
-1 3
3 -2
-2 0
0 0
1 1
3 2
2 2
0 -1
12 3
6 -3
-14 13
8 -2
-4 18
0 1
13 4
2 13
-16 -2
12 -18
-40 -17
16 14
1 6
-42 2
-16 -28
35 30
-23 33
-52 -23
26 -1
-39 21
-40 -14
29 -41
28 34
53 -17
-23 15
14 82
-43 -26
-18 3
-10 -37
-4 78
-15 -13
-30 -86
-14 -19
46 -51
33 2
18 -19
16 14
-28 -56
10 -82
21 -105
-21 70
9 -44
61 4
-84 -34
-74 -20
-698 803
76 -38
125 55
89 -23
45 -214
34 103
-31 -105
-15 91
-10 15
-61 52
-25 50
214 155
-58 -13
-5 16
-107 15
88 43
123 100
108 -22
-127 30
158 -76
-93 -48
-23 -73
4 145
-7 92
30 60
22 -111
129 187
16 -36
27 -95
247 -87
-85 24
-151 -77
12 12
181 -20
-238 -140
-95 -62
-58 -56
207 -261
274 -82
-4 -72
7 15
78 -122
-48 -124
-128 -63
-254 -77
55 -40
-69 -137
-104 -41
-147 197
-110 80
32 -43
95 45
-119 31
87 -16
166 22
-127 -59
28 -1
-22 -17
-41 15
-26 142
84 -17
132 28
-12 132
100 -241
-47 -75
54 -7
-143 -37
26 12
130 -17
79 -22
27 -199
-255 178
-58 -177
-131 94
-34 49
38 -90
-113 98
123 -16
-47 -78
115 49
123 70
42 65
-4 -26
187 30
89 -41
-148 135
76 -30
-28 145
15 11
100 53
19 100
-93 -11
51 -84
-155 -77
63 42
11 62
-160 -28
-35 -73
88 65
-28 81
-94 -63
42 -3
-35 66
-63 -55
127 -48
-7 80
136 36
22 47
26 116
-70 -6
13 -12
-16 -31
40 120
47 12
52 -6
-39 79
66 15
14 -69
-6 18
44 -2
52 -61
-32 -27
-4 -47
12 -85
-69 -18
66 74
139 -72
37 47
-696 -527
99 114
42 78
126 94
-121 58
-92 23
111 46
-24 2
22 124
12 -70
103 -45
-53 -7
139 7
-74 30
102 45
7 -49
-14 -8
-74 21
257 40
-152 67
59 -15
-45 210
-43 -132
54 102
-84 -44
-136 152
-72 -99
-103 -35
-58 0
-282 174
90 -105
186 12
43 54
-257 28
135 138
78 117
57 128
-206 308
-231 104
10 106
60 32
-234 117
-27 12
155 5
217 80
122 -28
-28 122
201 69
72 -218
170 -163
72 -16
-178 -77
201 -67
-129 108
-222 2
167 91
33 -135
31 -54
216 9
107 -94
-53 -84
-175 19
108 -237
-181 281
39 168
37 -138
116 118
-70 40
-151 119
-71 189
-202 471
237 -386
61 156
243 -225
-43 -104
-118 331
243 -273
-140 -82
-9 286
-135 -116
-261 36
8 -41
9 107
-187 -219
35 52
251 -349
-68 -111
92 -234
106 37
-14 131
-5 -5
96 0
-158 189
418 148
-139 -171
-3 37
248 -58
145 206
-266 -230
264 -249
382 119
-236 28
302 -73
203 14
11 266
-201 -67
-248 180
235 -35
-49 -342
155 139
82 -2
-8 159
32 -218
120 56
140 341
-9 110
-113 177
-117 -68
-50 98
63 37
182 103
-105 212
-105 346
89 -172
55 7
-67 13
87 19
271 -25
1290 -1979
-26 228
-164 -136
-209 18
14 327
64 -257
-157 146
62 -158
-36 -251
83 45
-92 -54
-357 -372
-103 -45
102 -54
108 -51
-142 -11
-225 -125
-118 -81
-121 -109
-72 13
102 191
41 -209
108 16
-114 -334
25 17
223 -74
-160 -199
149 21
-33 122
-37 -207
25 143
-103 206
-64 -168
168 -105
223 -32
6 -114
8 -185
100 -105
-118 -1
2 -73
-188 -50
311 109
99 64
-27 142
179 82
-257 110
240 33
-166 11
261 119
-144 241
-220 128
192 155
-177 69
127 -132
219 -67
-153 0
-153 176
20 160
-250 -85
-205 -79
-95 238
46 -66
-75 322
252 -75
11 -127
-257 167
73 -213
-18 -165
190 -30
7 -169
280 -587
20 348
191 136
-85 274
64 22
200 -383
-301 335
73 225
20 -368
11 -2
142 -78
106 -72
-119 -100
158 207
-94 -111
-333 386
-90 199
-115 191
-205 35
49 -312
-94 -160
-122 -33
76 -145
-585 -49
200 212
-89 -429
-230 457
-210 -352
348 401
-279 155
-628 -170
135 -20
-559 76
-387 34
-123 -444
477 191
-62 -445
-253 -16
76 495
-190 -255
-220 149
-43 -273
-308 298
-252 -202
-477 -715
-34 -526
131 -413
142 190
92 -56
122 217
-240 -237
-36 -420
140 -397
-90 590
416 -223
283 -171
-735 -28
-473 -253
