-899 400
18 82
12 -158
0 -2
-12 -35
-31 -12
24 96
-18 -25
-25 50
-13 59
24 -12
-43 -41
-47 -18
-16 -9
9 -17
-1 29
22 63
26 -18
-76 -49
68 -11
-2 -41
-17 64
8 6
10 -9
-38 -13
-39 21
-15 51
-19 -1
8 16
16 23
-3 -23
-21 33
-1 -10
-31 20
2 23
46 11
4 -70
-3 10
-32 -18
18 0
-21 -77
36 -37
17 28
-44 -2
-14 -22
9 25
42 -30
-18 -7
-44 -31
-1 7
-10 19
-10 24
12 -56
17 -34
-23 16
-3 50
-23 12
13 2
17 -3
-3 26
20 -19
-9 9
-13 -14
11 -3
1 -1
0 -17
0 -10
2 -11
7 0
-5 -18
11 -14
-5 4
-6 -2
3 3
-4 -1
-1 -4
1 0
0 0
-1 1
1 1
-3 -3
-4 -1
2 -2
7 0
-8 -2
-11 -14
7 6
-5 -2
0 -1
17 -27
-4 21
-21 -10
-13 6
-20 12
26 -33
23 -8
9 30
8 -23
37 15
54 10
-21 -2
-3 15
4 -39
-29 -44
-4 11
6 11
8 -10
-7 2
-55 36
34 1
23 23
14 38
44 -18
85 -67
-47 -7
6 87
-72 47
-35 -30
-53 171
-55 -59
-8 56
0 -22
39 -39
-96 62
-33 -64
-113 45
-14 15
16 -63
150 483
-8 -49
-5 2
8 57
5 47
103 66
-7 -110
115 75
48 -113
65 -159
6 56
70 59
47 52
-6 104
-23 32
11 -67
-47 -149
-83 66
179 93
-127 40
51 93
93 -104
-22 -20
31 25
148 0
66 -44
56 -117
77 -8
1 8
-76 -58
-2 100
-30 -103
9 -71
67 -49
-47 -109
-174 -14
-34 192
11 24
34 75
-64 -1
28 244
-120 114
-62 -61
187 29
61 52
-97 -84
-179 60
130 31
211 150
-12 -19
45 -91
27 -93
-59 249
-91 135
99 -85
30 -208
148 -94
-49 2
-116 20
1 -125
-105 105
68 -43
103 102
-67 23
17 7
-4 143
10 81
-11 102
-76 -2
51 197
-129 182
72 -75
92 23
-65 -73
99 42
32 133
-27 14
86 66
-131 74
62 58
-75 -76
-82 -26
40 -32
97 -1
-99 -30
-101 -132
34 58
-35 -8
1 -20
88 -160
-44 114
-96 -24
-33 2
-87 49
83 -103
45 -33
-15 104
17 -56
61 23
104 41
-69 16
-37 25
42 -81
-79 -10
-61 51
20 -48
-45 -3
-89 14
-53 25
48 61
-2 -75
29 78
90 42
138 -48
-17 84
-25 24
18 -58
53 -31
-46 69
-13 22
-16 87
-65 -36
13 -4
-15 -37
47 27
-7 -125
-39 -34
36 -51
742 -397
-22 -74
-65 49
-65 66
43 -35
-10 -73
-68 -65
-188 0
-7 31
-104 84
-66 -82
24 37
50 -55
168 -163
-19 -63
18 25
25 102
144 -51
-81 -1
-34 -48
-147 -47
-125 -55
-27 70
-136 -76
-202 0
33 18
-48 42
-89 32
-70 -78
130 -32
45 -193
181 142
-32 282
33 69
164 176
202 0
106 -103
17 -192
102 -127
28 8
104 -189
99 -80
75 -57
-281 -78
-76 -20
220 79
261 102
-330 -47
-352 -226
35 8
-67 146
-21 118
70 -311
146 -68
-105 188
-71 114
-341 271
19 -20
254 -91
67 62
75 -108
-168 -5
-275 -202
60 -40
-138 -5
30 -223
-91 -113
-42 -195
141 51
-45 -302
122 -385
-193 268
-184 6
87 300
-247 -166
-61 -22
-27 -30
-187 -94
56 -239
74 -121
248 232
133 -2
-83 -47
-87 63
160 -103
197 284
-319 -58
70 96
-18 -73
-248 305
-66 -227
233 221
218 -179
151 -112
-236 335
-336 30
-207 -163
-115 208
-346 -106
-395 -9
85 48
-103 -118
24 222
126 363
-141 -30
10 -109
-156 5
-141 12
225 -209
-55 96
-83 -186
16 -113
-72 131
-170 255
208 63
4 -349
212 -198
155 44
186 -500
167 194
85 -28
-79 25
-129 80
225 -57
144 100
247 -87
4 -33
-17 24
-614 677
-104 -122
160 -119
19 -136
-138 -105
-173 -123
46 281
-29 -199
-37 161
16 225
19 67
-113 -98
-136 -56
-247 -79
102 59
-88 41
-11 61
-131 -66
-212 -96
182 -18
166 -61
-56 210
119 -68
91 126
10 54
-150 -20
-65 146
-12 -39
50 34
-46 220
-138 164
-147 -97
48 -311
-169 -84
-237 -118
44 34
-153 -167
-70 346
-148 103
83 -36
-274 -124
43 -83
-19 259
160 48
-97 67
-101 -55
-169 -282
317 15
235 109
32 15
58 -107
92 -137
59 122
-84 -133
63 -325
-14 218
442 -429
-73 -87
-256 258
-132 79
48 57
258 8
446 151
-2 -15
85 1
-28 35
127 107
172 243
-132 -117
-6 175
-170 365
213 -280
163 145
31 -495
313 185
112 -176
-7 108
271 261
-89 358
-63 139
-384 -218
-34 -85
96 135
104 -132
88 335
-216 -188
473 5
-80 -280
0 261
295 -375
249 258
-263 -282
-351 252
-181 12
424 -512
272 -66
387 295
-43 -235
545 317
602 -15
-38 -192
80 128
-166 -196
-13 -674
97 -149
40 441
208 -161
139 15
-522 268
199 -208
236 563
92 29
181 -325
354 -391
-264 -325
221 611
-557 486
-394 -161
-226 945
-417 -499
11 164
158 -98
133 -77
-496 488
-235 -439
-499 569
-55 169
47 -179
