-147 -97
0 14
-10 41
-4 30
58 16
45 27
-12 -2
-37 6
21 -10
24 -5
-54 43
34 -17
38 -48
32 -24
-49 -21
66 -3
-31 -77
43 -12
13 11
-74 33
8 15
4 -26
1 -9
-12 -53
-20 59
-27 -15
24 26
-11 44
-22 -23
-16 -68
-2 14
-14 7
34 -11
33 -79
-8 -80
-15 -22
38 -35
2 14
-13 24
6 -6
-11 -24
11 -44
25 19
-10 -22
-2 37
46 -12
18 31
27 -33
53 -5
-5 22
10 33
35 19
-41 8
-9 0
14 -38
27 -3
8 13
18 -14
26 -10
-5 19
12 -12
16 0
9 -16
-25 -7
2 7
24 -13
14 6
7 -16
-8 1
-4 7
4 -1
6 -3
-2 8
3 -1
-1 0
3 0
-1 -2
0 0
0 1
1 -1
6 1
-2 -3
-2 -1
-3 -10
-11 7
3 14
14 -8
3 25
29 2
6 11
-4 18
12 22
26 -11
12 -4
-22 12
34 1
3 20
-17 -41
5 37
6 -6
-58 -19
3 18
-24 -54
24 -56
-16 0
-9 -2
-22 -25
-30 -62
-28 27
-1 -15
-27 12
-74 -30
-15 -75
-84 84
5 18
28 27
42 -87
65 7
27 -59
35 27
-104 -59
-71 14
71 -42
-17 117
40 -104
2 127
-23 -11
-184 7
205 -107
9 -98
23 -184
8 -74
-213 76
-148 -48
49 -1
93 -8
-73 -6
-2 -3
161 -84
-126 6
-129 44
-118 61
75 -3
-195 -31
49 151
-102 87
-28 33
199 -67
30 -32
-18 115
-30 19
12 121
43 -153
97 48
-75 -15
-13 -63
123 30
93 223
25 -37
6 -76
-34 18
-90 227
-16 207
96 83
-128 108
96 -19
17 -128
8 34
25 55
-63 141
-88 -16
53 56
7 -106
-187 39
-41 -140
-120 134
-210 55
23 -93
-57 -119
-189 -131
174 -45
36 1
-75 201
-111 -6
-54 -117
-103 108
-148 66
47 -137
-84 92
-114 12
-36 113
184 32
-7 -54
-185 114
-108 -71
-58 130
93 -11
47 -82
-59 21
-95 54
50 -131
-55 29
30 13
-122 -14
62 101
-35 144
-5 121
55 -63
172 25
-38 -61
-29 -23
-49 -145
-101 83
13 137
107 -52
20 167
172 4
45 64
-44 102
39 102
113 -33
31 17
-56 58
80 21
35 29
-61 -144
27 78
5 -19
-111 -31
1 67
-110 -89
-47 -99
-3 25
-92 2
-37 39
-135 -70
-75 29
61 40
-85 50
-19 -25
-5 -91
-63 50
-54 -57
97 -4
-87 -45
-32 2
61 2
-25 -13
-24 50
-32 -77
19 33
170 -2
-28 -78
-27 31
62 106
32 57
-122 174
-29 -18
32 141
-8 39
194 -124
78 -54
-76 47
14 0
65 70
-53 17
-129 -9
182 36
81 53
87 -38
63 87
185 105
38 -30
74 -188
0 -145
-137 38
-128 49
-30 -164
15 -39
53 -32
11 95
-154 4
39 -86
85 -18
-196 41
-191 -237
-32 68
88 261
-103 81
73 -212
118 -107
-200 -106
107 -51
-309 -92
26 247
-65 -32
60 9
190 -98
140 -122
-103 -36
27 96
246 -45
-35 211
135 -132
234 -127
-63 121
121 111
301 309
-151 117
20 -16
138 -327
69 78
111 334
111 -311
247 -131
-145 300
173 -225
208 -72
-57 -180
-279 78
-32 69
249 -253
74 250
-12 -35
-261 -19
-140 162
233 -84
178 -120
-226 139
59 -64
-103 -58
33 55
-112 -161
-41 -23
10 -365
-115 28
-443 -195
78 282
34 14
20 81
434 -127
-193 -215
-259 198
-61 -388
-458 -107
5 -93
-80 -156
-185 -247
-207 150
-159 147
244 -17
-385 72
104 -239
102 212
-21 -285
-25 21
336 117
-41 -40
16 282
-288 298
118 52
-62 -9
109 209
-9 200
98 -91
99 112
-17 -5
314 105
82 211
345 -266
-158 -91
-58 -70
-231 318
-276 -15
-16 185
-35 -90
229 114
177 -87
-229 119
-2 -379
-29 202
-19 -224
-69 98
375 63
-35 -171
-135 218
-103 183
81 57
215 22
297 171
82 -75
-269 40
33 -63
-81 13
-129 235
-97 -81
179 -119
120 -92
-238 -77
68 -141
-166 -185
50 137
34 223
-134 50
145 -5
146 40
108 34
-61 -185
-130 135
105 -187
109 145
-124 44
14 -91
131 -51
-8 -105
-166 -386
191 -273
-1 23
-189 -193
158 18
138 -176
302 189
-88 -141
57 -87
-287 -107
-294 -62
-138 211
79 42
-106 -112
-119 38
75 -114
22 -95
-45 37
122 -84
-97 -66
-65 -271
-97 -209
-219 67
-138 269
9 -77
-48 -317
150 511
-325 113
147 -248
-140 288
-122 89
90 149
116 -320
23 -12
-279 303
29 -479
129 -53
319 171
355 -99
-223 205
-154 -24
102 -96
-18 248
74 29
104 -109
111 191
99 -345
-85 503
81 72
607 337
-47 -517
-134 -71
-66 50
-689 4
229 196
161 -166
-15 618
534 53
10 211
109 -27
278 92
321 -255
297 -303
-445 114
494 -68
14 402
3 -100
-133 416
165 -34
-653 -230
-17 -68
138 -528
616 -328
-161 -150
298 -107
-117 -466
192 -461
102 303
-275 -333
48 -69
-649 -214
-72 -390
-471 545
193 417
-180 216
541 -489
557 62
-12 -430
304 242
-573 -514
-387 371
440 -271
-516 568
337 -462
120 599
-257 -230
-941 -83
