-5 -9
-6 3
24 34
68 -7
67 -47
36 17
-90 -15
-35 65
67 -50
-16 -33
44 -29
-5 -38
101 -6
36 41
5 20
29 93
-26 -7
-10 -22
-15 -13
76 38
-9 -26
-27 -17
-47 4
24 25
-27 5
-19 -29
-4 -22
2 34
16 29
-62 8
-7 -1
46 -44
-13 50
46 24
84 -20
-12 37
20 -35
-66 -60
-9 -23
7 42
-49 54
13 -15
-55 -7
27 22
11 10
-17 -25
66 -54
-13 8
32 54
47 39
-9 -18
-14 -15
13 -8
-2 -23
21 -46
-5 -27
1 36
9 7
5 -36
-26 -16
-16 30
7 10
-19 -2
12 1
-11 5
18 21
2 -21
19 -7
0 -20
13 -8
3 -3
2 -8
-2 5
2 1
-4 3
-1 -2
-1 -2
0 0
1 0
1 -2
-2 -3
-6 6
1 -4
3 4
-1 15
-4 8
-17 -11
17 2
-5 -10
-8 6
-9 11
5 9
-24 -27
0 -1
21 -23
25 -12
4 -2
-45 4
-6 -13
1 -58
16 -2
17 2
34 -57
-15 -16
5 -12
0 -16
-4 51
104 -22
14 1
86 18
26 -28
-5 -10
22 28
-10 49
-3 -32
81 50
72 -69
22 -50
30 -23
68 -39
-90 6
-55 68
-110 -25
48 17
23 6
-15 -82
120 87
-12 20
-30 61
-21 -15
-88 -62
-99 -37
-186 87
-52 -31
176 -15
130 -155
-153 124
125 46
-46 76
-22 92
-263 26
-65 -127
-28 -50
-65 -250
-31 14
7 43
-5 65
-228 -72
35 63
26 33
171 -51
-104 -120
112 20
9 57
100 70
-5 -171
-26 -102
156 -38
48 78
-110 115
31 -144
-136 -106
-245 61
34 -95
-47 105
225 257
24 94
-17 -152
150 -184
-41 49
153 49
-111 -26
-63 -44
59 93
-206 217
48 -15
-109 -198
-143 -104
33 61
39 59
-34 29
15 82
-124 223
39 148
-32 -164
-24 -4
-64 205
165 108
99 -183
-33 -67
147 46
-90 13
59 -28
-151 -190
-22 188
-159 68
4 195
-132 94
-48 43
-22 128
31 -86
-46 -34
102 -71
29 66
51 135
-24 5
99 -34
39 -93
-52 -82
-128 137
7 -60
39 68
-13 160
-42 80
-147 -93
129 21
-16 -58
-69 51
-37 65
-4 56
-89 -119
-30 -18
77 -59
80 1
-13 -26
-105 86
-45 -19
20 -141
41 -38
37 -65
-1 -88
-9 -46
35 -31
11 9
23 70
94 -83
-36 23
61 79
14 -40
57 -48
41 50
28 74
113 -44
71 8
62 -159
11 -21
-22 7
6 47
43 69
-47 -70
-47 -32
-5 66
-38 -29
-85 -89
58 -103
-80 -105
217 -101
120 13
107 41
-115 169
121 -31
-61 -94
31 51
-119 62
115 -174
-159 38
-58 -60
61 7
181 -17
-30 161
105 -2
-22 172
147 5
41 -16
99 -81
169 4
-30 -77
49 -4
-262 81
154 209
-141 -13
58 -22
-205 -93
22 286
-51 142
-76 65
-58 -183
-11 -63
-53 87
170 156
250 -9
-83 63
51 -59
-222 -352
-56 -145
23 232
-122 217
51 15
-49 -101
131 -78
140 89
-51 -87
59 -240
-35 -22
117 204
26 -45
-50 -39
-9 -16
-35 -53
-25 -50
237 -308
-71 -223
151 154
-73 -158
217 -298
-271 -192
-147 261
-19 126
-310 -237
152 -143
74 -13
279 409
103 -331
103 -152
-30 -257
5 -161
124 -88
27 -310
39 207
52 133
-225 30
-47 -205
25 -367
-32 -34
-126 116
-27 372
108 120
162 -96
-72 129
-127 79
-38 -286
62 -70
229 127
-164 17
140 157
-23 3
118 -88
-152 -11
245 217
-99 -79
-138 266
-171 198
-72 -1
362 193
-43 73
-40 304
-75 -83
-105 -164
-286 320
110 49
43 58
1 137
49 -275
-543 -15
-176 -10
-348 2
-124 99
92 9
-2 -112
45 -96
153 45
-271 -194
-239 123
-112 214
34 109
-294 149
306 74
161 -140
151 85
-134 -62
-133 -172
3 150
-252 -228
13 106
-166 98
3 -11
6 123
341 -165
270 -175
108 258
-404 -13
-164 232
76 -21
-33 -149
73 -77
-31 -291
261 -58
186 19
-72 147
212 239
-109 5
-119 -44
-143 17
176 99
-11 31
-46 -25
81 32
-34 -137
5 -21
-46 -132
23 -7
-58 -111
185 -84
-164 -8
-41 54
192 -42
43 135
-97 -78
-39 -211
147 16
-42 -112
-111 62
97 76
-15 -236
-46 -102
-67 -268
-152 22
-59 103
-127 -109
-11 -79
304 8
11 -58
-143 -126
109 167
90 6
45 -211
82 191
-44 49
-153 224
-28 101
-219 -56
188 345
-215 214
142 82
81 -105
47 -105
277 349
9 330
-373 51
-263 -314
-164 386
107 262
83 224
326 122
-169 135
40 458
28 -173
36 -174
254 199
-74 323
-85 304
156 4
129 -209
-158 -443
-26 -34
-62 82
1 30
148 -371
367 535
244 -13
-46 -188
248 93
-303 -157
261 -244
-183 63
313 -41
-434 -284
260 7
305 -416
286 -469
290 190
-484 -413
126 -365
-289 -558
84 186
120 395
679 -573
-195 -89
-32 -22
-69 -182
-52 294
797 20
272 -112
721 -95
212 -127
-303 126
155 122
-222 258
-299 -84
363 435
305 -44
137 -293
313 -298
294 -352
-629 -131
-212 669
-580 -7
183 -42
265 29
17 -275
543 658
176 304
