-3125 3794 3249 -4147
1742 2712 -1750 -608
4401 -1542 1808 -2381
9768 -1908 4119 1595
2085 4402 2257 4892
-9726 3601 475 -2889
4373 -2110 4624 928
-6726 -313 8693 -6933
-1258 -741 422 -3268
-3795 924 1830 -6195
1564 4907 6440 3935
106 -1734 -1127 7205
-2051 -740 -3542 -82
12930 1959 -1650 -1951
542 -5769 4209 -5957
444 623 -919 -1115
1328 664 -4147 3057
-3767 1873 6017 4080
1954 9524 -804 -3574
-2148 -2285 4058 2381
1816 3433 -3467 -5774
3989 -7309 -5873 -11077
-392 -5327 3614 -517
2338 -3053 7962 5449
-7074 -3837 -1344 4701
2020 6852 -2738 472
-4815 4941 -495 -7205
-2896 -799 7455 -9256
-5891 311 1805 5228
-607 3447 5075 6615
-3329 -2722 1166 3660
3229 340 -10139 1406
3749 9991 2027 4827
-6121 -744 -6862 5288
1649 7137 -759 1047
3016 -1679 861 -3339
8722 233 3482 -1237
-7572 -946 -271 2926
-3003 285 1511 6681
207 6075 -2862 -2915
419 -1821 748 4595
-1687 3614 -162 -6253
-3648 -4591 -4064 3386
-8691 -3842 6871 235
1866 428 5355 4788
2721 8923 -4045 -1473
4461 -8966 -1848 3192
-276 -4679 3392 3230
-3082 -3411 -6874 2166
-388 -1129 60 155
1178 -822 -1685 -1301
3203 831 -8892 6218
822 937 3607 -4004
7268 2352 857 -3207
5403 -4289 2712 -6387
10 1393 -2177 -530
724 5050 -4466 -1295
899 -2023 -811 -885
4221 4035 -1114 2625
-3442 -5505 3188 951
1833 -3294 2587 5344
-1465 4360 6172 2179
8104 -984 -437 6586
5255 -2368 -728 -2573
-9118 273 -7911 6772
1695 153 280 -1160
-6433 -4449 -2287 5723
2824 2602 5791 3925
-2619 9587 -2384 -4202
7281 9505 2213 -3119
2473 -9149 105 -2138
-1356 -3080 8331 -4397
1092 6966 100 1913
7009 -6943 -4377 1829
6220 6695 -1902 -2791
-3383 -285 -1621 -908
3535 2542 3934 4339
843 729 4395 -707
-6215 850 -663 -8570
-1716 96 -961 8190
-4952 -4299 -4790 -9818
4136 835 -2070 -27
-1055 -2597 -4032 5203
579 2365 4489 1673
-449 4642 -3891 1804
614 -3425 1669 5573
1436 -1660 3686 3168
-6283 199 -318 7176
2529 2756 -3044 -4313
-850 -2788 4959 1076
-6124 -5363 -2011 -760
247 -6312 6259 749
1858 -5648 4854 -2868
5926 -2496 1953 4114
2462 1725 3824 4063
1435 6398 2176 4503
3226 2500 -833 1935
-5523 -986 500 2531
-4759 3653 8791 -5238
3814 -4221 -3413 -1286
1044 4835 -3735 -3904
2676 -5836 3317 3492
-9189 4955 -161 5128
-774 -2 -3032 -2939
-3996 1378 244 -6696
6202 -220 -4698 1003
-1648 4885 656 879
3340 -2189 3348 -5992
-869 2749 7789 -2858
-579 -1245 -3666 1010
-957 -6103 5427 -510
8949 5116 3323 -430
5627 -5525 -2042 -4762
-5784 1671 8298 -3281
-2665 3951 1427 -2178
5345 -6049 -857 2469
-8058 -1693 -196 -2986
-594 454 -2744 -1127
17 -2271 -3237 4681
802 -11315 8261 1073
-3908 -6923 2788 -2382
3396 2126 -9958 -6423
-2543 -4691 -1120 -7644
470 2871 -2146 -2010
2882 1956 -3191 -2083
4832 2085 -6812 -2728
-4084 -1066 4415 -4705
2069 -1238 1323 3255
277 3888 4089 696
3056 1589 4010 6641
-4561 -557 -4449 2696
3561 -866 -4037 -269
-6760 4080 -3155 2777
-552 885 3756 -8049
272 -5148 7839 1
-6304 -1866 430 1711
-308 5178 6278 4905
5113 -2972 1126 5608
-50 -3142 -3718 -1409
-86 -3155 2728 2099
-1797 -2329 1135 -7220
-7311 -4998 -7938 3258
-144 4829 -967 -3691
-1793 3113 -2682 -6869
-2917 -1653 -1870 -1905
-1541 10992 -4156 -353
1975 -3350 3813 -501
2956 3440 3840 342
-4764 -1682 -4238 -4398
1842 147 2277 -453
3366 -1936 -7500 1107
951 2609 -1342 237
666 705 -1813 2154
-3586 4725 -2205 -1568
4442 3589 3289 -5733
7193 4269 3314 -1126
-314 5699 4493 1292
-4727 -1050 4060 -2853
3355 -2717 -1189 -170
-270 -2905 -6542 -176
-4477 -1357 4845 2116
2983 -5531 -771 -6930
-4898 2509 883 -6227
542 -4390 -6370 1124
3638 2964 -2141 3458
176 -7339 2228 61
-815 -2010 -10804 6182
4559 4874 -1402 -9615
4726 338 1286 -2624
1699 5774 1100 -1381
283 1376 -2505 4547
-5060 1432 4780 -1523
-210 -1232 68 3668
6096 -8050 -1814 1691
4430 495 7649 -5687
3935 3049 -3973 -519
5613 -1684 2002 -3292
-2591 138 3901 -9038
-5334 1667 154 -5048
-15 -396 -1314 4448
4066 9512 4841 -1768
-562 -4539 2023 5179
7481 -1470 3509 58
3654 -6531 -2214 3787
3870 575 -612 -1053
-1369 2330 -363 1092
4410 -1444 6733 4474
1007 -2610 5489 -3416
6344 -5284 2522 1893
1123 6133 -6197 959
3902 -3464 2581 -1892
4094 -2820 6700 515
-2825 -1019 -2354 -2745
2992 73 1033 2795
-99 -8248 2488 1544
-500 -26 -5162 -5892
-1250 -2539 2237 -4355
-422 8062 5460 -1478
-3799 1037 -2981 -1872
5937 5097 5024 -1563
-378 4825 -3116 1368
-4151 -4525 -5083 2842
3627 -2445 269 -4052
803 -2595 -10038 -1001
-3564 -2681 1528 -2134
-2959 -19 -2408 5192
-312 10498 121 -5286
1379 -1224 5522 2198
-4376 1636 -575 -3239
450 -151 -2361 6048
773 -1387 4005 672
1473 5110 7826 -4199
-2522 -5683 -9800 5034
-909 6122 -250 -252
-887 -1609 -2574 -2866
2979 6002 -3240 1849
-4237 -197 4055 -2015
-2445 2 -5270 -3901
-5168 -6064 3919 1987
-962 1618 126 2382
2851 -96 -4894 3183
-6072 -10233 -7282 -4101
-4321 -682 3291 -196
198 491 6254 -5
-4932 1000 -601 3185
2927 -376 1146 1734
-1426 34 -1921 3074
-274 6252 1341 -8606
-145 -39 2045 1382
3388 -3594 532 2900
5503 4894 2268 1118
-958 -12851 10931 1159
3390 -3638 -8619 7797
1400 -4622 -3507 670
3743 1965 2178 -2619
45 -2046 7523 8506
-3118 2530 -5107 484
2875 3953 1146 572
-1706 -1447 -2655 7840
-7728 1494 6299 -3715
533 -3795 -1874 -512
545 4428 821 182
4449 1846 512 -5021
-1896 2841 4713 2687
-4910 -1651 -9268 2292
1436 -746 3933 -5124
7859 -854 5127 -8018
1558 964 -3397 -1872
4921 -7423 5682 3628
-1015 -2584 -10169 -2198
1640 4657 5566 -2078
-2785 4336 -4324 1610
-2297 4669 701 57
-2981 3773 -2985 -2035
-2991 -926 -7109 -2848
7221 -3702 -470 -5552
