-4331 5312 -5233 66
-1010 595 3254 -1090
5737 5083 -7083 -1450
4073 -1065 1351 1190
1090 6658 1658 -2922
2030 2355 -8860 1676
-5871 -3657 9496 -6713
-2167 190 1548 3728
2318 -1586 -943 -2085
-6632 1045 -3403 330
4749 1707 -627 3112
4357 -2502 -1307 -4507
4735 4104 296 3459
-738 2675 -64 8469
1572 3035 -2278 3594
-1653 1325 -623 1948
2839 -3467 -2216 -2255
1681 2596 4016 -3293
8740 1479 -4094 352
2280 -2434 936 381
1405 -3322 4055 -3922
-2708 -2915 5814 5338
-2378 145 -39 3389
-4810 -36 460 3602
5679 5082 4425 3904
5535 3144 8787 -4741
4526 -149 178 4201
636 -6494 -2306 -7281
-834 2561 -5211 9648
-4241 -2578 -482 -2453
-965 176 12831 6365
596 -5199 105 1908
-1868 -3238 2034 7604
1003 -4650 6950 -1593
-1239 -300 -2521 -8196
472 30 876 -296
-1773 -1809 5827 2010
6114 -5402 -499 -4264
-1167 -290 -6142 4895
-2445 -679 -5353 2823
8734 -3246 5787 3375
1083 1433 4491 -7641
-2859 -9960 -2955 -11226
1141 -2490 2444 1345
2839 -1330 -1156 3451
8313 -3386 5727 1797
6804 -1710 -1766 1589
-3354 -6226 -7597 -2438
-5885 -4840 6900 -1230
-7591 6211 1284 7705
-1790 -3278 4510 3570
-9099 2580 7579 4460
6629 10677 -3778 -7175
719 -1093 2314 965
-718 -2903 728 -1302
-6266 -10729 -6529 -844
4030 -5670 -610 6936
425 -1847 2381 -4323
2702 -1185 -6468 -1258
2763 7214 787 1499
-9454 6118 8593 175
-4943 6939 -1639 2867
870 -10014 -3309 -1109
690 -2382 -855 3196
-4909 -6469 5909 -787
-1459 -5916 -5515 198
-3285 617 -8396 -7450
-6144 -4913 6800 9881
-1924 4119 -5499 4303
10549 -576 1666 -6943
-3356 -8597 -4464 2777
-4402 1227 -8791 1228
-6095 1735 -2679 246
5030 -2569 -4532 2664
-3683 7133 229 934
-173 694 133 -2783
-4476 -6602 2159 2335
-7804 1901 2267 5317
1577 -6298 -1764 -6830
-25 4519 -7256 4066
4612 7757 -1921 -6828
2543 10082 5906 4349
465 -589 1016 -2283
343 1726 871 -3385
3 1074 630 -4799
3714 -5006 1476 -1643
1907 3963 2021 -385
-1980 -3341 2508 -1536
4129 -3180 -556 -1801
1774 7157 -2341 6270
4744 500 -1075 5198
-327 -1540 9340 -745
-3966 -2717 -5625 -1554
461 1574 1519 -5268
5897 5185 5630 165
2599 23 -1667 -3140
-4070 572 -2996 -1957
4177 5828 -13136 2273
8806 4854 -6797 1748
3593 6624 2272 -4050
-1526 -3233 1747 -521
-2381 1183 1390 -5295
-7039 -2379 5951 -6903
2077 -4061 -1385 -2700
-1995 -2378 6440 -3439
3639 1561 1531 -8222
2658 10187 -510 -2401
-2124 295 1261 7081
1558 2171 4586 -1852
-106 4019 102 1161
6925 2905 702 -4100
5142 4815 -3469 4690
647 5537 1819 -688
1696 875 -2608 -10651
2478 -293 5286 5585
7172 -9448 3494 8339
302 4652 -3511 188
6274 4503 -3308 -3925
-5221 1947 -2351 -1061
-2387 2756 -2520 -2242
105 -2702 2417 4484
2626 8170 2879 -4631
1899 3381 -1560 -1998
4069 -2643 4216 4367
-2047 -5829 -3123 1015
-1943 -708 405 -2603
-4690 1405 -4211 2802
-1488 -3538 -3151 414
-2917 -5955 387 -8306
5077 -205 100 4319
-6186 2916 -192 -794
1298 3007 -3455 2720
-1071 -5136 -8937 -1523
3795 -2976 -5878 1211
205 3673 -2172 1961
-1191 4519 2438 -2706
-3440 5801 -2624 -6991
4264 -4509 -4947 2951
1461 -3428 -6770 5076
1118 3392 6996 6267
-8430 -1880 -5950 4365
1800 3309 1350 -3633
-7350 -1914 -3289 766
-8012 -1820 2364 -7086
-4365 -5700 2346 638
-5928 1350 2473 -6310
10951 532 -3169 5495
-1666 1072 -2222 -586
115 2782 -6256 -2195
-5434 7913 -1389 3848
-292 1907 7370 5985
-125 -472 -5083 -3641
216 -1339 1673 -4014
-1890 8003 -4855 286
1717 -136 5989 -5174
5345 -211 -6645 -4850
-1131 -86 1242 -334
706 4633 1987 3237
1662 3199 -400 -1725
-822 -3900 5335 1785
-3428 -4973 -5410 13039
1325 4818 -3412 -799
207 -2610 1275 -507
3440 1416 744 3126
6781 -489 -188 -231
10128 -2101 -907 -5504
-290 6010 906 -562
2393 1650 -323 680
-2572 -2374 2452 10599
490 -2338 -250 1490
2852 1666 -4407 -6642
54 -7585 4573 4367
-6052 3811 4370 1454
2139 928 3530 -1925
-1587 3084 1013 4189
-1596 2913 -6247 -1170
-3313 -369 7290 3302
5 1922 3369 -2256
-9107 -3969 -399 -1906
-10569 1751 -89 -230
1695 7427 2817 -7112
7831 2227 569 -7637
-1308 -4561 6096 1927
-1955 -9187 31 -3031
-1134 -2172 -5520 4812
434 -3321 -6256 -472
-6974 -1251 220 3613
4069 2421 -1811 6942
-6627 -363 -4949 -5587
-454 -9405 -5718 6177
-171 -4237 5587 6281
1531 2086 -234 7355
11619 68 335 1746
3940 -3247 -2737 -6357
4021 277 859 4918
3304 -4363 -1864 2638
-2908 -2527 -4887 6605
762 -199 1587 5983
3127 7515 -5257 -2770
3603 650 -2485 2012
-8373 1357 496 -4907
605 8351 2297 -955
-913 7715 7010 1294
410 398 3594 -1284
-10669 279 2058 5075
-1207 1811 -4588 2785
-732 1312 -440 -8165
279 -4602 244 -4552
12389 -2836 3035 -3850
485 5624 4749 -4391
3714 1237 -4323 -3771
4828 5159 1491 -3852
2911 -1417 -4401 -7135
-5378 3522 3918 -663
3255 -1161 6247 2669
-6014 -4391 212 695
580 5302 -6704 5416
-1840 290 -1629 -5388
-1357 -1223 2786 -2439
6430 -1407 -1001 -1865
-6825 3003 -3420 1202
-4805 -5686 1930 -1889
4136 5065 10362 -2516
5061 1880 -1676 2536
7937 795 -3663 -2782
-5243 1530 -1767 -336
-349 1173 -4119 2958
-606 -2953 10502 -2594
2599 4533 6053 -5502
3420 4948 -2209 4522
-30 -2243 -3237 4096
2607 4570 -2660 2757
-4325 3481 -1528 4245
2022 -374 7538 3737
2857 3773 -3703 -3498
-695 6930 3151 -3377
702 2694 112 -2168
-1010 1569 -1524 -524
2469 537 2417 5429
-1866 -1266 -4216 -1918
491 8788 -668 27
1217 4218 1526 5846
675 -1646 -6322 4490
4063 -3044 5798 -3619
2658 2881 1718 1832
1958 2779 1096 8990
250 -3321 249 1955
5325 595 -2980 -4739
1383 -5965 -7541 970
-7823 -4579 -6129 435
-1382 -3095 -2721 746
833 4940 -4303 6636
-5700 -5318 545 4968
1283 1643 2541 6372
4677 -3191 2800 3524
2115 3861 5750 7647
