1215 -1548
-235 145
71 -233
-8 -1
-80 -1
17 0
0 -61
2 -5
-78 2
32 -48
-36 -46
6 -68
-33 -25
-66 42
33 2
-8 15
35 -39
-9 25
-39 -1
-70 19
-20 3
9 67
65 -38
-19 -42
24 -64
6 38
11 -19
71 0
-44 -66
21 -34
16 30
-22 33
-19 20
16 -44
41 -52
-21 21
-14 -3
-35 -6
-17 -30
16 -29
12 -18
-8 7
10 -10
-8 -25
15 43
-25 -10
26 -26
-29 -9
10 11
-44 -26
8 19
-53 33
-49 22
29 7
4 -25
17 26
20 -28
6 -20
-5 3
-13 -1
-38 0
19 27
0 -8
-7 -13
-10 -37
16 -5
-5 -1
1 -4
1 -2
-8 -3
-7 -11
9 11
6 17
4 4
4 0
2 1
1 -1
1 1
0 0
2 1
-5 5
0 3
5 5
-4 -5
-1 8
4 4
-10 9
5 3
-7 5
7 15
4 -8
-18 -13
22 -22
0 -2
-3 -16
13 -26
24 30
-44 -42
-44 -27
35 -9
4 -9
-43 2
4 5
-29 33
14 -33
17 -43
33 -35
48 -15
43 -26
-38 -25
-16 0
-46 -38
-9 41
-30 51
-52 53
-8 13
14 30
17 45
20 10
-28 38
9 32
-7 -112
40 -17
84 -36
33 67
-44 46
6 5
8 115
1635 -735
-78 -4
-162 183
-51 -19
154 -100
-81 26
-52 138
12 17
106 38
-158 85
105 93
-45 103
28 90
172 -102
-72 -19
-26 43
-94 114
-8 -104
128 -17
144 5
42 0
-5 -157
-145 129
91 121
-96 174
-30 -83
-26 49
-163 18
106 181
-62 141
-56 -40
70 -105
41 -135
-6 104
-142 141
104 -27
22 -12
117 33
53 156
-55 102
-49 110
74 -58
-42 70
73 82
-35 -166
50 41
-118 123
133 -2
20 -22
205 117
-73 -94
173 -156
204 -79
-114 -32
-9 130
-53 -120
-137 149
-30 102
6 -21
75 -25
226 -12
-151 -172
-7 50
61 77
77 281
-133 24
54 -23
3 20
-2 18
85 36
82 133
-125 -152
-78 -270
-79 -80
-100 -7
-62 -41
-61 27
-118 -87
-71 101
117 39
-158 154
-4 77
95 81
-68 -72
-21 96
46 39
-85 86
36 17
-59 30
55 103
42 -51
-96 -66
102 -108
-20 -16
-26 -35
39 -96
49 109
-108 -146
-137 -94
81 -33
20 -21
-68 -25
36 -37
-73 86
31 -14
11 -56
-6 -71
51 41
65 -14
-16 -39
19 3
-72 -57
10 56
3 42
-60 27
57 -70
61 66
12 68
0 7
-80 21
-101 27
31 -34
12 11
-5 -3
58 11
-72 16
-142 -28
-12 104
-277 444
-163 -97
-36 3
-4 -85
-50 160
45 -116
34 -45
-83 -27
50 -21
190 104
-104 -66
-24 94
33 -80
-66 19
86 26
105 -224
82 -127
11 146
-146 -14
47 -91
-7 -16
-21 53
122 -175
-117 -100
104 -149
80 15
63 -16
27 31
12 -145
72 -257
14 -62
-118 59
-19 222
-61 -64
192 -109
-191 -40
-5 82
-117 5
-37 -275
50 -109
47 -235
-193 90
30 -175
-155 -90
19 203
6 -67
161 -140
-194 129
-227 -25
-316 -202
229 149
-60 225
-223 19
51 33
20 -200
-27 147
317 -232
54 -103
54 84
-91 189
-333 47
346 257
39 -62
-160 -31
-145 -474
199 54
-201 231
-152 75
-89 -36
-146 -136
-130 -240
198 180
-21 486
38 158
82 100
170 28
97 -20
159 235
296 -20
-135 18
131 -288
-191 -141
-168 -233
22 158
-23 -158
-48 -51
158 -125
-107 -115
-19 -69
-14 -107
33 50
108 117
-189 192
-103 -22
-82 225
-134 163
-232 -206
358 170
267 110
-177 63
8 57
295 -57
-20 -75
88 -164
-60 207
-116 160
-207 117
-184 167
-126 219
169 112
120 -57
26 156
99 -163
104 -116
137 -182
86 -53
11 -108
-25 -137
-40 -54
3 -136
-138 -9
22 277
20 30
-202 97
28 -114
140 -56
-2 -50
26 -86
1760 -1734
158 -37
289 -17
77 5
-117 32
-12 37
85 -163
109 49
-263 -80
117 -288
-88 -69
256 -175
-115 15
-234 210
-21 -3
-135 229
13 -19
67 -32
-53 111
-331 108
-50 73
-22 143
13 23
-16 -14
78 -84
-94 154
-109 -36
187 -146
-275 -88
-19 230
59 109
191 129
-33 16
42 18
-82 -7
86 82
56 -217
31 -152
-67 147
7 -29
22 160
201 22
42 259
68 58
-23 -58
23 35
-18 -108
61 -228
397 62
206 255
-285 -111
-17 -157
82 163
112 17
-99 105
49 -132
-278 206
-139 -42
-4 -210
-21 -318
262 59
-310 -153
-51 43
121 5
244 442
-58 -109
419 -378
379 6
154 83
41 186
166 285
-311 -125
99 -519
122 -246
-1 -136
-234 130
-74 118
-130 -143
-418 -107
91 -21
-41 354
394 313
262 364
148 -232
65 130
-3 1
-73 -92
125 77
84 75
-77 24
-224 22
-182 -150
95 -60
120 11
-52 -315
40 -215
480 50
-520 -403
-174 -108
442 29
-7 -72
-503 194
-263 312
-177 63
63 -413
183 -428
581 -168
387 -308
255 -111
-344 -65
-217 -54
-298 -201
-111 133
-315 294
-259 369
-241 299
-135 -68
68 11
124 47
-1 233
282 114
-263 -540
272 -157
421 -222
74 419
-95 223
363 127
29 316
