-4572 -1903 3827 -5212
5355 5454 6948 -27
-1307 -10267 829 6149
472 -3232 -1474 5198
-526 2888 -3029 2548
1829 1455 11653 7024
232 -2740 -1265 1842
-3510 553 6026 1260
6755 7386 3716 -1884
-2829 2802 5937 -3355
-4085 -2195 -3401 -237
-21 6125 76 5742
-682 3157 -996 -3524
6398 8239 -864 -2323
-214 -5585 7977 -1216
-2131 56 -5649 -2807
718 854 6530 -2276
-10572 -6090 -4730 -1881
-2446 -1456 9192 -9654
11287 -2784 16 -2018
1141 1282 1063 -4347
-3385 -7330 -4313 -3081
-10217 -2668 4637 -2846
-3888 -5624 -2929 -1292
-6379 8288 -3801 2893
2400 -2520 3014 1805
-4187 934 3348 410
6761 1104 -5206 -1931
1635 -1603 -618 -1296
118 687 -496 6496
3724 -1505 5267 1612
357 5120 3860 -10149
-2092 -2587 2828 -1367
-6390 -1207 820 767
5706 -132 3527 -125
433 -7723 -11409 7136
-2512 -7929 -5541 3831
-1713 2065 1578 -3622
-4913 4190 5515 -785
-2111 -3487 5160 2230
5689 3035 1839 2874
-219 -1328 8424 1831
3607 -1895 -7097 6889
3327 -733 -1563 6969
16 320 4069 1229
714 3795 -4276 -461
2977 -4483 -9170 -3928
3481 2957 294 1273
-7934 407 -2810 -4914
5844 5059 -3661 5209
-7869 -3535 3764 -214
-5331 2935 -5289 -1853
3619 -5228 3418 4071
6180 -1943 -2610 1635
1536 8914 -4533 -2757
-1775 258 -999 -3603
-345 7392 -1387 -1156
-2668 -7651 -1233 -1610
3863 -4275 2697 174
1463 -1506 1233 1083
-2169 -4249 772 -6111
1552 -7652 -1504 4996
606 -3080 4210 300
-5635 -2273 -4922 -1351
1192 -1582 1098 3023
-2234 2069 7351 5148
-5911 4060 -2899 300
3925 4885 -1347 48
21 3862 705 -678
6343 -2474 513 -2789
6758 -4203 -2223 2284
4175 -406 3558 -2130
1299 5253 -3728 -1876
7638 2994 -3960 784
790 270 -5580 7769
-491 -1560 1002 3688
-5064 1059 -5155 3829
1570 -442 -4130 -1886
-3655 -3630 -7726 7025
4206 -2665 2443 1461
556 903 -3361 -4154
-1414 -479 -2123 2117
-89 2720 1829 3785
-190 1886 640 3097
2742 2180 -7157 2203
-4873 -7634 3120 -1849
238 1607 8810 -4497
-4028 -450 4803 1368
-1892 1476 2358 -1252
4507 -3214 -3350 14
2485 -1304 -585 4684
558 1034 -545 2134
2457 -7696 1315 -3102
9290 478 3002 4345
2045 -4791 -292 3025
5410 -1411 -1281 -2286
-1110 3296 4710 -8230
-4116 2522 -2183 2226
2960 5484 2363 8149
-7921 7456 -7743 -5257
-757 -5568 1824 -3387
-4815 -1258 -2441 8479
2275 -4892 3315 -4953
-4134 6700 3126 -1215
-1475 7060 3452 3481
271 2405 6935 -6515
8352 -925 -1405 -3221
3833 -6747 1334 2547
5305 1778 6907 9276
1702 8127 -3560 -719
-965 -515 2159 -1475
303 -2084 1268 8037
-4991 -6478 1921 1410
-931 -2739 4661 -172
4004 -1293 -2072 52
5769 3217 1493 -3810
9844 2880 -6271 3240
6724 7010 6065 3049
829 1230 -1975 2603
3246 -1486 -524 634
4105 4503 5466 2065
6716 5501 -2488 8007
2999 4076 -476 -5788
-1264 2279 2874 -712
4929 -2819 -2695 320
-831 -875 1272 -7555
-4948 -509 3671 5033
10221 -4454 2994 3281
1347 951 5376 4728
-4672 -2592 -437 -1026
2262 1844 5802 -4206
-4494 4713 506 -2060
-2032 -6874 1641 5667
626 -861 -61 -9791
-1262 -7689 4555 214
502 -6190 1822 -322
-1947 5540 -4043 -4761
-8114 -644 1017 -1832
258 4961 -3877 -4887
3679 2689 -3861 -11023
-2018 2857 4192 -2058
1445 -3634 2729 3329
-2497 786 -3105 690
5143 5106 -3520 8615
-5228 -5834 6727 -10163
4673 -3683 -4160 -3619
-1034 -4169 6999 -1472
-2593 276 632 1920
-2606 -1138 4678 5386
-1527 -3139 4051 3654
6691 3839 -3461 -1505
4601 2174 -493 -15
8599 4301 -782 8106
-4538 1167 1115 4293
-2636 1204 2490 -484
5494 -1770 -3742 4124
-4465 -1289 4334 3719
2479 -4113 -3486 -2312
-4684 3544 -2353 513
3480 7241 4539 3359
1785 953 -6714 -4464
3767 -4668 -4243 -4943
5719 6995 -653 4673
-1055 -3921 3174 -2286
9800 7363 7161 876
-2453 -3955 2422 2847
-1533 -350 113 2715
-2826 1092 -2951 -6131
-6563 3775 8003 -2045
-5040 2461 3906 -6033
3940 -3357 -3819 -2137
-4626 -1757 873 -266
869 5228 6165 708
-2385 -969 -3447 -1469
-4471 3469 453 2906
-183 -2652 -2650 -9847
1227 12752 -322 -3397
-1883 3626 6491 -5293
-75 -859 -7381 2615
277 21 -4246 -1050
3028 1936 2346 6601
-9942 1486 6348 -766
279 -298 -226 64
-2248 2404 -4066 1127
-2024 2315 1445 -684
-1924 4 -3018 -1525
723 -1261 -1052 -1583
967 2169 7057 6369
5813 -2668 -4735 -546
-3388 5838 2249 2338
6531 -6795 4480 557
-8443 -3134 6865 -4955
-2126 3901 735 -1022
-4784 -4610 -3836 -8510
6180 841 2305 288
5582 1680 -975 -3365
1458 3583 3163 -944
2578 1254 6170 2577
3489 -744 3720 -200
-4964 -8753 1307 -849
2605 2907 -1222 4818
-6683 962 1698 919
-2992 -5344 474 2246
-2563 -5390 1857 -5605
1087 -2166 -5039 3249
8896 787 -1476 13315
4298 2786 -5 14364
5248 2339 4158 -556
-8991 985 52 -4512
-1203 -247 -4063 -409
-2222 4688 -1378 3997
2748 -3110 -93 7255
7955 -3988 -3891 -3688
-2851 5465 6129 -1561
-6471 -4993 -5768 -5975
-5477 1143 1278 -8430
-5805 360 4829 2941
-208 -4714 -6359 -5215
-1165 1644 -1488 -2752
-2247 994 862 2032
-2249 1903 7556 2291
2907 -4485 2546 -959
-4339 -4689 2711 2194
-4086 3172 -2987 3188
6787 -7104 -1240 -6010
1096 -6702 5421 -4979
-1507 -1638 -4212 -9243
125 -3845 -1603 6338
-7262 -2160 2153 -879
5811 3466 4274 -3527
7544 -9854 4095 2775
4522 -4249 5648 -2114
5887 -200 -3227 -6065
7281 -1405 -567 -3341
3141 2158 219 -2101
4123 -2931 -2369 -7638
-2259 -3560 5837 -1553
-3984 2140 1949 -3209
-7818 -1238 -8320 8814
7572 4112 -1276 900
-6004 -8501 4706 5063
3217 -8057 2205 -9420
-2918 -1464 -7919 -6400
-2664 4994 5670 294
2489 -5559 -1346 -1077
-4638 -7528 7977 1684
1216 -341 1754 1955
4359 4872 4088 -3019
-10099 -2166 3145 -3834
-2659 -678 -1965 -9040
-1420 2638 -3839 -2106
-4710 9141 7830 6178
3930 -2832 -12026 648
1481 4916 3432 -1754
12752 -364 7156 -1529
1118 -813 -2958 -2788
