-1024 198
-208 -30
-57 9
1 0
99 -15
-2 16
24 -4
-5 -1
-6 -45
29 -50
-23 24
28 15
13 3
48 -18
-17 15
0 -5
32 -9
-19 3
38 3
40 -29
-39 -15
18 6
-38 82
42 8
9 -40
-39 64
59 -35
7 81
47 25
84 61
-17 29
-94 -41
-9 5
-42 23
42 -63
25 -43
48 -8
-27 -21
4 51
6 0
13 -8
79 89
-32 33
12 22
17 10
-23 24
25 -8
-34 59
-24 -3
35 -53
-36 -25
-23 41
-41 -26
-40 -5
-6 -1
36 3
13 -5
-18 1
-7 6
1 -21
4 -15
-38 20
25 -6
-7 1
6 -2
-4 2
-1 -7
6 12
-10 0
-5 -6
-6 5
-4 -6
12 -3
-1 -3
0 -1
5 3
-2 0
0 0
-1 0
-3 -4
-3 -4
-12 -2
-5 -6
-9 0
1 8
-16 10
9 23
7 -2
-22 -16
1 -19
4 -3
-35 13
-3 10
4 -33
-11 46
14 -1
4 41
-43 -27
6 -19
22 -31
-13 -30
0 5
10 10
8 -46
-11 -52
9 23
0 65
-34 -10
-19 30
0 14
-44 -7
5 -1
84 38
44 -71
32 -90
-9 92
44 38
-20 52
25 130
47 -42
-36 -16
12 -143
-39 6
-29 97
74 -59
-29 42
-61 -24
-11 7
-31 1000
-246 -3
-20 42
59 -17
-158 56
9 -98
-7 50
17 -4
19 106
-40 143
32 -77
-33 -46
-61 -7
-92 69
42 -46
42 48
-74 78
78 32
-62 12
-120 88
80 41
-28 0
101 -148
-149 -35
-79 133
100 -187
-175 91
-86 -191
-153 -90
-239 -203
61 -109
171 20
36 3
121 -88
-107 157
-91 184
-145 79
77 51
-48 -175
-45 74
-61 19
-227 -284
73 -32
-67 -36
-60 -41
93 -78
-84 29
129 -224
41 19
-130 198
123 84
104 -182
170 99
204 60
4 -19
-163 -20
-42 29
99 2
70 -37
14 108
17 108
213 -114
-160 26
62 -14
-58 11
31 2
5 39
-49 -83
113 4
64 56
69 -59
56 89
-196 51
30 49
5 35
-189 -110
132 12
-45 44
-106 -81
-128 -205
-96 -118
-252 -46
-76 -105
-120 -8
8 95
-149 83
82 186
47 -7
-125 -129
3 -104
14 -25
-195 69
-12 52
13 -131
-39 127
40 32
19 115
-119 -70
7 -94
23 -90
-40 -61
0 16
0 18
44 -53
-12 -78
29 19
16 34
-74 79
12 -47
-27 -6
-16 -30
-23 22
102 45
16 -52
54 -68
39 32
55 51
7 48
0 69
-39 18
-30 58
35 -58
-181 6
54 -38
45 51
1 -31
-62 42
-49 -51
-301 -332
-59 -24
139 12
69 -25
128 -52
-6 164
-136 -90
6 38
-3 -90
-107 -118
-9 160
-66 -32
128 14
-36 -73
13 15
-84 -29
49 -207
-163 -105
59 -6
174 -89
-43 18
-1 -42
-89 75
185 56
83 -139
-61 169
140 -87
196 52
135 167
182 245
-70 135
73 218
-96 -25
-66 132
52 -19
95 -240
134 -162
-28 18
140 193
68 -286
33 -57
59 204
-16 -140
65 -30
68 39
-173 51
42 -41
-162 220
124 -79
58 -148
-50 -60
-138 251
-142 -72
-316 -184
88 117
179 52
-32 -42
-152 -42
-228 82
-94 -82
-240 -222
-161 109
241 -3
-159 84
167 -15
-48 -84
19 61
54 -56
-281 -47
-121 -1
-40 61
-14 -176
284 -96
-92 -50
97 -123
256 177
-238 16
37 -180
241 -3
309 376
57 190
510 -36
282 283
306 -142
-3 -121
297 -274
-75 -422
-90 60
402 67
-57 235
-60 -67
230 -102
24 -94
-19 278
71 -510
-162 154
-6 -317
309 212
-78 -5
-203 126
2 183
9 -17
-84 -51
33 263
81 277
59 -136
59 -368
32 182
73 -194
-77 -100
201 15
-107 -57
-344 -121
-44 161
-31 304
130 -307
-177 -144
89 -132
-51 -298
-237 174
83 50
-23 322
73 -17
52 -267
-176 152
122 -170
78 83
87 -7
-574 578
168 44
-238 -126
-133 -85
151 -96
3 40
254 73
-129 -85
61 -34
207 -111
-124 -182
112 138
-20 16
150 -10
-135 49
67 -120
79 232
135 103
7 -66
-141 -45
-93 -90
31 38
48 -15
-16 -6
104 -90
-69 49
138 9
-119 269
45 -158
86 -31
-36 17
-323 -395
226 -42
-146 -81
46 -291
-5 34
-5 58
-71 -192
-210 28
-1 361
255 156
385 138
-11 199
121 -27
-15 29
243 2
118 35
135 11
-297 134
233 -88
-168 51
84 -199
-108 50
204 184
-146 -164
-225 -68
129 32
157 114
331 -88
54 -26
527 211
-97 -38
-357 40
250 -193
-167 103
116 -37
-71 -178
-37 165
288 61
17 -149
107 -54
-30 122
-124 1
36 22
-177 152
-112 -224
195 -127
58 392
-391 203
-276 -467
6 -103
-604 40
-281 -441
-582 293
-167 42
-276 337
-24 535
181 25
-402 65
43 -481
110 -79
-103 130
-61 -82
209 -373
-258 836
52 -192
13 479
-368 -307
79 75
416 -178
-172 -245
50 9
232 107
-83 -540
-77 -390
165 239
-63 704
-133 -520
-371 555
12 237
-405 95
66 -145
334 221
447 -616
131 -638
-129 637
114 89
-175 232
177 790
374 -384
-168 -193
-88 -739
256 37
-358 610
257 -510
-189 211
-274 -135
-8 147
