-5233 6664 -6105 3766
-2453 8061 -2926 -317
5007 86 -4621 91
18 4885 -384 857
7034 -206 -4600 6822
3445 4454 -784 8929
3364 2537 8216 -5292
-3402 -166 918 -1816
-3658 4106 1086 -3055
4181 118 8257 -2253
2173 -276 -1042 -7983
-7112 4169 2210 4913
-2649 7119 -738 -4474
-1295 2148 -8502 15
5050 7567 -2537 4110
-1849 -3508 2659 -4043
2292 -2438 -2021 5457
-4989 6298 2695 -2678
1723 326 4560 732
2223 3824 -2130 3850
-1553 2354 1157 -974
-1314 1338 1159 3531
-2111 -6084 3760 1515
-3941 3936 4435 1425
-1630 -1651 7201 4241
-1230 -3189 9176 -5761
8453 -3763 -5347 -1290
-671 4636 -3288 -4996
-3898 5639 -1196 4230
1046 -648 2980 341
8843 -28 -4874 -6759
-66 2054 1838 3774
3069 11052 -5332 1534
1628 235 -567 1515
-543 731 3485 1169
3469 5515 -5373 -6669
-3805 -11442 -3604 -3391
-4514 -112 -2633 -1843
-2698 1223 -5269 -3877
-3252 4537 5257 1729
-7077 7093 209 3613
4452 4004 -2905 -3490
-797 4562 2053 1803
-4126 3951 1978 1240
-2198 1554 2187 4591
1254 -2216 -4522 -3350
5136 -5293 21 -421
-600 -3279 2428 -5064
4398 5502 -7616 -7310
-7158 -4383 5381 -1403
623 -1358 -5983 311
490 664 -3769 4231
1769 -4036 2011 -5106
3779 -3952 5299 -1654
4568 -2792 -3927 -2528
-1563 7 -4392 -3664
-806 3867 -2717 4592
-4580 4631 -688 1122
1156 2535 1400 3636
1601 802 -2200 2971
657 2426 -555 -8291
2868 -1201 5967 -2590
2294 4676 -3029 3137
400 342 534 7545
-7395 3614 486 -1655
4139 -1571 -415 -5089
-4475 6376 312 -6513
4173 -4296 -3145 -313
1875 -3732 10451 5752
-3934 -971 3994 8665
3600 -4210 -1513 -130
558 1593 5447 -9656
2182 -3277 3608 5016
-4522 2034 3318 -6236
455 -579 -2030 -1540
-903 -4342 -5074 -1659
4195 -2047 1646 -1891
-366 -135 -3416 -2176
970 -1108 519 -5739
1579 -4739 -1073 1405
1508 9291 -5144 3046
2994 947 -5118 -4702
2401 2491 -884 -1964
139 -8205 439 -1079
1449 -6940 -6336 4755
1373 -5029 -6289 751
-2411 2233 6387 -507
3037 -3738 -3519 5819
-9386 -2947 -4111 -1741
6925 2344 9805 2041
1206 -2665 -3589 -25
-1500 -2578 -5640 -981
7926 -1671 -16 682
4275 1155 -313 7569
-1516 2659 7602 1325
1466 176 -4472 4305
-728 -3278 1114 4441
-4934 9739 -6452 6171
-4496 -164 -1113 -3885
176 -1249 -592 -3083
-7181 2137 -4091 1077
-3939 4208 2964 -1705
-329 1317 -2080 3792
7576 7158 3296 3860
-6882 -377 -8591 -201
247 -3570 -4851 971
-2632 1336 1862 1203
-947 2731 -1202 -2691
-5341 -219 3918 4560
5185 -2572 -3125 -962
2161 -2927 -4512 -1802
-3211 4653 -419 -1950
-4410 3092 2708 -4579
-3794 -3969 -310 -1771
1530 -122 2809 -4104
3912 -6254 -2759 3562
873 4974 -1732 1173
-6064 -2420 -1359 6683
1335 1962 2810 -1112
3557 295 -2665 -1968
1664 1724 2511 12
-1794 -1155 5346 -6757
4329 3865 162 3449
-792 153 -5163 248
-7876 1020 2475 498
2 1153 -1951 449
3514 -308 -4362 506
-9495 -1911 -854 6100
669 -1637 -4380 -1866
3694 -1065 145 600
-1940 -3401 -7837 798
3078 -3449 4739 3168
-3923 -4078 3241 -3957
1319 2414 13662 2596
1419 -1587 -2421 1813
-5120 687 -511 5598
-614 2591 6357 -1760
1139 5845 -7699 -1785
-818 765 -1130 1049
-5802 3254 -2631 -48
2674 681 -3970 846
-5871 -2158 3435 -9640
-8283 -299 -2189 6850
6330 1614 5574 5725
1358 4843 -2647 3926
-2704 807 1841 -2274
3321 -3681 -299 -8882
-1138 -998 1268 -669
3186 1496 1396 6843
4885 2577 -4128 2879
-3573 1005 8173 2205
2932 -8513 -2130 -3489
5878 -517 1651 6443
-3393 230 6457 -994
351 4449 3705 1030
-6826 -1236 -2220 -3175
889 2445 -3344 -3190
3858 -7339 -3462 -2874
219 4671 1623 970
-259 -1141 -3916 1752
5754 2206 5518 9
7989 -1245 6279 7354
352 2118 -4233 149
2749 2790 -6736 -1692
-2162 -2956 3781 -3694
-1 1430 -1133 5579
416 5542 -718 6608
124 127 760 2882
-1460 2521 2045 7451
4165 2617 4269 -1931
-713 -740 -1493 -1130
3868 -8049 -842 -4229
-1793 -259 91 -1874
-3821 2189 -5081 -579
-4195 6548 -4776 -1551
-10556 1985 -5155 -2300
3990 -5804 260 -9611
5550 -1053 7387 5202
1573 519 1403 2222
-7518 5515 -3376 -5408
15 -2724 -1557 -7122
2319 -1253 4830 2285
4249 9119 -1748 2526
2090 -5894 -11388 3251
4869 -2827 -2127 5474
-1933 343 1459 3802
1759 -3531 2119 -2184
1928 -1998 -3564 -2284
-5407 5466 -756 -1436
8715 -1238 854 389
6611 3222 3409 3324
2086 -2312 2944 9974
-6837 6448 863 2931
-5211 -8717 -5527 -7005
-3686 -6281 3104 -2998
-3448 -2115 -700 -2685
-698 2401 2978 829
4024 143 -58 -6926
3565 -8200 -212 -5802
-374 903 7244 279
3813 1011 665 1674
3870 -1410 -3265 -4107
-1445 -4874 4880 4967
-409 3122 -1310 -5529
-3930 1671 -794 -5041
120 -4528 6606 -4461
1190 820 -1400 -2843
9179 5494 -8289 2069
2068 -6551 1225 -3201
-964 -4307 5911 -3232
-4409 9361 -4777 -2945
3850 -99 2406 4036
3177 4671 -2149 4437
5950 -9855 -1484 178
-1458 1093 4249 5833
-1463 2277 1201 -1294
-394 -738 1497 -1845
-1576 3449 -2468 2410
-2496 -2566 4445 -1212
-6333 717 4679 2421
-1956 -1140 7746 2029
-4581 -4553 122 813
-8085 -7764 -1682 -1618
-1769 -8629 -5891 -7291
-1539 -3631 6919 -3213
-2377 2016 -3997 -4025
1424 -2540 -424 -2877
-1949 -4139 5132 -3180
266 3236 2468 6488
-1092 4096 3096 -1986
-435 -316 6336 91
-1387 -282 681 2520
-2344 4071 -880 -2055
-1702 -586 -8123 -2281
4688 646 5641 -3231
-1024 579 513 -2310
1268 -556 -6988 8061
-127 -4470 2270 -3139
99 -7352 4121 -2983
6387 2694 -3385 2394
-807 -3939 423 -6169
-3621 -1937 2018 -7052
-577 -1104 -9109 -3277
-3417 -7957 -2588 4219
-903 7939 1504 2186
9063 -1067 -5526 3524
-2571 3705 3306 2231
-94 1903 -663 -7452
-3927 -2031 -2089 -4741
-1081 1787 -457 -5167
-5238 -5386 -2744 -7195
-1968 940 -1470 4344
-1204 -3254 -9932 3581
2760 -2121 -4210 -2174
1067 5277 -2816 959
1026 2968 -2669 -1620
