288 -30
-5 9
-11 47
-6 20
-36 -80
-22 -24
-17 -5
-11 8
-4 -87
-2 -31
7 -34
-25 4
56 -27
-113 -6
32 40
-59 -4
6 -76
47 35
33 -13
-35 -63
-36 -8
-31 30
-63 7
10 17
43 -45
14 17
1 -20
18 35
43 -40
-4 7
68 -19
40 50
-6 -16
68 -18
-19 60
9 79
-3 -2
-50 5
36 -35
4 0
-13 -61
-30 26
-18 -55
41 20
-18 -38
37 -50
40 -5
33 -29
17 -19
1 -53
23 -3
-9 -16
-29 6
19 -15
7 -20
7 45
-2 10
-28 5
-18 -10
-16 14
-8 16
-1 -13
27 -7
5 26
-5 -20
1 1
21 5
-3 -6
2 -20
-1 -17
-4 5
7 7
-7 -1
0 -1
3 -1
1 1
1 0
-1 0
0 1
-1 1
0 -3
2 -5
-4 -6
5 15
-6 9
-2 -13
9 0
8 3
-5 -10
-5 -1
-6 -1
-7 -40
-3 -12
-11 -16
-14 58
-3 -20
38 37
-4 10
-8 26
57 9
2 33
45 23
31 -11
8 2
-34 -51
24 4
13 -13
-15 -19
34 -42
41 11
27 33
-38 22
62 27
13 19
34 -29
-48 36
58 52
-16 -67
52 6
-21 -1
119 41
160 61
-27 -26
25 -25
44 76
-26 67
31 69
-101 32
-304 -125
-35 25
60 -20
36 -48
-16 81
67 45
78 -39
59 -41
-5 143
3 7
-77 64
16 19
-121 61
250 120
-76 -49
176 36
31 127
-127 -43
-21 108
75 153
104 28
91 -45
199 50
-32 -21
-126 92
-79 -39
-70 40
-121 -109
-59 103
-62 -27
-177 31
-131 -95
14 3
-210 77
2 -192
-12 -296
5 6
177 2
-131 104
-3 -49
20 159
112 -80
74 205
-152 -107
35 93
-151 188
-156 8
-143 100
-43 64
-11 250
-94 53
-11 92
149 15
-54 61
-22 97
-38 -217
10 -21
145 -14
70 89
101 -44
64 -95
2 102
-164 51
-26 -167
48 141
-11 -31
-193 -41
21 74
-24 190
22 176
41 -72
-107 -100
116 16
0 19
-68 25
-28 -19
-84 25
299 97
49 65
-61 55
-9 -88
47 -94
-44 -94
72 202
-50 98
-18 -113
80 2
60 28
-36 -77
-23 -1
-47 -1
-31 -173
-11 -79
-52 -92
-56 218
9 -56
108 106
-14 7
-41 27
132 42
-6 82
143 98
56 -22
49 -9
-20 -60
33 -15
-33 -17
35 58
66 -72
44 -7
39 52
-55 30
72 44
-22 -22
49 1
-110 94
25 54
73 -55
55 -59
-20 43
34 70
65 23
-52 -120
32 83
-38 -14
77 -123
-56 -21
-95 27
53 185
-84 13
-37 -70
-70 -65
166 -10
8 -4
-125 87
-65 92
62 67
24 88
92 3
63 -47
75 26
-55 -327
43 -48
-102 -60
-81 -7
90 -114
-132 -197
17 -144
-61 -87
-110 -98
-218 -139
68 -12
84 -63
136 -35
143 1
273 110
-62 -79
186 48
109 3
123 -46
-28 83
186 -123
55 194
-21 395
-4 -58
-189 -74
128 -70
-14 205
57 -31
-126 75
-115 -230
195 225
49 16
196 -231
190 20
178 -80
-18 14
43 -425
78 -212
145 -170
-271 -149
-40 -31
-36 -147
35 261
0 -103
-188 -40
40 -255
-154 -82
-188 88
46 -188
174 -121
-44 130
-131 -183
41 184
370 65
-12 -223
54 -233
-116 -119
-17 198
249 119
-176 -53
155 -58
157 -116
-47 -66
145 -82
-565 -111
-173 -31
248 -314
-159 59
-128 250
299 256
-103 -263
274 -244
-2 272
-87 19
-124 32
33 44
82 52
-11 31
94 453
11 -24
50 23
123 -404
73 191
-266 -300
-11 -143
9 -271
-346 38
-56 -135
-134 -22
-209 117
103 -36
219 263
-130 11
-108 64
99 149
-81 143
-155 25
-133 -147
175 -94
-152 -91
-69 -144
-107 114
97 -50
-179 -95
84 177
-195 -3
-32 64
-296 -129
-448 -174
26 34
36 209
-164 -197
149 -210
72 -182
108 -114
117 -213
-48 85
-107 172
37 137
-152 -18
-201 -33
24 -64
-108 -53
-98 -303
-41 -118
51 -143
-143 -1
121 -150
-290 272
17 133
-261 -57
94 -165
24 278
279 31
-205 35
-68 172
58 240
-61 22
-73 48
149 27
-56 167
-19 -80
-236 2
124 37
-136 -119
120 8
49 245
58 -130
84 38
-27 0
20 -167
-2 168
-50 143
13 -68
40 -309
-173 -205
-5 -45
77 41
-111 -236
-158 -173
-108 126
-72 -82
-44 -10
104 -281
-80 403
80 334
-114 89
305 159
104 -81
148 125
71 -176
-41 263
106 121
-254 275
30 64
336 90
-171 -13
-88 203
283 42
254 193
36 -192
-392 -59
32 206
-55 99
132 -31
-45 -232
-283 -145
113 -34
-261 15
-94 225
108 58
-247 2
669 34
222 -66
-211 404
281 -19
157 -261
-484 -300
-30 98
-434 354
-4 -328
-23 -52
92 -43
-19 27
-263 -115
127 39
-90 -584
-85 102
-129 62
-17 523
-169 -264
533 335
-58 207
80 489
526 8
19 316
88 -54
192 32
19 32
-450 -476
161 232
368 -133
-353 -535
203 -201
285 241
117 102
-137 87
321 57
141 227
150 -305
5 -22
345 344
-440 -345
159 148
-225 -20
693 82
747 261
-30 80
81 -289
239 456
-233 687
288 415
-335 88
