2091 431
-186 8
-46 223
-11 13
63 108
28 -12
18 -16
-6 -14
31 -57
-12 -30
-38 -91
17 1
36 67
49 -13
-1 23
17 15
24 -13
-40 23
39 7
-47 -18
-89 42
-22 -14
-25 43
-1 -1
63 28
53 23
-8 30
-44 -11
-11 -18
-4 43
-25 9
-29 -35
28 12
-46 7
35 37
72 -50
-33 -14
12 25
23 44
-5 -17
-15 0
-20 10
-55 -10
0 2
-2 -35
6 16
4 38
-8 -23
-69 12
-15 17
-66 -23
39 -20
-1 -28
-5 -1
-8 -41
-2 -25
-13 -20
35 -56
11 -21
22 -22
-15 1
-29 -6
-12 1
-6 -3
-17 -3
-8 -9
-1 -10
8 -2
6 -6
-11 0
-13 -12
2 3
6 7
-3 4
0 -4
0 0
-1 2
-1 0
0 0
-1 -3
1 2
-1 -1
1 6
-4 -7
-2 -7
-14 5
-8 7
19 -12
17 10
-3 -7
-13 -4
-15 13
-23 -4
6 35
-9 43
14 -23
-29 -9
8 -26
9 -19
-14 26
20 -39
-17 52
61 43
-74 -30
-33 51
-9 -3
-65 29
-14 26
-40 30
40 16
-57 2
-82 11
0 44
3 -7
-47 -12
58 -11
-20 17
60 -5
37 6
50 -36
62 -20
41 23
27 -11
79 45
-4 -17
91 -69
-65 -29
64 14
-1288 1239
40 129
-44 4
-58 94
-87 -159
-142 39
55 1
67 31
-66 63
47 71
151 186
-64 10
-96 -119
-92 33
9 -60
-51 -59
29 34
86 -45
-90 7
78 -44
211 -78
42 -23
83 -88
-52 -42
-157 -70
-144 -68
42 -52
74 -8
12 16
12 -108
13 -53
98 63
-78 -89
96 -13
-49 -151
-203 146
144 36
-52 -53
-54 -66
9 56
61 16
38 11
221 34
57 -33
16 162
-17 -74
-10 -132
-10 54
242 10
82 -35
270 54
-159 70
-31 73
2 -22
28 200
-7 85
55 114
-204 286
-79 117
-121 78
86 -3
202 49
65 1
17 28
121 22
60 46
2 76
-72 19
-73 60
122 2
153 133
-34 -44
-84 -97
59 -72
-3 95
-2 -14
59 -101
127 -23
-86 -125
-29 -177
33 87
-12 -24
37 115
-51 -108
-27 -82
-139 41
-53 66
157 -89
95 62
-15 -29
-85 -12
-99 80
-105 -25
-1 155
-27 147
54 -68
-104 8
56 -95
96 -56
-50 43
33 -126
-56 110
80 111
-153 -82
-98 36
-21 -49
-160 43
25 81
-102 -13
91 97
-108 3
-71 43
-1 -13
29 58
-4 -68
-9 -10
75 22
51 1
90 -30
-8 18
60 12
35 28
70 -70
44 77
18 44
-66 -67
3 -24
7 31
-145 -749
-151 93
75 -235
26 65
69 38
95 65
-161 118
-94 -10
19 37
-45 -20
-120 -138
80 -35
45 -63
1 -1
0 35
38 101
-131 -1
42 -8
44 -79
13 196
-103 30
-45 137
-169 26
135 91
130 -3
78 162
-107 5
20 49
33 70
30 111
140 146
-109 67
93 198
20 -6
-24 251
144 -114
-176 17
70 -38
2 -123
61 -91
-83 -29
16 -151
-330 -16
-194 152
-41 -274
23 134
6 143
103 67
-182 -183
-136 -35
-343 49
118 -33
120 88
42 91
-20 -286
23 45
-54 -155
327 -315
190 -157
145 107
-109 1
-376 -100
-40 -18
88 -83
-178 -35
-62 80
44 -57
99 -42
199 -120
-180 -8
-222 -116
141 100
121 29
-109 24
-71 -1
-17 118
-73 242
-153 240
97 274
131 327
-91 -258
64 54
182 -137
96 171
26 112
308 -138
277 -113
-129 189
-337 -142
40 146
56 81
32 -70
191 2
-137 -252
115 -387
-34 207
182 167
42 128
129 122
48 -206
-191 121
-18 -355
-373 -160
291 99
112 -329
-34 -66
165 -75
138 -90
157 -228
-89 41
210 -58
377 -33
107 -227
36 90
300 39
-149 55
96 -105
-159 -20
-55 -64
-164 156
-112 60
-105 6
-54 15
-126 -113
35 -98
-259 213
114 37
-200 -65
1852 817
40 -195
159 243
-14 -220
13 226
148 -123
200 -216
-140 -21
15 -218
16 -70
-237 -135
-40 56
160 325
200 -128
-21 48
-8 -85
89 -106
-216 103
117 128
-105 -224
-245 100
90 -116
254 142
-71 -7
4 157
167 -239
108 106
-121 -57
-102 -119
-115 -77
-302 -179
1 -282
-61 -209
-163 30
92 -192
94 -32
-42 -122
52 179
114 362
-208 116
68 -48
-26 247
242 -58
195 -285
41 160
-48 -165
-6 -77
-76 -249
-105 244
11 48
209 -113
167 -40
-50 -290
-37 -42
46 149
105 -204
42 -8
-190 12
-187 35
-102 -277
63 -30
241 -29
22 9
-99 91
202 89
67 -162
-88 -16
-140 130
-213 164
208 -54
100 -144
-73 -93
-35 23
257 32
176 -131
110 -201
73 -208
123 -330
-111 -344
-244 -388
132 362
10 -66
-356 121
-54 -92
-67 -41
-447 183
-517 61
213 -259
604 368
-227 -319
-1 -204
-17 -174
-252 19
305 259
3 684
231 -294
-211 -416
-111 -72
-365 -102
-15 345
114 -158
-173 311
831 194
-588 -98
84 661
-213 179
-221 259
-261 -71
-6 345
19 -214
-152 16
-471 -128
97 494
-10 -234
-311 135
572 26
-514 57
264 -63
0 129
446 -366
115 -142
61 78
-22 64
249 8
-100 -288
647 -167
-343 -83
358 28
