-969 218
-88 -40
-126 -20
-9 5
126 -28
-23 19
-7 -20
-39 2
6 -6
5 -56
-22 -15
37 -107
4 108
-99 -14
-27 92
11 42
-8 -12
-22 -29
-43 51
14 2
-45 93
15 -20
19 14
66 -3
1 -30
-12 -37
-5 -6
-50 -35
0 3
24 32
-10 71
28 28
-40 -23
-12 36
6 -61
-25 -50
42 -39
-14 -47
13 8
-36 -6
39 -23
-6 10
5 17
-48 1
23 0
29 3
-44 41
-29 -9
13 48
-13 -1
8 5
30 -51
-37 -13
-3 -20
-35 15
3 -4
-3 -21
-14 -6
44 27
13 -9
9 -29
25 27
4 36
1 5
-4 3
8 6
3 -9
7 -17
-4 -9
17 -11
-1 -17
-11 5
0 1
-5 -7
4 0
-5 4
1 0
2 -1
0 0
0 3
1 -3
5 0
-3 1
15 -4
9 7
-18 1
15 20
2 5
1 0
7 -8
11 -5
17 20
-32 6
1 -18
20 6
60 -15
-7 20
-34 -7
-25 9
45 -71
-45 -16
-1 -55
35 19
-6 -28
51 -7
2 15
5 -6
25 -104
-12 -56
-11 -23
27 40
-28 32
0 40
-8 21
67 56
17 18
-21 85
6 -26
28 -61
19 -39
68 -84
-35 -67
78 57
-32 -43
-26 -39
-56 6
-65 -36
11 34
3353 -1445
-149 -407
49 -6
-95 48
-115 20
94 -38
38 18
59 2
17 -41
36 121
49 43
-51 271
62 -136
196 58
62 -195
45 -48
-68 15
29 85
106 -93
5 -44
148 -210
-21 97
-26 -6
-179 3
10 19
88 138
-24 38
119 98
19 -4
-115 -64
1 -166
-35 -38
102 91
47 -87
-42 121
126 144
-122 134
16 118
-5 -24
129 -8
-142 123
-11 19
-81 -36
207 -26
-70 8
-97 -42
186 -132
92 34
-57 -167
62 4
-31 -49
-126 247
193 33
32 88
133 -101
-16 17
-30 114
69 4
-213 -135
-85 61
-60 157
-139 -168
-41 -246
-17 -26
19 -40
-59 -42
-28 82
-83 138
31 81
-189 119
11 198
142 -75
-1 -7
95 132
-86 8
156 -125
-50 -5
-231 139
-168 98
2 167
35 -93
134 6
-62 17
229 -74
106 85
-168 14
130 174
20 39
13 3
27 -34
54 -51
79 56
-133 6
2 -71
54 19
204 -70
-12 68
-146 -16
-74 57
127 -158
-83 18
39 -96
62 18
-14 -28
76 -68
-14 47
17 -22
32 -93
-46 -73
86 -101
21 63
7 68
12 94
-41 -8
152 74
-5 23
25 19
7 92
126 66
-21 13
14 -63
2 0
56 73
-26 -78
-6 -92
127 -23
-11 49
4 -97
-2273 -2584
-163 -143
58 197
121 -97
-30 0
0 -68
-34 -22
131 -42
-20 70
-81 25
24 -78
-75 -99
-81 -85
11 -53
-20 95
-127 -91
206 -11
18 -134
-45 -7
-40 108
-130 136
-59 -145
32 11
194 33
-35 74
-178 -159
59 -75
-16 -63
-55 -47
213 6
53 93
-84 -33
-48 -168
-43 8
39 -34
-245 -127
119 -142
94 -97
-22 -49
-134 104
143 -167
61 -127
207 -28
-297 32
26 -29
60 102
-270 108
-111 -41
96 148
-115 -5
12 143
135 -353
-290 62
-98 -98
-53 275
38 -18
229 -166
-101 94
182 154
153 -84
110 -154
164 258
142 401
85 -10
20 177
62 37
71 -153
261 -152
21 -61
299 -144
-5 -312
-137 246
-28 -65
-202 -161
12 -20
-215 211
297 71
353 -282
280 20
-82 -369
-3 429
-195 -149
96 -6
-253 -40
-245 -131
545 22
-289 -311
-54 -74
13 31
-184 161
-156 -91
-211 -421
337 -160
-48 187
-262 -53
-469 61
84 -123
160 54
161 4
-237 525
319 225
51 295
-242 -110
20 207
-269 -67
-17 3
1 33
-108 609
-35 161
170 15
-68 -71
132 -81
27 -120
25 -40
-70 -107
-70 -68
146 -264
40 35
-168 240
-78 160
-148 257
189 148
-215 -224
96 30
58 52
169 84
58 196
-121 -105
-1117 1802
-75 -244
-340 -163
256 -176
217 -31
-267 -29
-54 39
-235 80
-72 51
-45 -262
-142 159
159 -328
-65 315
-318 -51
-130 182
-72 213
-212 17
-67 140
-110 172
44 -55
-65 122
111 26
-44 -65
-121 -123
8 -36
131 0
6 111
-181 -142
28 209
-191 96
-98 62
180 57
-118 150
-59 113
113 -81
245 -16
-40 -14
-220 38
-38 221
-17 -238
13 -10
-37 163
-192 164
143 99
48 19
45 -49
167 -27
187 -15
-107 -30
106 -8
33 -204
-19 115
25 -250
142 38
-126 -427
-43 3
-411 -16
152 -89
33 -87
-97 -77
-73 30
-224 -246
-180 -256
-107 45
-140 -285
44 75
-2 163
-359 206
-48 -12
-190 -22
57 183
175 -279
-61 161
377 190
60 59
38 -140
-456 -133
-210 302
-192 -177
248 392
40 -519
276 255
-126 -93
168 115
185 -66
-664 41
293 575
-290 128
11 -119
309 -366
315 195
180 582
-635 266
-136 -222
356 178
701 24
-105 188
193 -196
-133 -219
271 -647
-436 -455
-307 -733
191 323
-53 -340
401 254
128 142
-5 9
174 -803
27 -361
-440 114
269 281
-295 149
-85 -27
68 259
54 159
165 55
-213 544
35 -555
-280 -666
175 -261
336 -420
-228 -310
351 160
-70 -141
-190 -6
-610 59
-270 -248
3 384
