-1029 517
-83 183
-187 -114
-13 7
-10 -34
6 16
72 -18
-12 -17
-23 72
27 -52
-13 -60
-6 40
-24 -26
-30 -12
-2 72
14 5
30 44
-19 8
9 41
18 4
-33 -35
14 -8
-60 24
19 12
-22 37
0 8
22 -76
-1 -52
22 -6
23 -15
51 42
40 -23
24 23
-26 -18
-74 -26
1 -19
-48 -9
9 10
-19 51
-2 47
-4 9
-41 -2
-21 0
-49 23
65 66
2 -21
-13 -38
0 1
-2 32
12 -14
-8 17
22 3
6 -10
26 21
-20 -24
-9 -25
-19 -18
-14 25
-66 25
-21 6
3 17
8 -5
-22 -21
-1 -3
21 -10
6 -1
-1 -10
-8 -8
-3 -13
-6 6
8 -4
-2 -5
4 -6
2 -3
1 -4
2 -2
0 2
0 0
0 0
0 -2
0 1
-3 2
3 -4
-2 -4
-9 -2
12 -5
-13 -11
4 0
-25 3
-30 -2
-6 -8
-4 9
20 -9
8 9
10 8
-29 17
-32 -1
-8 21
1 -28
14 -49
6 8
-4 21
10 -28
8 20
-4 -22
17 33
-10 -2
30 -34
15 14
39 9
-27 48
48 51
18 37
9 14
-17 -23
-66 -82
12 3
108 50
14 -113
-67 -19
69 4
-49 -2
8 73
-10 29
-39 85
-11 -22
15 -18
-32 93
1486 940
-39 158
27 -340
-84 46
66 101
-31 -83
-110 28
52 78
56 -80
-97 151
56 72
-24 -138
61 58
99 -66
-51 -156
-72 -34
-61 -162
25 -12
-52 -107
-94 51
27 62
-23 -1
68 -100
-73 -19
75 -132
-5 -15
-20 175
17 228
-80 67
-16 31
-105 -152
-109 56
-56 -1
89 49
221 68
13 117
193 -41
-28 1
88 -131
48 -186
59 -46
213 44
77 -39
189 -86
-248 -207
31 55
62 139
-1 3
5 -158
-41 55
76 -75
-33 -60
-65 34
-103 -97
104 111
39 106
77 109
74 -150
351 -114
149 -20
-25 -113
-90 45
153 179
18 53
-130 77
-55 -5
21 94
67 88
38 135
71 -77
-108 48
43 68
-70 90
-24 66
-11 97
-55 67
-11 -80
11 38
-51 41
-1 -90
-5 48
-66 42
56 -68
-19 -58
-106 -13
115 -45
-113 -91
19 5
-190 30
-181 -19
-42 -40
-6 51
85 -36
-12 27
53 9
-116 64
-97 -12
-37 36
-6 -71
7 -111
24 21
-22 30
-50 -65
-26 6
-25 25
10 42
-4 16
60 31
91 0
16 -6
2 56
66 46
12 78
-41 -2
-73 66
-61 -32
24 -97
89 13
-25 -47
-98 23
-14 85
-59 33
-36 52
16 -34
-7 -140
58 34
65 -46
-61 -34
790 135
263 140
147 253
53 -19
-75 -161
36 37
-9 42
-28 -125
-36 -14
58 -69
-73 -5
51 139
-54 -44
-41 204
175 93
113 19
14 224
79 -49
49 126
119 -110
39 11
8 20
95 163
156 13
-12 158
47 39
-8 -77
-15 -289
92 -113
-92 -30
-2 221
127 -15
21 -116
-80 -61
-231 -31
-64 -176
-293 151
15 -86
-124 66
-163 247
-144 112
-381 -162
-141 181
-234 97
309 144
-134 9
-112 -134
-10 -22
-15 272
4 -7
-208 133
-173 214
205 3
62 128
-206 -115
-41 -46
-22 -210
-87 317
-421 71
-320 -59
40 207
358 -120
-265 -479
-98 -251
53 -138
89 78
-115 -211
-77 -229
-126 -238
-165 275
292 -114
-177 -44
174 -133
-111 -85
-19 -246
113 -45
17 108
51 96
-58 -114
-14 198
183 -20
110 5
-173 60
65 89
142 188
-212 94
173 175
-159 15
167 6
365 -57
34 114
122 -20
-201 127
-226 -115
-20 -127
173 -137
160 -10
38 -194
-78 211
-159 338
30 -43
-6 -139
-204 172
-109 -147
18 201
-93 -201
55 34
-98 207
3 -26
-230 11
135 -108
-64 -188
-85 -9
-97 11
-19 141
145 326
-143 6
-254 -170
-177 232
141 -39
-256 70
103 -51
56 -135
84 -131
126 -203
-18 -33
67 -45
138 -194
-165 5
215 -133
-149 -182
159 -101
42 -8
-21 182
250 -33
-162 32
-88 139
154 -209
-31 -99
32 52
0 -62
-172 -108
-172 205
-45 82
103 -27
-198 125
0 3
2 -7
-50 -183
26 -34
-233 -118
-169 -12
-190 14
-73 -111
29 -155
-13 -37
20 55
150 79
183 -149
-93 -53
0 105
-94 44
56 -49
134 -37
168 -115
50 85
54 123
154 -117
63 -177
196 168
176 -281
101 -14
-128 111
130 -62
93 -51
71 56
47 -159
119 -225
229 -180
318 -221
-271 -89
45 -105
287 -19
4 -188
-49 137
-17 -507
94 51
275 232
37 -181
-530 153
163 531
200 379
22 51
31 -137
51 206
108 356
215 75
137 -346
-273 267
155 1
-302 114
382 86
0 272
-109 -97
-68 -127
-59 -62
161 65
3 -241
-375 -93
-188 13
173 15
-110 -45
14 -225
240 5
-211 -93
183 92
8 -182
-296 -121
80 -99
-2 242
298 -62
521 157
-3 244
-135 100
-555 52
54 401
-20 -247
255 -439
92 37
13 274
450 -137
325 257
113 -553
157 248
-132 -7
179 -597
-279 190
255 244
-306 290
346 368
35 127
265 202
65 -308
-323 -531
-70 316
570 304
90 -673
-252 -292
441 -180
-168 -67
221 311
-145 230
-120 621
-208 -230
-85 39
39 566
