398 -488
-78 1
20 -12
-7 2
-74 -65
41 8
-45 12
-10 -8
-11 -68
-13 23
-20 -23
72 -14
56 35
-79 56
20 -2
-13 -32
-22 15
8 18
61 -10
29 -3
-43 -16
5 -27
-39 23
11 39
-42 -36
-3 -29
6 -23
1 -71
-14 -26
19 -30
14 -11
5 -16
-24 29
18 18
-14 -21
-31 26
-69 -12
31 -3
-18 19
-7 -3
-11 25
-29 28
20 21
-41 -37
17 -1
0 -23
32 0
-3 -23
-36 -32
-27 -24
-33 -19
-51 27
-26 1
-1 -23
-3 35
12 37
4 -13
25 -46
19 12
2 11
4 -1
-50 -25
-2 20
0 -7
6 11
-6 -23
-3 13
-18 4
3 1
5 17
-1 0
-1 0
2 3
-7 -2
-6 5
0 3
0 0
1 0
0 0
-2 1
6 -2
6 3
1 2
7 -12
-5 -19
-6 -24
3 -6
7 4
9 -4
-4 12
30 -12
23 7
29 -7
-8 7
-16 -31
-40 -13
-33 -27
41 -7
-47 38
8 50
-12 -22
32 26
-68 19
59 35
54 87
-32 -61
6 -10
21 9
-7 -28
7 -13
-63 -109
-68 -9
44 -61
-7 77
5 -21
28 -51
33 -14
-80 -16
35 92
10 19
-126 81
116 2
-69 96
-23 41
13 -145
-49 -16
10 -36
-13 49
383 678
4 -11
11 126
67 -19
138 77
-74 18
139 35
-24 -49
39 78
73 -87
-65 50
-181 88
-80 12
222 -154
-1 -8
106 64
103 -48
4 -45
-183 45
-32 -16
134 -29
-15 58
95 -60
-30 -74
144 149
-12 57
52 43
-20 147
22 123
-38 139
-38 -8
45 12
28 -146
-37 2
19 -20
49 -113
206 40
-106 26
53 -72
16 34
34 -89
95 -61
-93 -36
133 143
-72 -24
-15 87
-106 21
-5 100
115 147
114 109
128 35
233 -155
86 -7
10 77
18 -154
-105 -178
-1 77
-103 248
-108 -71
-19 -38
-49 -17
295 156
5 -128
8 58
-32 -81
59 191
12 -129
201 -44
-51 -19
-46 -199
4 -12
17 0
-39 -38
133 47
142 -125
-12 -94
-24 -6
-138 110
-54 -16
-118 61
188 -72
130 69
28 32
96 -173
-54 -186
-61 -233
18 -49
52 46
60 -19
-7 60
155 -49
106 38
153 -18
-28 9
-33 -84
-147 -17
-94 -50
123 -24
-109 104
3 49
-10 -51
104 92
-75 -34
131 127
90 180
-78 -91
64 26
-3 -24
-58 -15
-15 -25
-90 -84
-92 -32
39 -83
21 112
34 78
53 -89
43 32
-64 -33
69 12
59 65
-77 -45
-2 15
-48 19
0 -26
-65 -10
-70 38
-21 -58
-49 11
187 450
99 -136
-125 -99
-96 -5
16 -35
-127 -121
-133 -116
142 153
-28 100
-40 104
149 6
131 -151
-28 -176
-136 85
-59 -20
-209 17
-112 -5
-23 85
132 -22
-16 27
-145 162
70 -61
-69 16
-40 -54
-89 -185
94 -35
-179 -27
41 18
73 -176
25 -224
96 96
-177 117
91 294
-21 -122
75 176
39 221
-260 -50
138 -105
-30 88
16 -87
-34 83
-37 -8
197 -108
-100 -201
110 81
2 -138
80 -79
82 -113
-56 -212
-149 -131
-104 40
-288 294
-26 18
-65 31
-56 162
339 233
-67 -149
21 -347
146 102
45 -64
171 109
-294 -205
47 194
-63 -149
-22 144
-128 -357
61 294
-559 114
256 134
-72 345
61 153
19 -89
22 -6
-181 -88
-298 236
51 48
-113 -45
373 -346
142 -63
181 -170
-392 76
-91 -198
34 -28
-149 139
176 615
100 392
-89 89
-62 97
-104 108
149 -172
-335 218
-219 -60
-161 136
90 -119
219 354
221 174
234 289
-211 59
338 -229
-71 -494
48 102
-109 -78
392 -225
-259 -68
-249 -308
131 230
118 119
-126 -155
-44 94
6 59
200 356
229 -21
-167 170
-16 -172
11 101
-140 121
-171 54
231 77
-24 -250
-27 61
240 -255
-386 -77
158 -376
-23 -21
-47 284
183 137
-3 103
20 9
-979 -276
178 -109
43 44
-86 119
-322 -108
219 18
-114 144
-109 -36
-12 -265
-146 -21
-45 -112
91 -28
141 144
-195 203
27 69
108 -165
12 124
-13 -60
166 -165
-8 35
-8 -256
-196 30
-52 104
141 258
-102 -16
-185 -30
179 -7
34 -298
-205 12
-17 161
-170 -96
190 -219
-315 -226
85 195
-206 -232
-122 -187
183 9
-50 210
-91 -46
-87 91
-20 56
-136 112
-189 288
-86 153
-86 -46
88 155
65 107
-193 -31
-72 58
135 -50
-36 21
48 -194
-39 -13
169 -221
118 -38
-486 -194
118 109
142 196
-50 44
-18 217
-193 -112
26 94
-115 -217
197 188
-12 -221
37 585
-76 -217
585 -144
-351 -251
216 -321
-37 -206
-58 220
155 46
115 87
529 -282
-91 -73
225 218
-440 439
-121 171
-162 233
370 -84
30 507
-88 -52
137 41
-169 -806
-209 -546
138 -260
161 -149
-44 -70
-160 263
449 -308
340 5
43 -148
-91 350
-424 -480
-390 -352
-396 -446
417 15
-483 365
241 872
-335 -246
-6 -17
-941 536
350 -106
428 572
-36 -516
-93 -195
291 207
149 -341
207 0
-270 -877
-350 -47
259 -346
-265 332
-158 -512
-73 -109
40 -251
-405 24
73 658
-166 69
-678 551
680 17
-254 483
-111 399
287 -798
-32 -103
132 14
131 336
