-811 -3422 2486 -2309
-5004 1104 2708 -8276
-3267 7620 435 3086
399 -5611 -599 -1096
1653 5494 -4404 -5054
-1960 -3048 -6235 -40
1457 192 -1692 -1957
-3185 7420 -2907 3981
1925 -481 2920 1157
2633 2123 2524 1493
-3794 -2034 351 3734
107 1803 -2504 5606
855 6607 2302 2927
-1076 2750 1135 306
-2354 -872 -255 3971
-4272 -1151 -5334 3585
-6467 3431 1389 -2925
136 4257 1153 2700
7315 3885 717 -88
-1309 -292 2735 8778
7159 445 -5906 1237
5553 4691 -2898 6
7236 -1744 -2451 498
-2678 -2944 1391 1368
2315 -1851 2012 4787
-2726 1879 -3074 1773
-7984 2319 5305 -7775
-463 -2487 3776 807
3601 -6506 -3998 -535
-6390 2292 -486 481
-2123 6929 9302 -1609
3226 -1098 -847 -2861
8915 2159 -835 3014
1418 -4047 925 4503
-1436 -6001 -2518 -6893
3138 -732 2995 -8505
-4523 136 -374 -239
-5584 3202 -4982 3512
-2332 5639 1847 3244
683 2628 21 -4484
-3199 -7499 2233 1251
2970 -2674 -4012 4790
3374 2516 -4524 -1799
-5080 1714 6414 3410
-4686 -502 -1393 1958
2872 -2304 5749 1208
3377 182 1628 9097
4642 2657 837 -6722
186 1275 -1492 -1309
-3201 -1629 792 -1326
1850 724 3227 -306
2052 -2964 5349 2367
-927 -466 -3475 -4066
-286 -2812 -4486 -1830
-1958 4797 -2473 -721
-53 2523 4075 619
4580 -7134 -5366 -1031
4677 -5387 5381 3835
-2165 -1340 -2425 -10514
-6177 4061 -4285 1522
-368 -5366 -4559 -4824
-2617 3573 -9953 1922
-63 914 694 2522
1778 975 436 1055
1290 -1574 -2884 -3470
1633 4891 -6508 -2298
-1223 -1307 -2948 5184
1061 372 1285 5933
-4861 4400 -4924 -2855
3023 -4461 -4783 3041
-491 -1477 -200 1799
7562 603 -1819 1351
4204 -2370 4018 3009
3335 -407 -36 3778
-3183 2109 1493 -969
3723 -5976 3739 -1487
-307 -1087 -1507 -950
4304 -2576 7257 -1046
293 7912 -1330 -3975
6118 1942 -541 289
-4664 -1387 -1794 7064
-5338 3002 2284 3893
5035 1833 3232 100
1023 -8576 -564 -314
-1114 3053 -582 6095
-7846 -2464 -4071 9276
-9053 2045 6232 -5828
3348 -2488 4408 1358
1663 -5115 3202 3773
1569 -9583 -2498 -5940
3084 1666 -3960 3083
6337 587 5354 -475
2815 -4753 7949 -1054
318 2889 -2766 -7549
2765 -2790 1046 -8490
-5304 1628 212 311
4876 823 8140 1028
599 2028 1736 -5761
-9495 3448 -6201 5251
-58 -132 270 -1641
-3674 -4213 -6450 971
-1872 -4171 -4912 -1136
-5642 -235 -3881 5367
596 -3159 4872 1470
3439 1067 -2689 -810
-3532 5259 764 3914
-3583 1502 3567 2458
-7202 -7790 1495 -671
-348 -3792 3498 -5793
3581 -2274 4220 -1414
3144 103 809 5310
1607 -6781 -886 1118
460 -2697 -1876 5141
702 -6056 3211 -569
-3814 3171 -729 3155
-2170 -1750 500 -1767
-1519 8244 -2840 -3355
2549 4103 4474 2848
-8846 -922 1679 -403
-577 2730 3620 -4548
-1034 -4830 -6517 -3230
-4983 3185 290 -351
2202 1489 1715 -574
1778 -4432 -4695 8863
10079 -2039 3152 -7772
9539 4503 7000 -807
4567 8164 8075 -1931
3030 34 -4369 4897
-2803 2409 3439 2069
-1865 -219 8697 -4190
-2706 -945 -3533 -6414
-3634 -4410 3078 -9220
-4743 -614 636 2506
-2120 5584 554 -2088
1798 784 -65 -3561
-549 442 -9970 -10199
-2916 6016 -4141 -4527
-2674 -1353 648 -7630
-3974 3631 -3827 -189
1549 437 576 2584
8146 360 885 -4307
-394 -3653 -71 -4948
-1032 -11832 -3752 7
-17 2461 1917 5508
-2768 4099 2501 -4466
5442 7909 5908 -4531
110 1669 -1422 5530
2888 -4470 -430 -891
-3466 1162 4286 -3768
3326 9070 7263 977
1880 -1631 -2734 6932
1685 1988 1326 -127
-780 10652 -8739 -2971
-3753 1626 4786 -1811
1363 -1547 4239 -1602
-96 -2904 3840 -1066
6680 1042 5469 -3732
1449 -11612 2958 8301
-1500 1195 -2152 528
4356 1446 529 -1145
702 3559 -5782 1321
-3312 -3504 -4244 3006
-4536 542 -699 4471
-887 2911 1547 1333
4074 -17 1196 561
-1313 5639 591 489
3731 -5660 721 1612
536 3490 -1123 -3068
-1212 -2855 3256 5352
-6235 -2846 -4976 -4014
5407 -1495 2380 -4004
-299 -2449 -7494 2027
-811 -2850 -1583 310
3626 -647 -100 -4321
4881 -562 4380 -1185
-1123 -177 -4184 -1336
421 -3411 4697 11206
8080 -1210 -5424 5961
2898 -410 6872 5905
-4217 -4083 6852 5246
2365 -9713 1354 -3882
4019 -4485 -2836 -3460
240 -5067 -6570 4297
1004 3010 1801 -7670
-2957 5718 -6806 -3560
-110 -4209 3033 3121
-5770 -9764 -3937 -4115
4896 3170 6303 -301
6377 -783 4749 1167
-1155 1101 -2539 -1086
567 -1708 -702 -4243
1121 -302 -2219 690
4704 -6707 -739 12096
5464 -353 6069 -5217
-2697 -406 1094 278
-4585 465 -3856 1091
-4089 1489 -397 855
496 6101 5488 7594
3474 -1151 2293 -991
920 1516 4039 -2287
-4570 -2577 -4682 -3199
6845 -2634 980 7915
10511 -1185 -3140 1296
1435 -937 -2207 -5862
1398 -3680 -1535 1077
-7417 2957 -2729 -5150
-2615 458 4671 -2680
-1917 -6115 6078 166
1417 2233 -64 1639
-2407 -70 4950 -2147
-2425 2770 -1225 726
-4053 -364 7117 3276
6017 -4275 -5870 6786
-131 7056 2215 -7297
-1648 -6074 4640 881
-939 -6104 -1971 -2202
7649 1386 -3510 1852
3852 -4803 -3210 -2113
-807 1716 -6631 -2180
5124 2631 -2957 -2300
-8169 6067 -816 1976
9425 -10951 6014 4213
-8336 -4955 4387 225
4177 -4554 7905 -1760
640 -365 -5160 -740
11968 -4704 10178 -2122
839 473 4287 -2995
1175 -906 -1464 2074
1528 -1663 -6480 29
3275 -342 -5092 -2840
3897 -505 -2435 -2739
-965 6768 -3171 -6562
1215 8863 -5275 3708
320 4899 6674 4224
-1432 2360 2451 1975
7410 296 -5 -4233
3707 -2179 -642 4484
1075 349 3068 -4999
-531 5819 5441 -2019
-733 -4379 -7559 2033
-1949 -3490 385 4837
-909 -3477 3611 -2765
4563 1960 2802 -467
-1191 3566 -7454 264
2583 643 -267 -3778
608 -4694 1771 -6245
-4022 -3164 -5185 -3917
3398 -7678 -5718 -3747
-310 -4120 -1573 2344
-4703 -4234 -581 -1641
2108 -11180 -364 6318
-1539 -3950 4204 1362
2745 -5797 3994 4333
-536 2646 3411 -906
-809 2783 -1839 -2758
-752 -4010 2764 -2758
