-7685 -562 1755 1838
1784 5078 1297 -10997
2264 6037 -2417 4296
-7428 7296 859 -4090
426 6200 -631 -2333
-2103 -1881 -356 4907
350 6985 5480 1349
1623 -418 -4525 3882
104 494 2540 -2825
-3871 2888 108 1987
869 347 5052 4891
-4734 3363 2933 -5924
-2084 1164 -928 -362
973 -6535 2367 -5249
-2706 4361 2320 3370
-8094 363 7523 -1263
1600 577 -3761 -3680
-802 -1109 4501 -3945
-3145 5950 -1373 4632
-4829 1748 6761 -1517
2169 3647 -3215 2488
-12376 -1314 -2582 -4146
-1953 -800 -9561 -1956
-490 5609 -4449 -8159
1201 -3550 2725 -1427
-2683 1850 -128 -396
-2404 -3500 1908 3943
-8695 2151 1437 2452
-5163 4 -4798 4830
9586 3474 -342 940
1941 6903 6037 267
-5124 -6535 9167 -7262
9142 2150 -2546 2019
3894 -949 -588 2198
-651 10907 4576 -6567
1564 4384 -6809 5737
892 2304 -1167 -4295
-973 3232 -4186 -2114
-2897 2135 -6423 -2456
-2263 -4955 4818 4614
-153 -3031 -4149 2188
3471 4658 4415 4347
-4344 2439 9128 -2684
2409 -2851 -1334 4544
3032 -961 5958 2994
3495 -11056 2654 1785
-5189 -2308 3708 -3387
1022 -1032 7657 -4171
2739 4069 -1526 1041
1417 2837 4788 -2435
-2397 2452 5168 2380
-1722 615 7158 -9623
-1509 7922 2876 1938
1665 -6689 -3214 7421
1801 -6166 6415 -4314
1756 2141 -1631 -43
-2203 -2213 -3574 -4810
-6056 -8137 -2462 154
-5355 -1287 -893 -1880
5178 1097 3236 2965
-4332 -592 -4324 1955
-5913 -6912 -10530 -5587
-1557 -3679 -1893 3301
604 818 -859 -198
6151 296 -20 -1715
5759 -939 4308 -11464
6486 6069 -108 -802
-517 -2562 -12869 4328
1873 1074 -2570 3192
178 -3148 -1824 3201
-3665 -5072 6953 -740
7209 1172 8265 -2623
-2725 -6912 -1026 2179
2627 -872 2385 -2587
650 837 2071 -1695
-447 4268 8440 1020
1940 -1856 -610 -11361
2369 -1473 4675 5219
-4505 8542 -1393 4106
2506 6333 -4100 4922
-2557 280 628 -9270
3535 -2842 1206 -2573
-3786 3134 -1829 6946
-5701 2637 4783 3623
-484 2179 -4551 7196
183 -2123 8168 923
-1041 -887 8731 -5903
7309 -1609 231 1816
-4365 -1235 -2 -2962
-640 -254 -3649 2546
2182 1695 -6596 -1916
5342 1165 401 -30
2954 247 1733 41
3340 -2752 -10595 -5415
2881 6092 6118 -1546
-1144 727 4182 -697
-8575 -4892 -2184 -3198
840 2300 -7388 -2255
-3539 2567 -3409 2013
2257 -847 2884 -294
-2144 -6861 57 -10421
1868 -1599 -4884 -3147
3500 3954 -3305 -3535
-2345 -4292 3886 -8522
1275 6383 -500 335
1235 -4373 -503 4019
-2089 2024 3373 -2304
3500 -2319 747 -5175
2070 -544 -5086 3820
-3817 6314 -4725 3643
5375 -5394 2286 -1219
3323 1558 1197 -2304
6084 -6242 -3237 -2606
-567 1701 -1059 4108
-1713 400 -3786 -11065
-7660 725 -1632 -5381
-3043 2271 2434 -106
-2326 -2942 2591 9982
-4637 -4433 -2927 -958
-39 2211 -7792 2378
-1910 4180 -3080 7625
6872 -7010 7261 4230
-1247 1696 -2910 2366
-2671 -1447 5470 -2641
-2544 1607 3058 1103
-1822 -2070 -96 -1480
2629 3207 -1531 1890
-391 4737 -137 -5562
-4711 -3184 857 3095
-5174 2441 -1006 4550
-6168 3048 -2429 -4972
-4966 -432 -5787 4251
-64 -2527 -1369 -2313
7995 -10749 2160 -616
130 -5608 118 663
-381 3148 -2606 761
-2426 2386 8757 1527
711 -1190 4385 -1253
2518 -69 1517 1985
3118 -1034 2372 4083
-5289 146 1010 -3988
2220 -3646 -3598 1245
1254 2031 -749 2522
7311 2156 -3155 -5678
-3120 806 3528 990
2462 -1443 -4860 -8992
-334 -3246 5009 -853
2131 654 -6118 5046
-1074 669 -4315 -4862
-4643 -4365 3110 -4696
1671 -5043 -2766 9806
5733 9951 6587 3275
-14379 4591 -9119 -2708
1639 -2055 1579 -529
-533 -5775 -2452 1937
5605 7410 -678 -1252
-7872 -1571 -2356 -4857
5433 7991 -891 -5521
-2344 -1287 290 -14
102 1653 8022 7800
-3421 6588 -253 -2356
110 716 -2014 -3318
-3369 -4505 824 775
1230 6483 1104 -7353
5614 -6948 6839 -577
-1703 -7537 5949 1574
1011 -2076 38 1412
-1155 -3847 -1946 2225
-1482 9737 -3029 -503
1030 3797 1379 -1821
6617 -2215 3558 -3033
-5037 -8205 3923 2368
358 68 -10 1878
-4890 -2536 4381 2934
-1039 -2720 400 4454
-220 -11165 -932 7331
-124 2243 -2681 -1123
108 5099 -102 3810
4838 -7761 7073 -1340
-760 -2872 -5760 1009
2669 -2444 -6705 3384
4374 -1439 783 3572
1876 10848 -3248 1448
-6410 1554 -2230 -843
-4867 -5975 258 -3167
-4547 8006 4574 -769
4350 3090 -3428 -1005
-1509 -2731 2608 723
-1763 -7452 2534 2153
-4269 473 3416 4888
-831 4308 -10033 -3533
3605 1599 -1654 -5048
-4 -2089 -5341 -949
2789 935 3170 -2154
-4027 -3329 -4611 -1566
3288 -898 7739 134
5095 -4223 1716 -6260
98 -4973 -1759 4572
3674 536 -3058 -5041
-6982 -2630 4859 -7384
3922 3062 4311 -532
-282 839 -6345 -2935
-1131 390 -7171 1291
3399 3705 -379 894
1160 6168 -3661 5814
-6819 -4531 490 -3006
-240 5612 -905 1285
-949 3164 -1627 4103
9712 465 -1781 -5421
-660 -5350 1514 -9478
2895 -3077 -4545 -73
7011 -410 -2012 -2111
-574 -5352 -729 -5142
2636 -1023 -922 3379
2384 4080 -4120 -1071
2166 4581 3476 -6408
6880 791 1432 1105
-1067 -2199 -6214 4231
-2579 -4192 -6278 -1113
-2975 3031 11345 2534
-2429 -2909 1908 -5411
8790 -466 -6145 -4590
636 995 -4904 -4315
-2497 577 8308 5909
120 -4921 4287 -300
-4621 7711 6705 2330
-3061 3441 2021 5036
-6222 -5488 -6090 -9835
-2271 4649 -515 89
-4519 -2717 651 -112
3593 -5824 1975 -3017
-4107 587 -3499 -2829
6920 2997 -9546 -5402
1011 -5260 -3158 617
-3275 -4043 -6700 388
1234 434 5369 5392
460 -5755 -3405 -5325
-8956 -815 1340 5051
2048 -1975 5464 1712
-11646 5439 -7988 7291
64 -693 1616 3308
6116 1941 1125 -2167
3863 131 -205 -8021
4252 -5290 2039 8749
3188 2321 3784 2369
-5022 3768 2138 1655
2361 -429 -3762 1108
-1508 -5102 -2300 3912
2781 -2735 -330 3645
4041 5474 5897 -9443
-3263 244 -8280 -740
-6008 -1318 995 2594
413 -1716 -3011 2065
8535 2030 2718 3963
-3079 -4955 2950 -7975
4203 5661 -5475 2293
