4842 -2432 -2299 5050
6639 4056 -5385 2833
644 2142 -1480 -4279
-5788 1431 2018 2896
2104 -6569 -3799 7389
1255 5786 766 -5207
2381 2599 3794 1522
219 -7402 -1702 -615
-3198 -4610 2299 -962
-935 -4426 -2100 -473
3605 3837 -1628 906
6608 -2656 -2304 -1387
2427 -4138 -43 -921
-2460 8586 126 6211
-2487 700 -2839 1830
-5934 -4971 -4920 2817
-2909 -2691 3282 2265
9076 3195 -74 2392
6026 1065 -1197 -1326
2483 -6612 266 -6260
476 -1183 5663 231
2902 -19 7081 -3353
-9233 -9435 -245 3068
1967 5672 44 -205
250 -4988 -1993 2280
1326 -2778 -3835 -489
-1057 1651 -4755 -3894
3646 4381 1712 4847
3856 3552 2878 -5304
14241 -5411 4887 -1423
-801 -4047 -1912 1366
5679 5466 268 931
-6318 2890 -2101 221
272 3439 2977 3220
1278 5406 2705 -2540
-4058 1929 1426 3139
-2834 3895 -1396 2893
-536 4074 -2377 3013
-498 -3558 503 1731
-2283 1842 -14 -4134
-450 2132 -3063 1797
2789 -3019 -1011 -2694
-4865 -1205 5574 -2167
-5407 -4443 1554 168
-8347 1039 -9218 -541
-1728 -2253 -912 2381
4806 -2229 1755 1908
2140 1566 -5599 3369
-5856 -198 -1460 3541
226 -4587 2092 -7507
826 1158 -620 2888
1357 -3793 1022 2565
-527 -2758 2009 3915
-1096 -219 3295 -3772
1570 1481 3979 915
-2642 4754 4589 4962
1684 3453 832 1225
-1520 -1977 -5676 -7042
978 256 8805 4033
1127 -8910 -5175 -1467
5176 323 -3664 -169
558 5252 -746 2081
-2690 5917 -772 -1501
980 -1176 -2093 6131
-6630 -4601 -61 2149
3080 14492 2963 -913
-3521 -4176 1411 2351
808 -246 -2680 -4395
-1626 -3470 3890 -2169
-3151 3460 4973 5209
-1550 -813 -3202 12013
5666 1100 4646 2620
-333 7320 2603 -954
3487 1685 5918 -7228
5298 2018 -1385 2408
8083 4701 2686 -1375
-2405 4644 536 -646
-3995 1849 -1661 -10593
2728 -5895 -5926 1343
-3655 4330 -705 1161
-1420 -7411 -1475 567
-780 916 -1928 -7624
-6159 8261 -79 -4304
-3585 -3707 -5565 4547
-6271 2231 -10345 -5328
-844 5364 -2038 532
2833 -3679 -5489 3173
-2003 227 296 -1335
259 5230 -1386 343
-6947 906 -10777 8293
6653 1186 -2985 -124
-2342 -202 772 2967
3796 -4124 -472 3801
706 -4338 -6359 -3497
1186 3008 10845 -2811
-3353 -11709 -3181 -8463
-7140 -1842 1274 3283
-4959 -3682 1691 -4116
-2856 -2397 -2943 7666
6205 -1260 -5550 3226
2567 621 -6680 1156
-1805 -3970 924 3011
-148 -1363 3179 7326
-6665 -1855 -652 1585
7677 3046 -381 3411
-2738 -2935 1215 -992
-3052 6384 607 -201
-2023 -788 -4335 508
-9247 3249 -1449 -2570
-2527 740 2879 1862
-458 1052 -9615 -1530
3289 -3776 -4021 1269
50 -1537 -2205 -3828
-1575 394 -3903 904
1708 463 -1811 -1706
-9250 -1410 -5180 -3792
-2217 7692 -1872 -1074
1105 2117 2245 8407
7715 -1855 -2915 -1673
3016 544 1860 -358
-356 4226 -4408 -1147
-5278 7312 -1304 2087
1356 -8239 2192 -1269
-2532 815 -5215 2486
-3166 6282 -3040 2505
-2768 2103 1302 -2996
120 -10999 4119 2573
4155 -2906 -3787 -2866
-4183 -986 7308 2883
-3391 -192 -817 -550
1005 5625 -2137 3513
3086 -4034 -4310 6267
-123 -2025 4349 -551
793 3813 5097 -1435
892 1193 -5896 2378
-6721 -1606 -755 4682
786 -3835 -5722 4665
3420 -5015 3204 -4198
3442 -1224 -2179 2406
-445 -3154 -7921 -2915
-8180 63 -4160 -4820
-4993 -1148 -2972 -5611
1178 -3632 450 3620
2504 -4123 -6805 -1061
-50 -877 -2177 3886
3979 -1280 2525 -6980
2422 2999 1125 1476
-2291 -1118 2898 752
-2672 -4008 -1080 3635
6770 -6746 959 36
-508 841 573 -1516
1449 -1664 2475 -818
2341 -517 2877 -7876
-522 -5101 2628 1369
-1321 -3853 1303 -2418
6540 -4479 1320 -5951
-1086 -1132 -3650 -10993
-5335 -590 187 4340
3690 709 -6417 1069
-3226 904 2999 2952
-1906 -2283 5266 -2022
-5060 -406 3841 5013
4368 -6554 -2168 408
2746 6457 -4396 1347
-4943 482 7374 1597
-2310 -871 307 -3822
-2443 -2353 2046 7209
-668 -3506 -1023 -918
-2333 -2504 -3957 3611
-2638 742 -1008 1163
4788 4305 726 4826
-2408 4098 -3863 4434
1852 -4897 4677 -9188
2900 2034 7953 11070
1072 3880 3833 -1993
2137 726 2170 -3912
-14884 1343 2477 2360
-7047 2687 -2029 2582
5578 -427 -625 517
-2228 5136 461 1170
3219 -1596 1423 -3522
-279 -100 651 -4915
-2568 5718 -4253 6757
-65 7220 9222 800
-1519 7809 -2235 6151
-2756 237 -5037 3716
-9686 6489 4608 -949
-9428 -7963 -1186 -8274
-3998 3586 -946 -5137
6332 2921 3808 -3364
2338 2411 -3766 -6177
6038 -5167 4935 737
-296 252 725 -529
-4123 1740 4601 -2320
-2527 2699 6312 -202
-2587 -6285 6057 2040
3127 1705 1572 1356
2807 -29 2174 3147
-3231 2544 -1463 4379
-841 -7298 3712 459
-1472 -1406 984 -12
5868 -3423 5099 642
-598 6739 -3174 4745
866 4122 -65 -1313
663 -1357 -3099 3228
-5217 -2000 -3541 -651
-866 -5777 -957 -4816
16 3530 -708 -2401
5972 4195 5781 2425
-877 -2586 -4309 1574
-1240 1052 -2185 6315
-4771 -6258 5682 5956
2274 3735 3359 6669
1971 -2135 -1771 -794
2220 -3430 3921 -6787
866 4853 -2695 -6475
989 -5314 -3944 5992
-4967 244 4085 1395
4901 -4204 3514 159
-545 -5239 5809 3076
-7782 3809 -2591 5170
-422 -4127 6762 -8130
-212 4621 -8587 -811
-1265 2572 -2899 2210
9355 7779 66 -7432
3726 1369 1280 -249
11941 2096 -1108 487
-6881 -4827 -3799 4271
-539 -1478 -2039 1738
-2086 -2487 -3857 -1414
1668 -1699 -3209 8215
-126 -265 1761 6204
-2410 -3990 6970 -1450
2208 5997 2083 3747
1847 -1869 1248 -2540
-69 -2410 4125 6322
-4092 -1119 -699 -7415
1665 870 3661 -1166
4019 5554 -7114 6944
-3523 -1158 -7813 7881
1770 -4239 556 2137
2407 -3253 1526 -3241
4545 -568 -2214 4354
3695 -6280 6211 -8194
1418 -7080 -6825 1716
-2032 10579 6387 3160
-4386 -4365 -6353 4689
-1977 -6467 3193 2888
-6721 -609 5623 2051
-1177 8564 3525 -1696
-914 -4846 2687 -406
-1356 377 -6672 -4188
-108 348 -1636 4317
4202 925 -4512 -273
4281 -11741 -424 -1561
-1821 2284 3541 2915
