1764 -56
-42 -46
83 -123
-5 -24
-73 4
16 -5
-12 31
2 15
10 -31
-49 -8
13 8
-9 -72
-3 78
6 35
-41 -3
-33 39
72 -11
107 -9
41 -16
-12 -46
-3 5
20 3
-38 -46
55 -25
-9 -49
8 -39
-2 -18
4 25
20 -9
-54 25
-4 14
-29 0
25 -2
-16 -40
-48 -60
37 -1
-58 35
-77 -9
15 26
29 0
-24 -65
-1 41
54 -31
73 16
19 -61
-58 53
69 28
33 12
-10 -27
-8 9
14 46
-24 20
21 20
-9 50
-12 -3
7 22
-10 -5
-16 -22
-5 19
-5 11
29 -22
-4 35
15 40
8 31
13 -13
-11 7
1 6
5 -30
-2 -10
-5 14
-9 -10
-18 -3
1 5
-2 -12
-3 5
0 -3
-6 -1
1 1
0 0
-1 -2
0 4
-3 5
2 -5
-4 -2
10 -2
-4 4
8 5
-15 7
-1 0
5 -18
-8 0
-7 -2
20 28
-17 3
0 -60
-5 -1
15 -24
-24 -7
-17 33
-51 13
24 -28
15 57
-14 15
-47 -48
41 -34
-50 45
-46 32
7 13
-17 -10
-59 25
-34 -43
101 30
25 11
55 31
19 -62
128 -86
25 -33
63 -38
-53 -39
-7 -35
22 31
-20 88
12 -11
28 5
60 20
-17 -42
30 -49
-30 6
3479 -674
98 222
-230 29
30 118
142 -21
-56 24
57 -72
65 8
-14 -2
175 66
34 1
36 88
-18 -91
-30 -42
96 -5
94 -100
-217 -6
-255 11
-101 86
26 117
54 -42
-136 -30
122 103
-163 94
-1 145
-43 115
-27 31
-21 -19
-85 16
189 -108
-9 -109
102 14
-71 50
118 70
112 160
-65 -21
167 -147
275 57
-74 -61
-139 1
130 234
40 -148
-150 87
-224 -48
-34 267
214 -170
-233 -76
-149 -34
-24 102
51 -24
-45 -172
81 -101
-104 -99
50 -219
64 20
0 -78
61 36
58 117
45 -87
25 -71
-132 120
-3 -217
-91 -235
-57 -258
-111 69
58 -27
7 -62
-47 265
25 90
37 -141
101 104
246 61
-11 -64
51 204
62 -116
10 89
242 28
-106 -45
146 95
-55 -129
-8 147
-71 140
49 -96
-63 -33
129 -14
-46 42
67 51
-141 65
-15 -11
63 -96
-39 -13
-30 -10
114 137
-100 -11
29 -230
10 10
53 -107
-100 -63
-31 104
-129 65
83 -122
29 174
-69 -4
-61 -68
95 -27
-56 60
-113 45
29 -16
23 -33
13 101
-14 -62
54 26
-46 50
63 31
44 -129
152 -40
58 4
9 25
23 30
31 -3
-61 -7
-35 -97
44 -27
29 3
-21 -13
-16 -72
-95 -41
79 40
4722 3061
105 -49
223 25
-13 56
-115 11
52 -52
-55 14
-148 -125
33 121
-144 -119
-120 -11
-5 88
47 -83
45 -77
-28 20
-28 77
177 56
115 15
98 -130
-15 -96
-105 21
273 109
-135 -6
242 -100
30 -111
22 -80
84 8
24 -107
123 -53
-213 187
-19 238
-85 -29
31 -99
-190 31
-23 -112
10 75
-159 233
-350 -140
121 2
248 30
-282 -291
-146 126
73 18
110 7
-78 -444
-239 139
193 44
169 14
159 -80
-155 63
6 158
20 183
176 144
-56 249
-106 -51
-106 7
-123 -97
36 -160
-110 91
-37 109
51 -129
134 297
127 217
85 592
265 31
108 -119
-139 214
88 -398
-84 -83
52 124
-76 -85
-478 -313
-7 22
-188 -328
-75 248
-8 -178
-420 90
117 -57
-270 -246
-61 296
45 -350
203 -315
57 166
-47 95
-215 228
89 -69
-200 -1
11 -5
-39 -60
151 333
133 -78
97 -1
-113 -240
21 -151
114 502
121 58
-61 86
62 -104
162 -133
360 8
-63 40
-106 -173
-5 -137
296 262
-138 208
265 -183
208 -190
-50 -145
101 -15
433 -4
121 169
-376 -122
-48 53
-159 -160
22 121
-329 335
-90 99
-147 143
174 154
4 133
-85 -90
-28 -365
-40 -63
-73 -40
-129 -108
58 140
-163 60
4 9
2345 1707
98 -197
120 -319
-117 -205
-56 16
110 62
-74 132
-41 119
-98 -140
-194 -3
36 11
-120 -166
-86 268
-40 217
-229 -72
-141 57
163 0
273 -23
-6 36
-14 -34
18 113
-166 -213
16 -210
-162 -69
-72 -154
52 -145
-110 -60
10 160
-2 141
-16 -150
120 -196
-72 -35
87 59
72 -144
-210 -67
-31 -110
-4 -147
92 233
-35 93
-209 -131
261 56
216 131
77 -243
228 121
229 351
33 -1
57 -32
30 -20
-100 -77
224 -235
65 -27
-257 -179
-131 -60
-90 -76
89 58
128 80
108 109
-208 95
-31 -141
74 -5
-5 65
-185 -120
-130 26
-94 -551
-352 -88
-304 239
252 -468
-117 330
106 4
-72 143
-48 -18
424 354
78 -16
229 305
14 -240
-55 249
380 -304
101 109
255 339
283 -353
-82 429
-82 308
-180 -203
-48 -82
89 -333
-71 195
161 -60
-20 8
122 350
-402 -456
-207 182
-198 -117
-105 225
104 90
-285 -567
-345 -165
225 -69
-92 162
-194 311
-302 -29
116 112
111 347
134 354
-443 -549
205 -380
-460 520
0 138
-181 159
-372 4
-638 -118
-353 -142
821 194
553 -42
367 172
75 -156
564 -478
-99 -247
341 -427
-432 -366
-135 -275
330 197
-74 773
-30 73
79 17
400 169
-54 -111
361 -40
-367 -112
