7308 -3257 823 3758
-531 6976 341 3556
885 2523 6166 2389
-2134 -8352 2762 3787
2416 -4776 1788 -7805
-2412 1228 5383 5217
4887 1852 1929 1044
-943 1737 149 -3458
-2371 -6742 -3028 2121
8173 5294 -8025 1347
218 4516 2016 -7491
-841 -694 -1214 1000
4275 1410 4608 -2438
1762 -5831 2211 157
-946 -1797 -1955 -2798
382 2726 2592 -3993
139 1154 3874 -2472
-287 -2812 -5898 -1350
-519 8877 402 -1307
4174 2365 -2462 54
2861 10310 -4995 5089
-2355 -3912 6283 222
2075 3164 -1412 -3756
-6262 4505 2793 1033
6885 4825 117 -1097
1573 -3171 1683 -4193
-2018 9744 -3139 6159
4236 -3046 652 -9713
4553 -2498 -2751 -445
-3649 588 579 -5992
-4756 4616 2318 -2348
3415 3622 -3011 809
-241 321 1 5632
-76 3416 -714 4050
-3027 117 2304 8251
-5823 7272 2818 -2692
3845 1141 -2837 -2734
4165 1628 1395 6084
-1279 625 3830 2973
-5855 3359 2657 2645
-3606 -3654 -3793 -1120
1897 -1237 4357 -236
-4616 -850 -4962 -6543
2887 2589 -1768 -895
123 -269 4938 -8157
-1114 5902 -5324 -2493
-3011 1447 -4453 2582
5391 -6828 4418 -1548
1666 5517 1295 -3970
6023 2361 8235 1500
-3122 -350 -387 2080
569 -5240 -3649 -5656
-520 1320 655 1254
957 -1090 -797 235
-5780 3789 3454 76
2238 2274 1311 3625
4070 -1691 7693 -6075
-4152 -609 489 7465
-5932 3917 -2823 -2436
-4160 13536 -4226 -4593
-587 4200 -15 -1619
2820 -2817 -6802 4365
-2308 -4399 -7720 3066
-902 1016 1071 -4103
-285 -4343 -952 -5017
-164 5273 -3827 4054
706 -340 826 -4923
-2654 -3133 -9853 -1031
-398 2567 -4210 2082
-5066 -3323 4057 5005
4827 -1659 5279 -10148
478 190 -924 -192
-140 1396 2427 -2706
-1165 1710 -4786 -1408
-5078 205 -5837 -6583
418 566 -6778 -420
-6112 3433 4324 -1186
-1913 -1539 -3211 1354
-2599 -5672 3816 -754
1276 -4386 11024 1207
-716 11785 3084 -1204
4917 5192 4236 -2351
2718 2549 -198 -7282
8608 -2351 556 369
5603 999 -282 1462
550 -4920 -4574 -3443
-1453 3697 9289 -1311
3458 7699 -9476 -850
-6153 -4611 2387 -1386
-982 1935 2667 -1973
1407 -918 2297 3573
1364 1684 -2743 -6793
-6860 6460 -4157 -2779
5520 -1206 3193 -5491
-3042 2159 -2675 -3915
-5002 -3464 -1911 -1030
-6773 262 1291 -1966
-3968 558 -2345 -1762
1249 2111 1630 -167
-4617 -4999 -3762 7340
-1732 2666 -685 8248
-3761 -4587 -264 9314
-3479 -200 -1648 1044
-7838 -4823 8061 -739
4930 3863 -1051 -1941
-359 -4613 3910 2627
-2179 -7044 -136 327
-9833 2478 -105 3643
-595 -4844 -1985 -1269
-6320 753 646 5457
4976 -5734 -1691 800
-2169 3143 -5723 -1291
-7730 2200 -640 1496
-5651 -2330 -3539 2816
-3169 3042 -4354 -804
4482 -953 -3643 8742
-6606 4135 1333 -7589
-6401 1238 -8674 1175
1424 -1904 1057 6141
-2496 -9751 1538 3962
4728 5385 6230 635
1630 7794 -2481 -2993
5152 -7272 5919 -1164
-1522 -1405 871 3769
-972 4840 -4779 -2072
91 588 696 -3782
3774 2811 878 -9029
-2500 -2411 2228 -2958
-6020 2648 -309 195
2744 1763 1537 -1442
-2358 1864 1964 -3535
2385 2853 401 -4590
-967 3215 2474 -1371
-1595 1415 2695 3524
1129 1125 -9563 -5044
3739 5622 -4524 -17
-671 -1462 -7792 -2905
-2791 -1848 2385 485
4130 0 -2818 469
5144 -5425 508 6326
980 6236 -477 -1106
-2374 1312 -2126 -499
2995 -2486 -1129 7448
-2633 5248 3547 -5157
1494 -3343 -4405 -6157
-5112 340 2473 -3592
-3744 -2862 -4027 5848
1759 2233 5613 -32
-4620 -3743 1838 -787
-522 4414 1585 -1861
-1857 4338 6997 -1962
-1216 -4708 2791 -352
1201 -3536 3474 -1979
-444 -1040 6601 -7722
4437 -421 1221 -5341
1583 -9814 -3525 3765
5182 -6249 -7200 -7414
359 9135 -1465 -63
1991 1660 5847 -3075
9238 -1911 -661 -3724
-5689 118 520 -8035
-693 1634 4390 2265
-133 -1911 -558 -2954
-7462 -1784 -658 3213
-1276 8970 4402 -4132
1033 -1904 2352 -1262
-4400 3509 2897 8566
-7989 1843 6979 208
-2089 4087 3816 -5263
301 505 4060 -666
10264 4261 -496 5783
-2073 -1057 -141 -4498
-589 3288 -2356 -1286
1866 235 744 4529
955 -3714 -424 -4486
4846 -48 -10889 -2165
-1867 4933 -8758 3646
-1521 4454 -496 1336
752 -1821 -7711 -3064
-2220 2981 3671 1818
-9146 -3888 2298 4575
-4319 -6151 -7572 774
-2141 -3886 7093 3208
3038 498 4945 -1094
3749 1366 6181 1520
3205 -2261 3637 -3718
-3995 228 765 -3092
3444 353 652 415
5226 7287 -4211 -1652
-2226 -1484 -859 7635
3698 -4091 -997 2638
-1385 355 959 -6926
2311 -4346 -3344 -228
-4252 -3043 -73 -1345
5113 4382 4808 732
5592 1515 -1310 2082
-4286 1684 115 -6759
4065 -5606 523 433
561 4385 -2765 3255
-1014 995 178 4593
5410 4764 1529 -1476
-53 -7259 8902 1971
-2806 -2876 3430 1531
152 -4894 3426 99
3322 1508 1166 5693
1842 -1490 -1704 570
8308 2728 -2660 -634
5973 640 697 -954
-116 353 -2886 -2426
2403 5015 -4961 -8184
1010 436 -3148 -5642
-1612 -476 6038 3641
3700 131 1101 4116
-1371 -4757 1111 -1029
13582 -6349 3841 3734
2102 -2498 4360 891
2385 -5475 -1840 -5634
-4347 -679 2166 -7229
-2251 907 1102 -5938
-1550 -2313 4060 -10255
-5012 5909 -3867 -3347
4567 4166 213 -2478
2176 714 6286 -54
7053 -212 -4846 -6383
2335 86 -1791 -6920
-1303 267 -228 -6115
-589 -1236 -118 94
-4714 -1934 220 -1919
-2722 193 3340 -4551
-3965 2609 412 886
-6670 2888 -1949 -4550
11161 -3185 -1437 4710
1763 -9931 -2177 -4225
-3225 -7506 -6153 -1353
-5438 -37 4627 -390
-7096 3992 287 -301
-6100 3855 6246 -2746
2625 -1360 3920 -4227
-2546 2341 -2940 -1895
-6358 -5095 -2418 85
1868 1068 367 -2661
641 3332 370 -683
-149 -3044 5232 2777
1924 3805 574 -1441
-2114 -1142 2924 211
-5967 3532 -7319 4150
-8680 214 -5496 -650
-3451 3226 1773 -3530
6115 -2004 3446 1172
3703 2672 5666 3165
4777 -3889 627 -1631
-1998 -1283 -8105 -4316
-877 1073 725 -3953
-3427 10270 -99 2128
2878 -1866 4581 3200
-4788 1168 2877 1287
