687 907 -2825 -5883
2661 -5685 2038 7430
-3392 -101 -1789 3015
-2158 -28 540 3772
1249 -8519 5001 -706
-1933 -5443 2384 -2409
-7089 -1756 249 -1920
2696 -41 1529 1936
-371 -2004 709 3334
293 -973 -1653 4189
936 -7216 -304 -1330
1975 -1563 2693 -3173
-731 811 -8398 -2359
2619 -4682 11386 -4431
-7678 -1226 2432 1985
-4400 -1990 -9055 448
-1314 -2331 3831 -2421
2075 -6870 3201 -1418
-2013 -2873 4506 3876
812 -6537 1823 713
29 -1220 4208 -1804
7863 7713 3051 -3892
-4976 -1489 -84 -1928
-2995 6048 1536 -396
2530 2754 6744 3706
-1896 -6836 7204 -2762
-4709 1663 -3253 -1182
2211 -1863 -842 453
719 -5872 1793 6512
1030 1787 5833 -1087
441 1304 -2346 4201
-3140 5247 -2988 -8158
5925 -933 1966 -4015
-212 -499 2912 2681
-6972 5196 2974 -2229
1688 1386 2517 1465
-7802 1544 5884 2145
8376 4734 1864 -6421
1038 1483 -3968 6337
-3493 2838 250 5330
4025 -3942 4865 -386
-2636 -5038 -1434 -139
4747 -3518 -3649 2982
-2118 -234 -18 -1342
-82 -2631 -4792 2854
237 -1418 8523 1051
7887 -781 6317 734
-2646 3128 5868 -4882
-7605 998 1166 -4777
-8416 -6259 1339 2584
-1108 4042 1760 787
4719 -218 3717 1110
-2631 -3799 -3447 -4474
5000 -126 -2906 -1224
3984 1190 -4648 2210
5556 1178 2552 2201
-3340 4894 -5099 -638
2090 -4379 3083 1565
2165 3450 3875 -1179
156 3464 -1533 4994
6027 4207 7497 1769
1806 4579 3914 -2215
59 -380 2994 5679
5671 -5918 -2625 1034
269 -206 3010 2039
4408 3690 1390 5669
-723 -498 -8160 1482
288 4662 -5481 -3571
3493 23 2930 144
-4254 3176 -921 -972
1846 8713 5287 5471
-722 -4068 2518 -1611
-1804 -6359 3756 -13
-5583 2963 3110 1017
-3351 959 -2774 991
3232 4264 -3200 2671
225 787 -463 3634
815 -774 -2167 -2873
4987 4167 4911 1698
4152 -4380 -4032 4358
-2654 -6137 1345 182
-8 -7728 3392 3928
947 4960 4398 -13607
4356 1223 862 -3199
3049 2385 558 8968
4192 3071 833 -3799
3473 -1747 1537 -900
-5979 -1325 -2169 -816
-6864 143 3420 3177
-990 2708 -1592 4069
1092 -6029 3687 -2710
2714 -2057 214 -294
2013 2923 -9907 -1766
7543 784 3888 2043
-10079 -2379 -4481 7693
-4436 3015 -1870 -936
-288 699 2074 1544
868 929 3981 -3831
4937 -2076 -4208 -6465
-2604 -277 13428 -1375
-6256 3682 -338 3326
-3485 3687 -1836 -3204
1566 4933 -8061 -4653
-3508 819 -2400 -915
-5360 -4932 7669 10060
4117 8511 -3519 653
-6105 2429 6658 4090
-4892 1009 -7964 -3029
3469 -416 1751 -6980
-4726 -6065 -3243 6288
-4178 3610 6701 -1489
-1183 -4308 9733 -1562
-3817 -2511 -2809 5129
-68 8552 -2342 5915
-2347 3542 -4510 -5090
-3926 -274 2127 -1226
-6287 -7088 -16 4159
-7081 148 1094 -7099
2542 -5055 651 1446
1860 -6814 -1701 -5976
3076 -3758 -3882 -945
336 -1083 7893 -105
-5122 -3554 -7387 -5002
5355 2929 -427 -846
4130 4986 455 976
5489 8740 -3640 4415
7417 -341 -5048 -1439
-2707 -7219 -10076 -1558
-213 -3562 820 3422
3907 3538 -2379 -4640
-4953 -10305 -1527 3548
-2097 168 7787 1323
-2502 -2930 5378 -3069
-4570 723 -4696 3952
-7154 3632 -8820 -867
-2121 1695 1505 5159
-1906 -2378 417 -1904
-1588 -1551 363 6187
7404 5979 -6425 -8064
3609 -3481 -4009 -4166
-5006 -5459 -7363 2552
-7609 1110 3432 -2856
10307 1131 -4369 4070
-2574 6694 3673 -3980
493 5692 5467 3760
-4321 -2925 -3940 -949
3026 7643 -1875 -9107
507 2231 -6855 807
8521 2435 1337 6210
2449 -2873 -4851 -546
9493 5893 -11126 -3630
-5744 2458 -5085 10353
4474 4224 708 -2177
-2536 8347 -3900 4596
677 -1842 4803 1461
-4830 -8905 -1903 1487
8029 -3671 -3078 1927
156 -5479 -170 -6223
8314 -1955 -5703 3916
7773 1695 -3014 5719
4783 -1705 -535 -245
2823 -3549 -2105 -2276
-3094 -1821 2305 4160
1132 3403 -579 1602
3849 4955 -57 -4952
-6711 4387 -2876 1793
874 340 -742 1136
-4902 1484 -757 -746
4871 -4935 -4654 8534
3528 2011 -6316 5637
496 -1676 -698 1005
-1225 -9708 12 867
6079 -1715 952 3742
398 -1270 -4137 3641
-9766 3532 -578 -3763
-7106 -1556 -640 -7718
-1195 1548 -2576 2169
-914 -473 -4385 2470
-1252 -6056 -6186 -756
2393 3964 1753 -4408
-1727 -1311 344 4578
1005 1402 5504 -621
616 -5924 4772 1922
-8073 -2275 4348 -2217
-933 3993 2924 -3840
-1625 -9070 -2088 3284
2829 5850 300 1122
604 5224 2178 -12620
-32 4891 -1676 -3241
1985 -1348 -3630 2990
-1205 3284 5887 -1198
-3778 2304 -829 -9873
-7258 -1587 932 -1119
-4383 -2224 -2568 -3167
-2176 611 -2331 616
-536 3960 -4001 4919
-3403 1253 -7140 -2729
11 -955 -1014 -184
724 2625 7671 2156
-7265 -8226 -5043 32
-6964 -3755 768 -5182
-4371 -2155 3584 73
7797 -8363 -906 375
-1102 4086 2515 -3057
-3721 1207 583 -353
-212 -2037 3093 2273
849 -1663 1043 -2859
-9031 573 -4368 -4489
-3474 586 -2519 -5067
571 -735 -1565 -2859
-814 -129 1444 4435
1960 -412 -4818 927
-4082 1905 2465 2066
117 -3738 -1448 1660
1888 402 619 1446
-14476 2182 5488 -4722
-307 2061 2820 -728
-3168 -5283 2148 6391
4230 -2652 -1576 2230
-3536 5645 2172 -4063
955 -1180 1231 6966
1185 6531 -1930 -281
-519 -3371 5210 3803
4059 -3028 536 -5259
5549 4321 3519 2724
87 -2895 -25 7034
2309 6983 -4397 -4088
825 552 3197 -766
540 -21 161 1787
2448 -931 999 4340
-2481 3011 2624 1897
988 -7490 -3202 -2886
1039 -1750 -4104 -4993
5030 2554 6356 4446
5281 -5899 4020 1413
28 -604 -443 -4860
4462 9179 915 -2165
-2009 -2788 -1244 -3318
4710 -504 -2791 -3284
686 3938 -1932 3661
6240 -1815 4737 -6624
2654 173 -8172 -1278
-5216 -4100 -11110 -5401
2498 3935 160 911
1188 1156 -5016 8899
3938 4443 -1842 -2336
317 -4832 2292 8864
-8523 409 2950 -824
-2945 -3231 -2319 569
-1007 2295 3986 -2490
-2339 -5521 -2639 -4570
8983 -469 -1184 -972
-2442 6093 -3070 3792
1495 465 -8171 -4405
-3864 1795 -5670 -2253
8831 2427 5423 -8603
