1147 -925
193 -100
156 48
9 -18
-36 -81
-19 20
-33 -21
-7 -7
3 -7
-16 -22
-4 -52
-4 -8
-71 -31
3 37
17 51
-53 56
-50 14
-23 -13
18 66
-18 -61
-24 41
26 -14
59 -25
-90 36
19 29
18 50
-16 2
-47 31
62 67
-47 24
-67 39
-25 -18
-8 -40
-32 -45
-3 -64
14 4
-62 1
22 -19
0 8
14 -13
-4 37
92 -50
-54 31
14 -22
30 -18
40 -2
37 -12
-12 -20
14 10
44 20
-3 29
-6 -16
27 10
-11 45
-18 -6
29 -4
-1 18
1 -19
4 -43
-27 -16
35 13
15 -2
-3 -36
5 29
4 6
-2 18
-10 15
-2 -3
-1 7
9 -4
5 -15
-1 3
-3 -8
14 5
6 -6
1 3
1 -5
1 -1
0 0
0 0
1 -1
-2 -4
-1 3
-8 0
-4 15
5 -1
15 -7
3 7
7 6
-1 30
-24 -8
-10 1
-9 13
28 33
17 -20
-37 35
-15 28
0 31
-16 26
20 0
-44 -4
-9 -36
9 3
-12 -32
-22 -36
-33 -25
21 -8
21 -48
-25 -15
-48 -12
-36 -10
45 27
0 42
11 -19
19 -31
-60 54
40 -92
16 61
61 -14
18 112
-83 0
23 -42
-122 -85
-86 -6
-38 116
-63 103
-32 41
29 72
2301 -1159
217 -128
-95 -137
-71 139
88 40
85 -48
102 75
33 60
-30 -28
32 76
23 134
3 -17
60 104
9 -62
-28 -168
176 -78
104 -99
6 5
-44 -172
27 112
64 -61
-23 48
-158 38
242 -99
-59 -18
-11 -180
119 -5
202 -109
-173 -127
64 -59
223 -118
64 66
-38 91
89 89
8 167
-48 42
280 -53
-28 25
17 -21
-49 44
-22 -137
-291 175
198 -103
-35 69
-112 49
-121 62
-117 4
50 118
-48 -75
-161 -76
7 -65
8 76
-83 -82
55 -197
83 16
-110 43
40 -85
3 49
8 205
156 101
-192 -73
-62 35
18 215
-42 -185
-12 -45
3 -143
68 -119
15 22
16 -70
-89 43
-78 171
19 -32
34 136
-263 -79
-127 129
-47 -89
-59 206
-49 48
79 -86
-6 7
35 -49
-59 -92
-39 56
-130 -10
-51 189
53 -3
132 -45
16 48
53 53
-4 177
-127 -40
-51 20
-43 72
113 142
84 -58
-86 108
-34 86
13 100
-31 31
64 -46
-46 -53
-32 -66
19 28
-29 -26
-66 -19
-43 -5
22 -37
56 -21
-44 -10
-27 -43
-14 3
56 -7
29 25
13 -24
11 -93
2 5
97 -31
-17 -22
-7 63
-56 107
-12 8
-64 54
-1 -27
-53 78
-26 66
75 13
-83 24
67 26
463 116
-131 -50
-35 89
-58 102
-82 29
-113 -7
-57 -106
-38 -103
5 40
13 -18
16 -71
4 79
174 -173
-10 59
32 225
-217 -38
-30 186
37 49
4 117
-22 -7
-35 -15
-13 -81
166 30
-185 39
64 -149
-112 245
-226 -36
-382 162
154 -21
131 -10
-269 99
-39 -84
143 -42
-138 10
16 -92
56 -136
-465 144
-95 27
-106 36
58 -36
106 154
232 -174
-200 121
-39 -54
168 21
27 -209
63 53
-94 -267
85 183
140 33
-62 -98
45 -194
-43 219
-109 242
-86 46
43 -155
-194 95
-21 126
-109 -120
-238 -185
217 82
-53 -146
-28 -258
111 200
-67 100
63 226
-12 188
-11 27
-67 117
76 -29
293 -278
-62 25
27 -403
429 37
218 -293
226 73
142 -190
149 41
-226 -45
92 89
-106 1
-13 272
-190 -12
123 -39
3 -308
-46 127
-295 225
-127 -177
-13 -11
31 -415
298 138
129 42
99 -90
-245 -269
-86 249
467 -341
196 -251
23 -194
179 -289
-69 -133
428 -97
6 239
-65 40
90 254
73 259
189 225
-165 -10
-91 312
49 87
285 17
229 71
-170 -231
83 -216
-52 -40
-67 17
210 -191
-179 299
-40 -237
-195 82
-71 -320
284 64
-70 149
273 263
184 59
145 -351
249 -336
-28 -215
-125 -130
-277 225
-505 -11
123 25
115 -289
-139 -74
-27 37
-91 -15
-57 -41
64 -17
-73 -161
-126 -172
2 -71
-340 59
-68 -58
11 -16
60 142
-70 -139
-1 -108
101 155
26 -135
-75 105
-44 72
-21 -158
-179 111
57 288
278 -108
106 83
277 -135
-9 255
-329 133
65 44
2 64
-124 -15
150 -106
-126 -77
-25 97
268 -64
234 -36
169 -21
-8 -65
-99 -27
53 -42
-37 -82
154 -15
-162 -104
216 198
33 30
95 316
-203 -160
21 130
303 261
-73 390
248 -270
164 -169
3 -95
34 190
301 -4
-40 -267
94 -273
241 125
-154 5
239 151
89 242
-117 -14
115 -117
-158 -121
44 -243
-158 -177
174 -157
60 11
-371 374
238 -59
-130 475
-421 5
-289 515
-257 90
-272 46
-184 -218
347 53
-52 -267
171 150
111 -340
371 -131
48 16
135 269
48 -233
314 -511
249 123
151 -52
-7 495
-384 -148
-87 -220
79 -10
391 364
-68 -335
-658 460
-119 253
-88 292
-128 480
149 247
-626 219
-81 -409
26 -106
39 -420
5 -499
-285 -233
142 72
-23 -502
-196 -124
-345 85
-267 -1
196 201
-88 287
78 -101
103 62
-558 432
-121 -512
139 448
397 -291
286 285
-564 -17
223 -417
-679 -359
-318 -292
-146 452
-437 505
-20 89
23 383
