-6219 -1283 -4303 196
1554 -7517 -3785 4709
-3948 -6815 -7375 3050
-1500 1338 1038 2383
-2850 5183 1732 4234
3719 8874 -2168 -94
-3652 -6781 -6054 1631
107 -2422 -2010 -1854
-2524 1416 4796 -2787
-4155 -697 5597 2126
9618 -4521 2649 1673
2745 -4733 60 173
-6972 -3174 -6323 -2728
908 -3352 5269 1326
1259 2027 488 -5196
2906 -1012 3526 4299
-3298 -1415 5771 -813
-4225 -4487 -9181 6339
4077 1706 -1513 -3281
-3000 -5718 671 2274
1934 40 2744 -1416
7544 1311 36 -240
240 5003 -833 -2416
-605 -5567 1164 3579
10737 -1931 2369 -2768
10750 3779 -6686 3469
199 4859 871 162
1385 7463 302 4926
2483 4045 -7377 11690
-2363 4547 -5036 5035
3515 -161 7167 1450
3084 -169 1602 816
5021 925 2671 2870
383 3481 -3077 743
-2557 2389 5178 34
6485 5899 -1107 -1764
-3638 -4583 2515 -3329
-303 4432 -97 -503
2647 -4404 5693 -972
-3890 -5625 -1394 -8084
1559 4127 -636 -1138
1177 5240 -2404 -5053
-1243 -3770 -6958 2220
-3480 3143 7003 -4551
5762 3373 -982 -2147
-3642 -1130 -3990 3266
-5445 -939 1235 7781
-1793 9062 2647 -4512
-5414 -1702 1403 -4533
1503 -3087 -2170 4007
2962 -5819 -2364 7377
8221 5884 -9530 -3848
-4082 6414 -1135 -364
-7497 3298 -1520 2914
-4254 3201 4174 1668
-5740 197 -7940 1086
40 4089 276 -638
-4156 -1069 5029 -906
-1656 1466 4890 -398
2964 450 3906 -2766
4716 -1532 3033 1681
1937 -780 5645 3241
-288 -1178 6248 -4704
-4363 -1908 4232 896
3540 -3744 2488 2911
2371 -4384 2694 4475
1419 2982 3777 3621
-6544 1786 -8070 1915
1320 2710 -2082 871
-8013 -2152 2954 -1591
2649 -1019 -3135 -231
-758 1322 1312 2718
-8403 -553 1410 -1436
492 -2310 4580 10411
-903 -1853 1672 6869
-2691 -1455 6340 5390
493 47 518 926
-2466 -2602 5323 4494
1927 3448 -62 -1336
6255 3530 -1996 4516
189 6644 4900 -721
-6210 5478 -1936 589
-5834 559 2080 -3325
-2410 -9313 920 -131
-1792 -2027 4069 -6365
-4856 -279 -8078 3909
-1365 -5478 -527 2119
-767 -935 6057 5472
3968 -8965 -3768 -5575
-292 6575 -1477 2836
6269 8304 3682 4758
1308 -2511 2731 7442
1331 -2570 4038 1280
4251 -827 -990 10717
328 -231 -6140 -3311
2865 -1225 6212 -2215
540 213 1570 7675
2323 2691 -864 -219
4476 -1202 745 -495
496 3655 4614 1488
-511 -6349 -187 -4485
-3512 7287 -817 4292
1333 3222 3099 9015
-2516 2384 3482 430
-1384 -4387 1610 408
10723 3313 -178 -1690
-979 -2089 1699 -2307
7167 1032 6816 476
-5895 -1450 1122 3626
-4669 2511 -6402 5005
-1469 -1855 -5227 3526
825 -2376 1753 1792
-2375 6633 5682 -3649
11816 -1053 -2537 -3105
-1813 -5606 -2939 207
-5086 3564 -2670 -3741
-5404 -6231 -753 -5325
-7529 127 4810 5006
-5659 -5354 4598 8132
-4700 116 914 3094
-90 -4880 2391 5849
2796 -5218 -4291 -253
7386 877 1340 294
5618 -2600 -2424 2668
2561 1585 1471 1487
4483 -4814 1601 4627
1344 3364 -5713 -3720
860 -1355 16 1941
577 2049 -4351 1092
-1205 5444 -8320 -3125
-2568 1291 -3754 -2371
4188 -7354 -8668 6075
1388 -741 -132 2449
-4520 5217 -1603 682
2816 8599 -2524 -1777
-1648 940 466 -3941
-1661 -2314 -6846 542
758 4091 2761 -164
-2505 -2027 5811 -1230
8536 174 278 2843
-2670 5224 2758 -12252
4406 -1510 2179 3766
-1050 -2869 -4760 -6605
-5439 -5510 6 -4802
-3319 -2006 -1818 588
-4797 -4048 -465 -40
-6097 -4944 1684 3699
746 3144 -7198 4842
-666 -2859 2486 3921
3781 -3147 -826 -7084
140 1717 -2158 -2761
-1374 -2739 2543 -4247
-2356 1905 -4025 -4359
4562 1233 6714 581
5270 -4181 4292 4139
1963 -948 7033 -2334
1705 -7267 1930 -5548
-1637 -2271 -988 -1276
138 -256 -4297 -7582
1483 -1700 2554 242
4675 2400 1989 1734
-572 -784 -3357 3526
629 1882 3308 -2512
-3208 -7885 5216 723
2508 -2974 7386 -1413
1907 -481 3390 -920
1426 3331 1534 2569
-2880 -1744 -2550 -2667
802 1046 4963 -206
1304 1883 1922 2441
-2229 1661 -3973 -352
-3727 -2544 7995 -2367
4673 8092 -6835 -3510
-1600 -3612 -3452 -7469
-1477 -720 1664 1110
5648 5745 8740 -1784
-90 -2653 1150 356
277 2056 -223 1000
-6279 -4794 -10035 -8200
4688 3857 -7575 -631
2477 1694 -8334 -1384
-4668 6400 2125 -3802
5736 -4102 2490 1676
3522 -5155 5672 -2177
10287 -1995 2206 1115
10353 3850 6538 2010
-1848 -4770 1045 -3043
1305 -2435 -538 3054
3310 -308 -363 4352
-402 651 4522 -1343
1425 -10406 -2184 4409
-2208 -1594 -4059 -2587
-4873 -2222 -669 -4802
-7696 2832 5535 -6610
3902 -257 -796 -4196
-5429 3667 -3295 9200
7574 4720 -7927 -360
9260 762 6317 -4147
-3143 1507 -10041 6920
-864 1870 6363 3319
674 3425 -4656 -2315
-2166 -675 402 8169
2091 -3927 -4029 -2488
-9372 -4108 -676 -529
4571 758 -2216 -516
1614 -6097 2145 6595
3643 -3015 227 985
4497 266 143 5885
1058 6226 -2313 486
-6610 2381 -1400 -2370
-275 -1982 -6586 -665
-4361 -8116 1481 29
-5930 3414 -1394 33
-3373 -1523 -2013 1755
-309 5032 766 4755
-1565 976 -2768 2536
1634 5762 2082 -3584
1525 -1721 -3800 1102
-355 -1127 8026 756
-3473 316 -1820 -2988
-701 -6243 -2065 -503
-6810 2974 4028 -3486
-729 6499 1340 -4317
-4482 -3261 -4781 2610
3375 -4624 -2735 1125
509 -3298 2980 -6526
-1940 -3672 -3657 5994
-1005 -1976 -5794 435
-1370 721 2972 -2611
-7720 -9765 -6323 -4502
4605 2671 -3097 -1250
6451 2265 7939 -1775
-3279 2705 -6848 705
-2697 -3448 373 2443
-3983 1940 5365 -883
2572 5193 3676 6310
656 -2372 -1033 -141
4175 6130 -4640 2078
-2609 851 -743 -3233
6498 2892 2612 9498
-3012 -1359 4731 3327
5192 -1261 881 -3408
-4810 2308 -1277 2437
10784 -7812 -3959 -1850
9287 660 -7998 593
-943 -1903 -259 -452
-3587 -1951 -9162 -1736
-1251 6343 1116 -5263
-761 5867 4027 1951
-2087 -2398 2314 5145
-9562 2444 -1569 -300
-20 1507 7630 -7871
-9891 1574 -6767 -359
372 -3949 -7133 -3445
-2711 -4027 1958 1393
-486 528 4687 2229
