-390 101
30 37
170 96
-1 0
-27 33
-9 -3
71 -1
-18 17
-51 12
27 -37
-69 -29
17 -26
-32 27
40 51
-7 93
-10 45
-35 -12
23 12
1 35
26 -59
-29 -69
6 20
-78 51
17 -27
40 46
38 10
28 -62
-47 -8
38 -9
-27 -12
9 2
-88 1
1 -70
-4 38
-21 -12
4 45
-13 -17
44 -14
-78 -6
-31 -14
-4 -55
-66 -5
-47 24
58 -18
29 -2
-6 3
-10 -6
47 -34
39 -26
17 30
-37 27
-19 -21
24 20
6 -9
-36 -35
-24 6
17 22
-16 -1
1 25
11 22
17 27
14 3
20 -7
14 -3
-22 5
-1 -5
-35 -11
-1 -1
6 -4
-6 -15
6 9
-1 6
7 -4
3 1
1 -9
0 -2
2 1
0 0
1 0
-2 1
1 5
-5 -1
-5 11
-4 4
6 0
5 -8
0 7
-10 1
-18 -13
-4 -9
9 10
9 -18
30 -12
10 -6
-8 2
-59 26
-11 0
18 -16
30 -20
27 51
7 4
79 30
-71 -29
-11 -11
-40 -28
21 41
-12 20
-36 130
-78 10
-57 -16
-12 32
-13 -47
40 -63
-88 -14
-11 25
17 -33
-54 31
12 -55
14 60
70 -37
-14 -53
-54 31
-74 -21
20 -62
99 20
-98 -40
21 13
18 42
567 -53
81 34
-69 78
-25 17
36 28
44 -20
-112 60
37 -71
118 -76
-66 103
60 151
-27 45
66 -57
-131 -184
20 -183
3 -125
38 15
-74 -16
17 -95
-29 146
65 186
-68 -20
173 -115
-29 83
-61 -158
-107 -23
21 175
64 -32
-145 -35
75 4
1 -25
259 21
-6 129
-19 -147
-9 37
39 -137
31 50
-75 46
222 21
90 61
28 157
222 54
138 -63
-197 68
-127 -60
50 -25
28 10
-139 147
-149 109
-72 -163
111 -150
78 63
-113 -79
-46 59
177 153
103 -26
-92 -119
110 16
23 -105
-50 -143
-110 -162
-63 -15
-112 61
-102 25
163 -57
19 45
286 111
6 14
-65 50
71 189
-66 -110
19 -87
-118 65
-49 -21
-28 215
10 71
-112 -50
85 -61
109 5
-88 36
34 174
-116 -7
-89 178
-56 60
64 5
56 -66
2 69
-67 -2
-109 -109
-20 -33
36 71
38 -82
136 -11
36 -26
-14 44
-191 78
-36 5
39 -27
38 -60
76 112
95 -23
175 0
-166 5
11 -37
-166 -36
-4 117
-93 15
-42 213
-102 50
-44 -21
-11 12
-21 -81
13 -94
-118 -63
16 -60
33 -94
-11 42
-64 17
-60 38
17 61
-87 31
-66 -90
-2 2
87 27
-41 -54
53 -25
-57 63
120 63
-723 -775
243 -24
-65 -54
43 262
115 -49
-36 106
36 -98
37 63
-28 107
20 -71
86 -178
4 -20
-65 39
72 191
-53 75
-2 149
83 69
31 -4
-77 103
-56 3
-32 -142
151 -54
-136 77
13 -40
-9 249
134 14
-160 -127
110 139
160 135
-37 79
-31 -18
-187 -72
48 56
81 177
173 -48
-129 186
-12 -37
-68 -55
-157 -53
-19 -115
-60 -153
-208 -187
-93 -74
172 -122
196 272
-166 67
-27 54
41 -159
144 -109
57 303
11 307
-100 8
137 59
119 -161
-240 -114
-93 42
133 195
-254 -124
-163 -11
-7 272
201 230
-55 9
92 -154
159 -18
-250 182
-90 -77
-410 -310
29 -30
200 -176
-94 -475
101 238
-144 111
257 -156
-43 49
-125 -345
54 -93
195 205
-252 191
-99 36
80 -96
72 -326
128 109
140 -461
117 -24
-129 21
-5 208
-13 -56
180 -89
261 40
55 247
-121 -21
-94 211
-275 291
-62 50
145 114
475 -200
53 -1
-148 151
-270 107
-120 -306
148 -121
-447 -283
367 267
102 72
52 130
-154 -92
-91 -81
221 -453
331 5
263 77
34 -126
43 183
-210 236
206 29
87 -140
-5 138
209 -4
-79 182
12 -176
-214 156
23 136
146 2
136 50
-30 113
-246 -55
286 -10
-56 -164
-71 -68
-316 -324
96 2
331 38
-31 -72
-310 79
-80 8
181 155
-88 87
-180 -40
76 -83
-196 -70
-2 48
17 -43
182 156
72 216
80 -75
-240 -84
148 44
73 -18
62 -322
-33 -49
-142 42
-32 26
-23 -108
110 -133
-44 68
100 -137
-186 -170
55 -157
-61 -172
25 176
-136 126
-104 -271
-51 29
-242 61
122 -163
-41 15
200 32
-105 87
-164 87
-17 25
-69 263
-33 362
-1 166
-120 -386
205 -29
47 -176
129 -57
-17 -108
69 -215
-156 -304
82 -69
13 63
-147 300
129 -179
48 -118
-83 -210
271 382
266 255
153 -297
-197 -150
278 -40
-74 137
-131 -141
244 -175
139 50
461 357
-29 64
-499 200
-14 595
-86 -238
360 -96
-219 287
235 -48
248 172
-117 85
-233 -430
321 -293
49 -54
37 200
-434 366
-67 -256
-192 509
1 105
203 -190
-147 -206
61 -101
-255 121
-496 34
-49 -287
292 -150
238 -233
208 -609
296 44
-73 -222
-615 464
-102 -28
278 -289
609 -122
211 607
-408 185
481 654
-307 -574
-299 85
188 -299
355 89
307 204
-138 811
-469 -105
-485 -96
-131 320
-41 -98
271 -222
-353 189
-144 354
-3 98
-259 121
407 -475
382 286
381 -484
123 -398
-143 411
-442 -191
-58 -423
617 251
-623 -146
253 -131
15 123
