-2749 429
0 0
-20 7
-44 10
41 56
2 -1
-46 101
-4 46
15 8
32 -34
-18 29
-47 21
14 -27
10 -21
-56 -5
6 -18
9 -16
82 -3
20 -5
51 37
87 11
-26 42
-65 18
-9 -23
1 -10
-21 -28
1 -9
6 -26
-52 -57
-5 58
23 -6
-57 -18
-24 -7
33 -33
59 -6
-36 -19
-5 50
-13 19
9 -60
76 23
-41 19
-15 28
-42 37
-73 17
29 10
19 30
22 -22
-32 -2
-22 -4
-11 6
-45 -54
-13 1
1 25
-45 -1
-18 0
-24 16
-4 -35
-24 24
-6 -16
2 -4
-7 -22
-20 -2
-9 -19
21 -9
-11 -4
-6 -8
-6 -3
0 6
11 11
-10 10
24 -2
11 2
-1 13
0 -14
-2 6
2 2
1 -5
3 1
0 0
-1 1
3 -3
2 0
2 2
-7 -4
4 1
3 -8
11 -20
3 10
-1 -3
1 -1
4 15
2 14
14 14
9 11
42 7
-2 4
42 -53
-12 -14
3 25
-5 -5
3 -48
-69 -33
-3 -10
-13 2
-19 -27
-11 -8
-23 -31
4 -45
15 66
4 16
-34 -36
26 22
8 32
-18 -11
108 25
21 -46
-33 34
-42 36
-39 -41
78 -4
-32 31
-112 -75
47 -12
21 19
57 25
79 -51
-42 -52
-34 -54
-2493 -2334
-21 35
63 5
129 -24
-76 -63
38 79
157 -232
-4 -63
-7 20
-19 82
78 -52
112 -41
-18 67
-13 -21
80 -40
-15 57
25 33
-183 49
-34 20
-145 -73
-188 28
120 -90
208 -7
36 81
23 8
87 116
5 34
-68 73
166 166
83 -200
-52 -50
134 13
87 29
-94 61
-181 80
70 82
-56 -184
25 -68
-69 146
-258 -117
103 -64
31 -23
215 -148
249 -83
-105 15
-52 -76
-57 103
173 14
76 16
-11 -56
197 260
69 -16
-21 -89
201 -56
61 -3
104 -75
13 154
109 -133
1 100
3 16
38 151
137 3
39 124
-133 74
97 16
47 71
50 31
8 -14
-97 -103
107 -86
-270 45
-127 -25
33 -190
8 247
40 -138
-51 -73
-53 186
-238 -55
-109 -92
-60 83
122 -142
57 0
39 39
-118 -60
53 14
37 -80
96 -179
20 74
0 -33
13 -2
17 78
15 98
52 75
65 49
151 16
0 9
131 -179
-84 19
26 147
-6 -11
-5 -74
-159 -97
-25 -42
-61 -7
-41 -27
-49 47
-8 -54
-2 -42
-15 42
16 25
-24 -17
7 -104
29 28
-22 -3
124 91
27 21
-17 -6
-54 -41
-135 -71
-53 -28
-13 24
-84 -91
-18 -20
-69 69
-25 -97
-30 29
-48 -102
-35 -57
-2479 -426
5 -35
-111 -42
20 -5
69 -93
-73 -117
-78 152
29 -34
11 -45
-60 -39
-157 -43
-51 39
45 -73
-19 117
23 185
66 -90
-98 30
-15 -85
-2 -107
171 -2
95 -77
-165 36
-186 -34
-102 -114
-64 -16
-98 -119
-16 -63
191 -38
-127 -129
-188 191
-16 243
-85 87
-137 -50
52 22
147 -251
40 -161
149 265
16 71
191 -58
265 181
2 76
20 -150
-370 211
-224 143
74 -211
2 9
4 -128
-382 -22
-66 9
166 147
-288 -381
-101 53
111 20
-266 201
6 11
-113 70
16 -104
-75 188
85 -199
-47 11
-66 -300
-266 53
31 -154
166 -135
-255 54
-86 -134
-73 -84
-32 -234
139 128
-161 32
352 -225
55 62
-233 256
-112 -442
53 329
217 216
-48 -347
260 68
219 115
205 -282
-97 140
-215 -16
-136 -61
-9 41
-103 -50
-33 238
-251 449
-62 -239
49 -71
28 48
-120 -188
6 -33
-207 -92
36 -86
-383 -69
43 -12
-356 373
-37 257
74 60
30 54
-20 356
332 149
-21 0
-5 -47
38 172
62 113
151 156
4 244
-80 -358
35 -16
165 154
-169 -180
-27 -168
72 109
-340 -43
-109 198
119 -55
73 -97
38 93
-272 118
117 -129
166 186
-179 -78
-44 0
-156 -77
-206 158
146 168
170 95
1565 2544
34 -12
43 36
-381 67
62 230
-55 -62
-295 188
-27 135
-63 14
96 -139
63 180
-132 53
-41 28
94 -92
-169 -206
-52 69
93 -114
372 45
69 168
-52 215
152 -2
26 104
-73 -38
187 6
-18 106
-24 -73
-35 47
-191 -101
-121 -116
128 50
170 -307
-31 -217
142 40
93 -107
101 269
-165 198
-42 -175
-27 14
-244 -85
8 -7
-221 11
-79 223
236 -82
-60 -86
106 395
76 57
97 -46
393 -33
1 -63
-218 -141
220 119
-13 -63
-276 126
170 -75
-92 -27
82 46
-80 -99
-51 -62
-12 155
-44 -28
138 234
288 -46
-90 -86
-107 -7
368 -32
160 -95
-15 42
-9 461
-202 3
147 -11
-133 197
77 -30
321 5
216 416
-94 -388
-279 -277
184 199
-68 -108
-267 84
-135 462
24 -10
223 79
111 56
36 149
21 3
100 -28
189 -437
93 336
-163 113
27 58
21 337
2 -201
240 -9
-130 84
567 266
-111 200
345 -451
248 -635
-42 -297
-113 22
193 -689
-613 -91
82 -3
79 26
-159 -268
214 -364
-261 -168
66 -377
276 585
-32 154
-284 -345
175 622
-140 155
-133 36
461 -53
103 -381
-186 344
-196 500
148 -53
600 144
-108 76
-523 -174
303 -46
361 -108
386 456
484 -365
-181 -28
-139 -132
