2044 459
154 -22
76 -290
8 8
67 25
-7 -9
72 53
9 -25
-94 65
15 10
-26 -50
45 -16
-6 -28
38 29
-57 26
43 16
6 15
22 16
23 16
20 5
13 57
-39 -23
-24 -7
6 -16
-47 18
7 -11
61 24
-2 -20
7 -34
19 22
91 -6
-29 7
47 -10
46 -61
-11 -34
-12 26
-22 -41
27 -21
21 20
-20 9
63 -15
-41 9
-2 62
-44 8
16 14
-50 -1
26 -29
-1 -33
20 -12
23 -13
-10 -52
-7 -15
-31 -32
-31 -15
-22 -3
-15 -3
-20 3
-23 -16
5 -31
16 -8
-36 24
39 0
21 3
6 9
10 7
2 3
15 3
-10 -7
14 -12
-1 -1
-2 -2
-7 5
-3 -2
-10 -4
2 -2
-1 -1
2 -1
1 1
0 0
2 1
-1 -2
0 -3
-1 -2
6 0
0 -3
-9 10
-6 9
28 12
-13 5
15 1
-7 -12
26 -12
-12 -6
-5 -24
-42 -9
5 18
29 15
-21 -34
22 -43
33 65
-11 2
15 -20
85 2
18 33
-15 -70
-20 -54
-1 11
36 -10
-90 49
-6 10
-24 -40
-65 -13
-71 21
-7 46
3 -28
12 -21
-22 -72
-13 -11
8 46
-93 122
12 58
4 -47
7 -21
25 -26
93 14
46 45
48 11
7 -76
134 -149
306 -149
-144 381
27 65
-10 -45
19 22
-46 -56
8 77
215 -4
-29 -87
35 139
-106 9
-28 7
-120 -25
115 -65
-107 -59
25 -113
-46 -31
-112 -6
-39 14
-49 -132
85 60
37 -12
12 75
126 -120
-25 3
-121 -33
14 5
-38 101
-11 -48
-257 0
70 -13
-142 32
-90 147
26 162
22 -98
60 147
-117 77
-96 -55
80 3
-215 47
163 -13
2 -198
107 -3
-78 -77
151 -19
-70 111
-8 143
-71 84
-114 26
-7 223
8 83
147 155
121 62
147 36
55 -30
93 -23
134 110
-51 177
-81 60
184 -147
-250 0
-115 -2
-49 -82
-63 -56
-9 4
-120 5
97 87
-120 109
8 -5
37 25
98 -75
40 38
192 70
-46 47
30 48
-109 69
-148 -89
-106 -2
120 52
-34 -65
3 -75
-18 -42
83 6
9 -32
-98 94
-56 84
187 115
-85 19
87 2
-27 -64
136 -42
-71 -27
-46 -98
-154 -28
10 82
89 35
-34 -67
34 -121
130 169
-26 50
47 -47
138 -29
38 75
-73 -98
-14 -129
-41 -58
50 -29
-21 99
13 -44
-17 -77
-68 -88
-83 70
47 76
96 -41
-92 79
-90 -82
-64 -93
11 -7
-35 38
-52 -2
80 -97
-11 32
138 -18
38 1
24 -51
14 84
25 -69
802 -1160
340 -23
93 -202
-121 83
-67 -19
73 84
-43 -34
-95 -29
-191 -130
-30 189
10 -131
34 87
173 80
62 -126
46 31
94 103
-102 175
62 10
126 -77
-3 -62
65 84
29 -36
36 79
-84 -138
-112 204
62 79
24 -25
-69 163
90 1
-57 -2
180 47
-6 4
129 -110
-16 -93
-47 -290
69 139
-17 -156
164 -133
186 65
-173 -76
204 -85
-166 6
34 132
37 -88
107 123
-70 120
-5 -127
59 -201
129 -192
204 60
137 -271
86 -124
-209 -222
-96 -59
-327 -116
17 184
-102 58
-239 -217
161 -260
64 -115
-133 224
385 16
71 -93
98 213
37 128
-28 -185
165 -185
-171 -284
72 -148
-11 178
-190 -1
-214 105
43 -167
-339 -45
69 -152
-38 -117
306 -143
235 64
284 -44
-332 -79
-257 185
-27 208
-44 -4
-225 -9
54 65
114 -186
39 -65
-575 9
157 -167
-185 -46
136 125
-207 180
67 93
-87 219
334 79
-68 -89
-181 -143
236 353
-226 266
-99 -402
32 86
-75 100
-463 -101
-56 -106
-44 370
97 171
9 -197
-232 77
478 -149
121 -153
128 204
230 9
209 -58
97 -236
30 42
-158 183
-37 175
-48 59
37 -170
165 -236
-109 -272
129 209
-42 127
-87 9
-184 -58
-128 -154
-34 41
-49 129
152 1011
41 188
182 -457
-109 -144
235 173
-89 -67
111 154
84 -68
-98 197
103 -103
-17 -130
94 -129
-194 -55
199 190
-294 129
23 -63
91 -59
-75 12
70 127
124 89
2 48
-212 -27
-126 -65
113 66
-94 -43
-32 -250
168 89
134 -342
-65 -256
57 96
169 -38
-150 4
50 222
151 49
50 157
-201 -122
-63 -48
-59 164
-182 -60
293 105
56 148
-107 -40
-100 220
-288 264
100 -32
-108 -255
124 20
-116 110
-252 157
-213 -157
-189 64
-219 -3
130 149
31 25
300 141
-195 -169
56 -58
242 110
-174 107
30 35
-11 -133
-283 -75
-43 144
-32 -186
-36 -155
9 379
-177 278
91 412
-37 207
-45 -308
454 -41
210 -140
-210 98
238 -133
-14 344
-144 393
-379 261
-19 -40
-327 21
411 117
556 -49
48 -117
64 -103
337 -170
-185 38
101 364
1 -87
927 -139
-181 214
225 49
-207 -187
274 -281
30 46
60 -185
-498 -229
93 -26
419 190
-313 -461
315 -365
-95 425
-114 -255
-12 -170
927 115
176 231
46 -665
-238 -163
234 306
101 112
-1027 243
-65 220
-183 -34
-357 218
-389 -142
-274 128
-320 -136
374 -429
22 -233
119 208
72 356
-644 757
145 266
-23 25
-6 -206
-369 -175
384 43
184 409
262 -180
94 -292
