1560 -444
-16 57
-2 4
-1 -50
-25 -25
17 -80
-17 17
4 19
-8 -25
17 -28
-3 17
34 0
-23 41
-62 7
69 14
52 -37
21 59
37 1
-16 -25
-47 -23
-10 -6
70 -103
-18 25
10 4
-42 -49
9 -12
17 32
7 29
6 20
20 12
-28 14
8 81
-47 34
44 -1
-35 -26
-15 46
26 45
69 26
0 -26
-35 48
29 3
6 -31
10 -26
-59 -18
28 -68
14 -41
-20 -19
-6 12
-5 -46
-70 25
27 -30
-12 3
-5 -1
22 -41
3 3
-18 -35
47 -19
0 31
-36 47
-17 -1
-5 -7
32 2
-13 1
15 -23
11 7
-11 29
4 -1
11 -13
6 6
-10 -3
-12 2
-4 -4
-1 -3
8 6
2 11
-8 1
-1 -8
-1 0
0 0
1 0
2 -3
2 -3
3 -2
2 7
11 5
13 -1
-6 -3
2 15
2 1
-13 5
4 -25
-3 9
-15 -12
2 23
37 29
7 32
15 -22
-20 -4
-10 21
3 -3
-10 23
58 -9
-10 28
-9 50
29 45
-50 -9
17 -41
34 36
-21 -22
36 -40
-63 -102
55 52
-31 -37
43 41
-26 128
-21 52
67 3
45 -38
53 48
62 -10
44 -63
-64 34
11 12
23 58
-49 -1
98 37
33 -38
-33 16
-4158 -50
25 -34
37 -14
25 103
55 6
-43 223
3 -62
38 -81
35 95
-74 33
94 -47
-75 -44
5 -90
165 4
-158 -7
-218 36
-76 -55
-69 -37
37 88
129 16
-39 19
-192 173
3 -65
-57 7
77 163
22 68
-12 -72
-6 12
-65 -62
-53 -75
76 42
-58 -264
87 -98
-144 -28
115 50
41 -68
-53 -106
-204 -132
1 82
78 -138
-91 -18
16 95
9 72
187 85
-162 266
-95 110
58 25
-2 -20
58 153
271 -140
-155 121
12 -4
22 -22
-104 204
-71 -1
82 173
-201 87
-6 -179
170 -251
101 31
39 55
-204 -9
84 -17
-76 163
-41 -36
83 -203
-42 4
-129 118
-75 -35
98 57
142 -23
64 55
25 60
-147 -102
-55 -237
216 -19
30 299
77 37
-59 -228
66 -37
104 -111
52 -88
64 -42
28 105
138 72
139 -14
-70 -35
21 111
15 24
-79 8
14 -146
-27 33
-67 -67
-2 124
150 89
3 85
42 -124
-28 13
9 63
1 -24
-41 72
113 -2
-4 45
-46 67
14 24
-89 -23
-13 -96
-11 84
-66 -26
9 -59
-66 -133
66 71
4 47
-77 126
-26 99
-23 114
79 58
0 -4
-61 44
66 -51
37 -93
-68 -29
-40 -5
-34 -57
23 179
47 -28
12 12
34 21
185 949
28 -84
-48 34
-46 69
-28 36
-4 -140
26 45
-53 63
-66 -71
88 90
-153 -37
-8 89
39 -52
-143 31
92 -42
284 75
7 -104
38 73
4 -117
-104 10
159 57
195 50
115 83
132 -15
37 -274
-139 -100
-45 69
-8 -184
84 61
33 118
-7 -190
34 291
12 26
51 66
-110 56
-58 -132
-39 -4
136 178
41 -37
-14 51
80 27
-136 -69
-111 -38
-141 -119
341 -356
203 -3
-50 112
68 -59
-185 -80
-276 253
283 -176
106 -70
-2 108
119 -325
325 -27
-52 -226
162 -87
15 297
-112 345
-156 -138
-76 -152
326 -23
-124 89
-15 -268
-180 -27
-93 171
105 44
409 -213
312 -103
-104 -313
-239 8
-249 -169
-87 -241
324 53
148 336
-387 142
16 -428
-48 -103
216 403
-172 127
-112 51
-231 150
114 78
-131 -233
-244 22
-334 36
-92 17
24 -320
-7 134
186 -195
-104 234
-25 -202
196 81
-46 -80
-275 -309
-125 -361
-93 34
268 114
165 -92
-83 -27
-7 -82
-427 70
68 -140
-96 -300
-143 -264
266 -41
-110 65
-311 -86
-15 170
-258 149
379 449
-170 -147
175 182
-233 -118
127 -410
63 -151
-269 9
-113 66
-192 -133
-12 44
-63 207
129 -120
-115 -108
-120 -120
167 69
-183 -86
-124 185
-82 -70
-2328 -2633
-139 96
-34 -65
8 -275
-74 -33
64 -247
37 123
-6 97
-9 -113
19 -223
8 222
195 -38
-40 396
-108 -127
127 101
21 -184
149 164
64 7
-142 65
-113 10
-162 -179
42 -310
-163 -78
-80 6
-175 232
173 0
2 -63
47 189
108 7
46 -7
-157 165
123 -42
-123 150
329 -28
-21 -237
113 351
225 201
174 31
-179 -95
-53 177
9 19
217 8
142 22
-89 33
-242 199
-141 -149
95 -238
-72 144
275 -151
24 -112
-151 248
-203 212
-133 -144
28 257
-524 6
-136 61
-77 18
17 -169
-154 -225
78 193
-32 259
-207 100
51 -273
93 160
464 121
-56 39
-98 -231
-488 183
-531 192
102 359
-2 22
224 266
116 278
-413 62
-176 -230
326 18
-53 296
-16 184
-334 -307
406 -63
15 -60
369 -141
-252 -52
341 248
139 -128
265 -35
118 42
67 355
-1 -217
-271 319
96 -271
197 176
-89 21
92 72
320 573
281 520
301 268
-327 -211
-338 248
-46 63
-41 127
436 -230
-206 337
-62 521
567 714
-332 -151
393 -216
394 92
-30 37
313 -226
-276 -524
310 240
-285 -560
667 -83
-169 821
-166 27
205 -209
380 -348
549 204
273 95
245 -162
-247 425
128 7
164 436
-202 -444
381 121
166 -237
-329 -20
