198 329
-189 7
-18 -113
-9 2
28 -24
28 -21
-41 8
7 -10
26 16
-5 -57
66 -53
22 0
33 25
16 27
-70 -4
11 9
51 19
-8 -2
-8 9
1 29
24 2
24 -3
19 -24
65 24
12 4
24 3
84 66
-25 -45
26 20
29 3
-13 -23
24 -54
-48 11
-60 -1
-17 -36
20 17
-79 -51
27 1
32 -28
-11 24
-4 -1
-56 -65
-13 -27
4 10
0 7
19 -4
12 -12
15 -6
-53 -2
-15 -32
18 -12
24 -1
-21 23
11 6
-2 24
50 12
0 9
31 1
-7 -16
23 11
-14 56
-16 -12
-2 -21
2 7
10 -9
7 15
3 0
2 1
-4 -1
-12 4
5 -5
-4 0
10 -2
-9 6
1 1
1 -3
1 0
0 -1
-1 -1
0 -1
2 -4
-3 0
9 5
1 4
-11 -8
0 12
0 12
-7 -13
16 20
26 5
22 22
1 -14
50 -20
18 17
4 27
-6 -6
-1 17
43 1
-16 -11
-22 52
10 -15
3 -9
8 -32
-16 -16
-53 13
-25 61
38 -22
-41 -11
36 0
66 -61
-39 -17
-16 -85
-52 -27
-1 -4
27 42
9 6
63 -17
21 1
15 32
31 8
-104 41
44 46
52 -85
100 -2
127 -5
-40 123
35 26
49 9
1773 1272
-102 -157
100 304
-99 20
-158 104
-119 85
52 -22
-92 16
-73 -36
-33 155
-177 69
-35 23
-41 -100
-118 -73
145 41
-36 47
-152 4
-4 0
15 -43
-2 -36
-101 -8
-73 31
4 108
-215 -85
-70 -65
-78 -10
-194 -113
30 110
1 -95
-121 -52
6 71
-64 170
78 -46
135 35
37 103
-82 -31
244 107
-117 -3
-84 75
36 -57
-52 -23
256 226
74 79
4 -46
15 24
-91 69
-61 0
-65 23
209 24
56 161
-52 53
-80 -15
83 -78
-6 -71
31 -117
-269 -94
30 -47
-166 9
75 116
-153 -77
69 -373
102 83
11 122
-12 -44
-49 30
-64 -104
-19 -17
-15 -16
52 1
143 -55
-65 68
50 6
-170 16
178 -120
-21 -31
-17 122
-43 -17
10 167
-134 -102
-15 -50
63 -126
-70 7
148 93
16 63
-125 -98
-2 117
3 103
-44 -96
110 140
143 20
96 118
-15 -65
224 -96
94 38
20 56
0 -23
-7 35
126 -7
-63 -25
-75 140
20 -57
4 5
20 -55
-11 -20
-91 -36
-24 75
54 -45
-4 -12
23 16
19 -33
-100 -48
7 -30
38 21
-2 -89
82 40
27 50
36 38
-57 46
-7 0
-47 140
41 -27
42 -15
6 -5
54 -67
86 -67
-101 36
-14 19
58 75
369 -1106
-130 127
56 -226
51 -44
109 -111
54 12
-73 4
223 76
92 69
103 -40
116 46
-46 -89
68 61
205 37
-121 -100
11 -133
95 -88
-14 22
61 146
-20 -66
126 -4
95 -98
-99 -233
185 104
111 191
34 4
137 -15
99 -36
-145 223
176 144
-11 -19
78 -174
75 24
-65 -125
-83 -53
133 15
-206 28
170 -75
-21 -29
-76 13
225 65
-410 -265
-166 -34
-16 85
-48 -144
130 -261
82 89
81 -76
-196 -47
-55 -257
-29 -23
2 79
-81 33
-136 264
-152 176
400 228
-139 83
265 -51
-279 -241
257 183
-27 719
-145 -138
24 -108
29 46
-86 166
132 49
-35 120
12 72
-157 58
-339 138
130 -176
-65 -102
474 88
-402 214
-94 115
-47 -233
65 -109
-46 -188
240 309
48 -42
-4 -30
-81 -22
-369 -179
-73 15
253 103
-65 -233
-3 -168
168 207
-154 -223
-358 -138
-376 -217
-131 135
-405 136
-34 -252
-43 -339
80 20
46 -198
-291 -40
24 35
98 -284
-78 33
15 89
-99 176
97 88
230 -138
138 -384
-172 68
276 56
-155 -36
-274 281
50 26
52 434
349 86
41 1
10 -152
1 77
-219 57
-135 109
-92 -182
-69 85
274 -136
-144 -72
-138 118
-123 88
-445 88
158 -363
-58 -105
-81 -51
219 -207
117 298
-223 -175
273 -66
62 89
75 -219
-1 0
-37 -194
-59 -38
-50 -245
212 -204
159 119
-27 161
-70 99
-7 104
92 69
133 109
60 -58
-227 -176
54 88
-30 42
-93 135
121 224
105 -71
10 -174
87 35
52 164
-240 -133
170 -239
-81 -142
65 -97
-121 -20
-231 75
0 102
184 -141
-107 -85
-125 -201
-54 291
233 -47
96 83
-315 -47
208 125
195 -93
-49 -117
26 153
29 317
40 -60
-35 201
-80 -1
-2 179
159 -130
168 -56
29 60
198 -418
267 -140
-188 -149
159 -144
-300 31
472 121
-110 -231
-32 -689
22 71
-153 33
-89 -33
266 -241
-143 55
176 -162
-71 172
260 26
510 -195
-102 94
-21 138
-595 -179
457 -246
262 -107
117 190
-40 260
-65 181
-230 -408
-128 101
-132 331
230 103
429 237
100 -93
-377 -124
50 324
-106 69
-275 -189
318 268
299 152
462 278
118 -163
566 -190
77 549
-154 772
-299 -17
149 228
335 62
-77 -260
-8 362
20 44
119 -271
-32 -324
-287 -179
-375 370
-309 457
310 -107
-385 -75
336 -87
677 -480
-8 -39
-278 -637
-548 -277
-84 425
-111 215
7 -106
406 -342
327 -65
86 146
414 -217
-774 358
176 398
258 -436
416 191
403 155
26 604
153 83
90 -232
