294 -283
-206 -178
-55 -111
7 -6
-14 -11
-3 26
43 -16
-24 1
15 40
-39 19
-37 -53
-18 -13
8 -30
56 43
45 -7
31 37
-30 -16
-26 -12
-26 -24
5 25
-34 46
4 35
-79 9
-9 3
-48 -43
-55 -61
48 14
20 -4
81 -2
3 -23
4 -40
2 9
-31 56
37 -32
13 -49
53 5
15 -11
56 21
-30 14
1 0
55 2
21 -59
-37 -47
31 -40
-59 5
-28 19
43 12
-15 -4
9 26
7 11
-16 -9
-16 14
-31 16
-7 -16
-34 3
-4 15
21 1
-36 -5
4 1
-7 -17
22 -12
4 3
19 20
3 -31
9 -2
-3 4
11 18
-11 2
4 1
15 4
4 6
-8 3
1 -3
4 7
9 0
1 1
-1 -2
-1 0
0 0
-2 -2
0 -3
1 -5
4 -4
-3 16
14 -3
13 -11
1 -2
-8 0
4 -9
-1 2
6 2
-3 19
-9 -25
-12 -1
-4 8
23 21
12 23
-8 6
-22 46
14 35
-3 -22
19 9
5 47
-24 1
-51 -33
-59 -47
-1 -21
-5 -30
38 -56
69 45
-4 21
33 4
-1 -24
-28 -52
17 73
54 50
60 7
107 43
49 -11
-1 13
-98 -97
58 -2
6 -69
-30 8
-77 52
-46 47
-74 14
-14 122
2007 90
-300 66
-9 -69
35 -44
70 37
37 -79
14 67
102 22
-141 -71
86 -29
56 112
56 27
-2 102
-131 -67
-59 24
-54 -51
113 81
127 55
86 22
9 -60
154 -88
9 -123
147 -46
4 -11
153 83
167 175
-124 13
19 24
-235 23
-25 113
-7 142
-37 -73
112 -154
-154 113
18 103
-164 29
-18 -6
-141 -77
99 -73
-37 48
-167 7
-107 224
83 154
-114 162
219 -41
133 -56
-125 -69
27 15
-5 -129
-47 -41
60 79
128 -20
123 -96
55 61
140 0
15 -75
-87 -19
199 40
-14 15
33 97
-137 77
-27 -3
-92 -127
-32 210
-86 10
29 -38
-94 -178
103 -30
-19 1
-176 -49
-63 -73
105 -42
4 42
-59 -121
-200 10
-48 -14
37 99
132 -20
-28 -58
-142 -91
-1 -91
25 -108
75 -72
-44 221
184 -40
112 -112
9 -30
-54 5
38 -83
-39 18
13 6
-18 90
8 -91
-23 1
-6 33
80 85
-3 74
-29 11
-58 120
2 72
26 -79
38 26
-7 128
19 30
-40 -63
-65 -94
41 -55
21 -22
34 -32
91 20
-68 -41
19 14
49 -15
-28 -48
46 63
88 16
99 -54
107 -14
80 41
-82 0
8 -139
49 23
-12 -15
119 -45
-71 18
121 86
21 25
-74 -27
402 1233
11 125
127 218
2 -62
-212 -84
-107 -174
-107 -125
-118 -101
129 60
30 9
35 -126
-43 45
25 -102
62 -83
-61 52
28 -81
-139 -84
-198 -84
-94 80
-53 43
-241 20
-72 141
-25 68
50 19
-161 34
-188 -134
91 -78
-196 -91
173 -55
63 -250
22 -208
103 164
-125 153
168 -67
-133 26
149 -134
-13 99
58 70
-124 99
95 -152
111 -36
180 -286
29 -134
143 -196
-300 70
-235 -2
6 138
65 7
-60 199
100 9
-79 -236
-322 -107
-113 205
-121 10
-144 -15
8 103
28 77
-311 -134
27 -103
-19 -113
237 -158
70 -83
-51 170
84 -250
255 26
-78 84
154 460
-189 116
-124 -105
367 167
200 140
-107 32
-210 49
-46 109
367 -47
265 -44
-151 -271
-190 103
70 -79
386 120
45 336
-92 252
-95 217
139 -432
-194 -8
-378 161
-37 -62
182 55
34 -6
-186 -9
-163 -25
-11 -191
317 285
225 16
54 -19
-164 -111
-223 -225
72 -15
113 -311
-127 -203
96 33
-91 -10
-82 -147
280 29
383 170
352 211
25 50
39 75
-135 211
-273 -227
-18 -177
-170 -94
35 197
60 185
-99 -211
-90 -131
-192 -121
-378 -216
-146 6
0 -13
347 320
-151 -40
-117 71
154 -10
127 -228
95 -73
96 -80
87 -203
-939 -2275
238 201
-73 19
-16 50
169 136
-40 144
83 86
-56 95
81 119
-150 -66
-202 49
-49 -178
-91 2
58 246
203 -222
-17 141
-24 -31
30 7
15 -186
46 -20
149 97
117 -47
-183 -6
-74 58
7 -141
-22 -168
112 106
251 165
150 73
-54 235
-75 122
-125 -128
-12 -20
93 -210
144 -261
24 142
-30 -99
93 4
42 8
-59 139
107 -11
-95 113
-175 -6
-90 -9
208 -45
158 81
252 -73
-163 -98
-15 -85
-38 134
65 274
287 190
-12 -167
15 -189
130 -110
-33 -48
154 -89
245 276
-178 239
34 -6
-232 174
-199 205
293 -76
-54 97
-319 -53
72 -3
-121 -465
243 -59
351 297
-296 -205
-228 -265
-7 -51
365 -169
175 -17
-378 5
-344 93
215 212
105 -367
-233 314
-400 -147
-31 -389
72 -309
-139 -372
-266 380
24 70
489 -299
28 172
-228 -35
50 287
347 -219
251 323
-94 292
-404 -576
-322 -93
-156 152
227 165
437 17
126 164
-309 385
467 522
-196 -125
175 82
120 214
-437 -198
-547 -206
-457 -198
-271 -70
-196 -320
298 -628
412 373
280 303
215 -151
-238 -56
-254 -310
-110 437
131 317
126 141
410 310
98 -215
241 50
-611 -198
203 -19
83 -412
-443 283
-285 287
-477 16
-489 82
144 653
