2416 -544 -2205 -999
4581 734 -6030 3203
-8444 1879 5235 -4165
594 1661 5993 -234
-533 557 -691 7655
2153 1534 -4685 13612
-381 -11080 12186 1681
2791 -9657 -1364 -5000
858 1329 2591 3418
4680 -5501 -1615 -220
4908 -10153 -1763 2364
-2101 -1546 -7754 360
-67 3391 1444 4391
529 652 5971 4120
41 -345 -2906 -3876
1152 -8343 -3411 -3379
4724 2735 1549 -4437
-733 7448 3203 6390
-5297 4837 1833 6167
-1674 -1092 4845 774
-5170 3083 854 -1385
-704 -2368 6902 -76
-3217 60 -4317 -516
6555 -6090 4487 1322
-2029 -7392 2098 120
-1275 -757 -5110 8788
6370 2197 595 3607
6482 -2764 -557 725
608 4109 2875 1206
-9401 -5720 -2936 2146
-2081 6889 -6115 -6673
-946 -9319 -251 -1385
1046 -845 -2508 -1828
-924 3169 -2710 6107
1655 3694 -7849 5071
557 8325 6363 -2740
-171 -543 3974 5838
-4010 350 6893 -5463
-1991 -164 -10292 6190
-7579 4395 154 7635
1544 -4588 6130 515
-2869 714 10371 -3030
5239 3939 -9050 530
6535 8560 870 1970
479 -116 2222 -2426
3243 -1340 4405 5140
-7833 1507 186 -4120
4253 1261 11894 -2910
-1233 3663 -5952 -1306
-4189 1424 7063 -11164
-6692 -2394 -180 -7836
4700 2548 -785 -3707
6329 -935 289 1809
574 -744 2739 -11575
-1249 -5974 -1126 -2406
2734 4014 -2751 3134
22 3813 -715 1946
5891 4920 1434 1556
-1796 7109 482 -2128
2197 -4827 1488 -3035
5184 -6351 -2596 -4979
5652 4171 -2257 -3037
-1795 -2706 -3829 405
-4334 -2394 714 2247
-8269 3584 -2874 -9817
982 672 6398 -5119
-1616 719 -946 -7549
-2338 905 7354 -900
-2527 4816 -6574 2663
-920 -1419 -4778 -1829
-7070 -7641 4922 -3129
-758 630 -8624 -6175
9076 1245 2810 -1869
-1101 -2185 -4497 4660
-4854 -385 -1922 -5499
-2114 -2994 1230 565
-1237 6159 -6603 -4823
4031 -2619 1788 -672
-2134 -443 5812 -3001
2923 -3043 -5400 -4943
1028 -3200 -1370 -2141
3031 6725 -6368 1049
-586 -2285 3684 3968
-4575 -301 -1568 3520
2130 -6385 4399 -7259
8735 -3079 -5243 3467
-1374 -861 -1448 4347
-3406 -2796 3115 -107
935 -2580 -1528 -191
-199 4902 -239 -4594
-5840 3706 -3129 361
5271 5922 451 186
8910 -2216 641 5411
-4572 -1618 2596 -1651
1886 3130 -3116 823
4623 4219 2945 -2364
1836 5689 -628 -711
1933 -1593 6628 3604
3519 3126 649 1195
891 -457 4802 6213
-1813 -3539 -1809 2809
-6208 -214 2016 118
9702 2840 -2118 -1813
-767 8659 -3526 -3069
2573 11208 2080 -5978
-786 1240 7683 -7519
-1282 1967 8356 1687
-923 594 960 -4
1357 1779 -4814 3952
-2068 -7367 -714 -10353
2444 -5111 -326 509
-4286 -712 31 -3900
1658 1257 -8543 887
-1066 5580 2676 2541
2724 8101 5917 2817
-779 -2574 -405 3136
-1181 -6954 -2123 2822
1121 -1418 -157 5280
-3363 -311 10263 -7647
-795 1957 3452 3501
1136 5326 -3137 -2369
8867 2725 -1414 908
3247 -3029 321 8814
8869 7809 -2359 2469
-1114 -2086 1126 1852
2219 3934 -1203 -4700
-16 -5787 9467 -1640
-120 3640 162 -6643
5354 6583 -2914 294
-1513 -6766 4455 -4353
911 614 -6028 -11919
-650 2812 -2851 4191
-2142 1359 -4922 -1184
-5132 4394 1365 -1333
-5294 721 326 -2340
-1573 -1261 -4009 1012
-3371 2593 1779 7656
-2581 1754 -4261 -1071
-2903 -3426 4536 74
-5622 -6147 -7915 -2928
1032 1604 1382 -1126
2584 767 -4199 -1845
744 4864 -3844 -1259
-642 -2249 2412 -2568
-1799 5131 -2281 3240
5731 5736 3647 2917
-2859 -1689 -5843 7823
-6617 8433 -1833 -4859
3737 -7989 3694 -2392
3280 1336 -518 7847
3093 824 2308 2764
1815 -2343 10483 417
-2660 -1416 2849 -450
3092 146 1274 -3031
-7546 -5850 297 -291
-2353 -7784 -1870 116
-5064 -3717 5171 593
1916 -2029 1794 -6227
1334 465 -8878 -3210
1036 5250 -1111 29
-3278 -2461 3674 3314
3027 543 -1430 6994
1440 886 2001 -5999
2556 -3264 7398 1866
-5162 1742 7266 4042
-1651 1652 -5559 2176
-270 -769 3742 246
2829 -99 4753 -1080
3767 4830 5020 -165
-1991 -3477 1693 -2781
-4249 -7782 3734 4308
-2290 10626 -14453 2351
2242 -2906 -131 -4494
4480 -1961 -4387 -4756
-7115 -1130 -7804 1843
-2447 2290 3819 1669
1006 1229 9759 -2523
1041 -4508 1653 4523
567 638 -6310 -9425
-5419 4141 -794 1744
346 -1319 2718 4685
1134 2411 329 9197
-4854 -7739 1097 561
4783 6604 -1042 471
1610 -2232 2456 5217
6835 5083 -376 -1469
4470 2172 4541 -8760
-11597 839 -729 2684
3425 3000 6791 -2866
-1889 -6912 1606 -4070
-222 -1499 879 6990
-5738 7199 -6467 -1310
2777 -4184 -2464 -6908
6233 1005 -1135 -4098
3648 -1129 2429 -8450
2634 -3468 -1115 521
5412 -5594 209 3066
-535 -11082 1686 -4761
1799 2336 -705 -1685
4046 1791 11063 -3465
5006 -541 2573 -4797
-3141 -109 -6345 -1377
-3951 546 4731 -430
-1492 -326 7372 5386
3577 -7387 -3332 -2619
-1721 -7350 -2431 6718
2586 -10106 4870 -3671
2457 3234 674 522
1846 584 2362 4787
-3891 4021 -6258 3233
1333 -379 -946 5122
-2055 -918 -377 5218
4634 -5427 3153 -6754
8270 -8013 -1932 1204
7735 3383 4924 471
-193 2015 2505 5493
195 2451 3866 506
6391 9952 1354 5044
4844 3208 -6112 -2445
-1855 2901 -4858 760
2648 10897 669 -10199
283 -1940 622 3397
808 2213 -3768 993
7226 11191 -7685 1675
5827 1956 2119 -4318
-5814 -4201 5301 -1811
271 8507 -4460 -9165
-6502 1187 8480 4149
1991 -2930 -8229 -10024
4694 -635 -5732 -4857
6324 -14 -701 2884
3102 4989 -5975 2954
-1228 2576 3053 -575
3479 593 1824 -321
-2998 2231 -975 -939
3194 -258 -1342 -3796
177 5330 2621 -757
-3329 -1353 3752 -2191
-2692 88 -4381 -5299
257 9105 1727 -2266
2332 4182 917 -8292
6199 585 -6206 1597
6709 330 5433 -4168
-4794 1530 -1549 -2545
-3332 5856 -1190 10310
-1041 -3770 -433 503
2950 9253 2381 -4563
1384 3466 2441 7913
-5498 -4073 -2657 -553
-4513 -8985 1755 -54
-551 -4696 -1458 -1931
-1937 -4930 -482 1325
-5565 -6249 -3420 8071
3752 3208 2602 -5741
-4634 -934 -1926 -3022
2590 1569 -1997 768
