-187 -248
-118 -245
-79 170
6 23
55 2
6 -11
27 0
-3 -22
-14 94
-35 5
20 56
-18 18
71 18
-2 15
-26 0
-13 -16
4 19
-6 -28
-3 9
14 -35
-9 67
3 11
-18 14
-23 27
7 -7
70 20
-23 41
-95 37
67 11
-20 -16
38 17
74 -4
11 20
-31 19
-17 56
-25 11
16 23
-35 -30
-6 51
-14 -5
0 9
-30 13
-57 -56
-21 27
35 10
1 13
20 -41
-10 3
-16 -18
-41 -23
12 42
-42 16
27 -10
18 6
-12 10
4 -2
-4 30
-9 -31
-5 -8
-25 5
-2 -6
9 -17
12 -20
11 29
-20 3
-6 12
1 1
-8 -7
17 -13
-7 5
-3 -3
-4 -3
12 -2
-7 -3
-8 -5
-1 5
0 -1
1 -1
0 0
0 2
2 -2
5 0
-3 -6
-2 0
8 -6
-8 6
-5 -1
0 -4
0 -8
-16 9
1 -5
33 4
33 -3
29 3
-13 15
30 -25
-42 5
7 -28
-51 -38
9 17
-7 27
12 6
35 -2
29 9
-21 -31
-29 -38
44 -1
-26 -11
37 11
-45 21
56 12
26 23
-36 52
-56 -7
24 -50
36 18
26 41
48 -14
2 44
-20 64
80 56
101 24
25 63
55 -31
1 -5
44 83
85 -89
-40 16
-63 70
81 -8
-86 -206
39 145
-44 6
-2 47
-41 -59
42 88
-16 -153
71 -14
8 -134
52 -38
-154 -120
-37 -81
60 39
10 52
10 20
-17 68
59 -48
-61 79
51 -161
17 -37
13 -72
86 -92
-18 11
-182 -83
51 -98
274 -76
-218 -64
15 31
-137 -8
-178 -25
-8 -3
79 -58
49 -99
50 -65
-56 -108
75 197
-14 -167
38 41
-22 -48
99 -109
162 167
69 -69
-147 -25
-12 -42
-34 159
52 -5
107 68
147 73
-41 -187
190 -93
-124 76
-102 -15
41 -35
-22 13
8 -161
92 171
-10 41
128 -36
54 42
-40 73
-60 118
-67 -197
146 -25
41 -103
-8 -15
60 75
-179 130
80 -39
45 33
36 37
-173 31
137 46
196 105
44 -144
23 31
-88 143
-78 63
5 117
84 -89
112 1
-51 -97
-35 -2
87 -68
-61 69
-54 -2
-22 -35
9 -52
-86 32
-12 -48
145 44
126 1
143 6
-52 34
150 -91
-148 3
3 -48
-134 -48
6 78
-33 85
-6 -24
38 -5
68 6
-86 -108
-45 -23
1 0
-25 -79
70 -34
-45 39
78 -56
8 -40
1 7
-89 -16
22 -50
117 11
-45 -16
-63 -70
69 60
-15 19
87 89
43 22
84 141
-36 54
107 -6
-66 -6
-29 -121
-157 -22
63 970
81 172
-42 -42
15 77
73 158
-132 6
37 79
-145 -83
86 66
-6 27
-22 79
5 -35
151 141
171 126
-14 -96
25 -90
-15 -88
66 -15
-103 85
79 -75
-149 46
-1 105
12 143
-71 135
60 55
171 93
47 43
-254 28
147 104
108 -28
194 -123
39 125
-42 -148
-85 21
-6 -23
47 130
41 118
23 -341
83 157
31 -100
9 68
-96 218
-106 -92
-22 7
146 -47
115 52
-30 -210
-63 -76
-270 -100
-109 -12
45 213
-227 156
163 -189
164 -40
26 54
41 -29
-13 277
-290 -262
153 -13
-95 114
-300 -94
-9 33
-32 -112
68 239
-230 55
-17 180
20 51
-3 -183
380 -234
-215 -82
-127 -65
223 -90
142 20
-231 2
-394 -101
-112 173
-5 54
-26 -352
59 -93
-63 -231
-273 46
-34 239
197 385
-25 28
-317 189
282 -35
-15 7
-157 -3
89 94
233 -238
-97 -61
-426 87
-441 112
-143 -74
54 -211
-78 134
242 -75
-109 292
338 390
-119 2
1 -152
-182 -112
-230 34
-107 -96
8 48
141 272
-280 19
179 -42
-123 -161
237 -52
-279 -141
-72 -169
149 -183
193 -26
-95 54
-77 -22
-86 -86
-192 22
37 -42
81 -349
-195 -59
-287 -102
-12 -141
-200 135
5 59
-28 -213
-251 216
58 -186
1956 348
143 195
113 303
-112 -321
56 -176
53 -33
32 -58
164 -101
-55 168
1 -19
-12 151
-137 143
22 32
-274 -25
-29 144
16 71
52 88
-48 -67
58 -21
-23 35
103 329
-91 -162
13 -138
-111 -47
-68 -154
-37 43
-217 120
-64 19
240 -12
-218 66
-8 246
280 -138
101 262
93 144
-121 136
-169 -72
69 94
-169 24
-102 50
-154 84
167 -9
1 -76
-36 -111
-124 62
118 183
-320 -84
99 111
-94 308
321 107
-42 -110
-33 102
9 -69
-92 167
-22 92
-156 -215
-77 74
143 -267
264 177
-229 -161
-17 -241
553 70
-58 -92
260 63
-79 8
248 -103
-49 -168
32 -123
-117 136
-453 158
305 282
172 131
-444 136
77 26
204 -173
259 121
69 -62
-3 -132
152 440
-103 107
87 225
479 -69
-212 -239
-194 -505
-42 92
472 -296
-438 -10
78 -248
323 66
-14 -113
-280 487
206 146
475 -151
412 -126
26 17
-210 332
-110 -307
-238 173
164 -474
-460 -703
50 -67
-21 -35
115 203
487 84
158 61
84 52
-244 -302
634 43
-172 179
156 160
-241 189
106 321
303 342
-374 463
-180 -34
98 -296
-66 104
328 339
501 59
-69 152
-90 279
227 213
444 121
-40 7
266 -356
-309 22
310 405
608 -129
228 -23
