1070 -3176
75 139
-78 -21
-8 -2
-9 33
-3 -11
12 24
79 -7
13 -46
-22 -40
-45 -22
36 33
-26 21
1 -20
-128 -50
16 -11
-20 -32
-27 -21
35 66
8 4
29 28
36 -8
-12 -37
15 -18
-38 -2
33 11
-8 -15
19 -29
14 23
64 49
19 -33
-24 -35
-41 78
18 -22
23 18
19 23
24 11
5 -6
5 -11
25 -48
-17 67
-2 25
-23 2
36 19
-23 -17
-31 16
-37 7
-23 25
34 -18
15 -39
-14 -20
35 -29
-30 -4
28 23
11 -13
10 -27
-10 25
-1 33
19 3
-11 -33
29 19
11 14
6 21
21 -6
-6 -31
-15 4
-7 3
-12 6
-2 2
-1 1
5 15
5 -2
-2 -2
6 7
-2 5
3 -4
0 -1
0 -1
0 0
-1 0
3 0
1 1
4 0
3 0
-7 -1
-11 -6
-15 11
-27 -16
23 -22
7 -3
-12 12
0 -18
12 -12
-39 41
-27 19
7 -17
-4 -1
11 44
-28 -1
-6 -55
-37 32
6 -59
-28 44
25 -31
5 -8
-20 6
-10 -17
-39 47
42 44
0 -58
44 -18
4 100
8 8
57 138
29 26
-28 20
74 43
41 9
-1 105
-44 77
40 -43
51 22
88 93
-146 -99
26 -41
-140 20
-26 -42
14 -10
201 -763
-47 187
-16 -6
136 29
-40 -94
-13 59
-32 -22
-211 11
-4 39
61 98
102 45
-74 -42
29 1
-26 -1
306 112
-64 9
-49 57
43 -10
-100 -186
-96 -115
-13 -32
-44 65
9 56
-28 20
39 41
-66 -52
47 9
-54 59
-66 -61
-183 -126
-92 106
77 84
87 -267
-6 98
-7 -66
-88 -93
-67 -21
-41 46
19 69
-69 183
42 -237
-16 -112
37 -44
-135 -35
53 84
104 -23
153 -50
117 -65
-180 96
-104 183
55 89
-183 134
132 64
-140 -95
-63 69
-63 167
31 -122
9 -191
-120 -28
94 155
-168 -122
-48 -96
-20 -149
-148 55
16 227
88 -29
69 -18
122 -46
18 -16
7 -2
-48 -171
-73 34
21 28
-94 -124
39 -97
-82 116
10 56
9 76
124 3
-59 13
110 -15
33 15
68 10
36 1
-79 -14
-122 -71
-135 104
-199 -131
142 -135
23 -23
-55 34
-12 -94
51 -47
-172 141
-86 95
38 -62
15 -3
69 123
-47 -26
4 -142
-55 82
22 -117
-8 141
26 -85
46 -43
-32 11
-37 -80
-30 88
69 83
-26 -61
87 -3
-27 39
-13 13
65 161
-32 5
-88 119
27 53
40 -109
-21 20
-58 73
70 40
-6 -30
11 3
-35 -11
-70 -21
57 -76
7 9
13 -12
-2604 66
-12 -55
212 86
29 -32
111 34
63 -46
-22 -41
140 -16
-5 8
-50 -69
-17 -5
-59 -110
42 -17
19 62
-199 -45
70 35
186 51
36 80
150 76
191 263
-94 -72
-70 -141
29 42
16 13
86 -161
-40 52
-85 177
53 1
107 24
198 93
139 -114
-150 -81
49 370
-95 -99
-79 99
145 142
75 4
94 -151
-75 -180
44 -198
-51 272
103 214
97 71
159 8
7 -170
-76 -98
-237 53
-190 11
332 -224
260 -311
-48 -92
291 -181
-170 -256
196 111
94 -87
138 -324
11 126
-28 340
248 64
-269 -49
231 248
-21 189
-94 296
236 -160
122 -358
17 27
-173 -1
-282 0
5 -7
-3 -56
-24 277
171 -122
3 -99
-46 224
-12 70
135 -207
20 -121
-38 -36
-198 -80
175 21
-206 -91
-179 -143
-160 104
-105 -29
254 -43
192 57
322 -120
475 178
-425 428
-224 37
165 -313
-24 211
-130 106
316 -492
240 -75
0 133
118 -12
83 -334
263 -54
123 360
335 -206
10 383
211 -129
-208 128
83 -25
69 -59
8 37
174 -180
-162 -176
-20 281
-132 104
-148 -505
39 8
-148 -451
-222 -137
-3 20
-234 -112
-150 -108
-20 -268
202 -154
-57 160
-146 -105
-152 -162
368 241
-169 132
292 -43
148 -18
12 5
1462 973
-207 -265
29 -9
-266 -12
-70 194
-6 -108
94 75
82 50
35 -63
-80 -67
-197 -63
289 318
-91 -23
-3 -68
-319 -216
-18 -63
-137 -227
-101 -59
-132 261
-56 -128
117 114
199 102
-47 -115
2 0
-193 189
205 -25
18 -354
47 -68
-99 66
-41 26
-53 57
265 21
-289 -219
166 -161
111 -103
-110 -34
-63 20
-50 225
59 211
24 -65
140 -99
-237 -251
-242 66
-101 -59
-41 147
-38 267
171 109
75 -1
-268 294
-281 279
-32 -83
-146 54
101 414
1 -152
15 -25
-189 269
-32 17
66 -316
-321 -13
311 -216
-165 -340
102 -180
360 -315
-216 228
-266 158
-76 -20
192 39
274 153
41 11
140 180
56 -189
-258 161
-135 152
212 -259
-92 -72
-233 88
-60 97
66 -92
331 143
-286 -62
-103 261
282 372
-10 -150
231 -87
-162 244
-275 -117
-234 137
-649 -394
665 -572
448 26
-456 386
249 -34
139 -375
-330 666
-568 7
58 -151
-288 -40
-14 449
-454 191
-61 -396
-438 117
85 -459
-538 72
271 -88
-36 57
-155 6
51 214
-358 254
220 106
93 -451
121 -213
32 812
231 47
291 728
346 177
13 -245
453 228
233 401
23 573
-60 357
62 -383
353 177
536 539
-748 -479
227 -226
-902 205
-123 -250
-62 -66
