-2360 1904 7405 -3815
-7361 -2257 -4520 8700
2880 6364 3151 -3359
3099 1968 995 903
-322 707 2084 2789
401 5435 477 999
7565 3324 -335 -4349
-1813 -5471 6231 -6540
5433 -1534 2716 1550
-2015 -7259 2126 7059
2653 -4561 -2982 1610
-6603 2823 10471 -4204
-2118 -3284 -2136 -5892
1839 -199 5483 -3680
-7145 -7706 5600 -2816
7956 -4636 2975 2137
938 4841 3954 5529
406 7842 -1769 -543
7829 -149 -2853 2498
-17 -1047 -1807 1781
564 -4955 -12570 6836
7412 -4300 -2028 3146
-4249 2585 -5859 230
-5471 1795 1828 3129
-2153 -1579 -7044 -3264
524 -4750 942 2632
-4686 -1786 1974 -8047
3367 1131 -5599 724
214 -3471 -309 3954
-881 9173 6163 3480
-8230 -3019 -3574 517
837 9248 -1337 -7854
-1114 -1636 532 -5683
3444 -4894 564 1182
479 -2916 -4004 1965
-2552 7204 745 -1456
1692 5221 -11303 -3634
-5478 5419 -1832 -4026
-2547 9265 -2169 2211
3556 -3849 -319 240
1672 -2130 -2548 -4420
-1266 2438 -5827 -342
-2101 8893 2361 -627
6680 -2897 1292 2745
2278 2130 -327 9429
-6859 -2433 -2723 299
-2120 3219 6312 7487
3582 -4282 -7328 6964
-2805 5290 87 5507
-2703 4413 3220 29
-6612 -541 -1323 -5114
1206 478 -1554 -4207
-2761 -4533 -4002 -2965
2480 -948 2392 -5388
-2741 -1647 -4983 -1262
-3633 -980 4399 2635
11 3947 1026 -1754
1696 -2716 -5201 4688
3410 -7746 1324 5039
4914 -1141 1409 8754
-6327 -28 1734 -3099
-8924 -6209 -6157 -435
-2693 8111 -4344 7098
-2164 2768 1942 4757
-4812 2446 3829 -2595
-1241 4689 -3694 6110
-3253 5082 -5225 -1606
-4494 -3819 -2172 -6044
2426 4093 742 -3233
-1611 -3552 749 4325
8935 -4284 -1876 -2654
-762 6618 -6123 -6045
496 7445 5730 3007
307 2525 1992 4054
-943 -3819 -4625 -1619
1842 2519 -1716 875
1455 -6088 -4240 5892
-8970 73 -9348 3138
1326 -5460 7665 -573
-4678 1313 621 -2008
7226 2576 464 5096
149 2221 694 -6965
-11737 6257 -5262 4466
-2184 -603 696 -113
4704 2144 -2234 -1073
-2191 -301 -2121 1162
1045 2162 -3576 -8315
-2729 5958 -707 -6164
-850 5615 -2403 -862
924 -8725 2651 -1650
-5968 6451 -939 -793
192 2263 -5651 -4791
-6934 -400 -2175 10211
-6264 4953 -548 -3309
-2789 -388 -6437 -5571
691 3404 2503 -2351
-4296 1462 3095 1421
5244 -8 -429 2312
-1594 173 -2700 1897
8380 214 -893 -1453
3732 -8889 -109 -4435
158 -3330 6919 -3448
1810 7459 2885 5637
-3887 -8810 3548 4522
-1868 -3916 -5298 4427
-11229 4176 -5482 -2315
-4173 2519 2276 4985
-1022 6104 -3932 -2627
2855 3824 632 -1349
892 1721 28 3921
-1121 3107 25 1888
4419 3707 7947 -2394
2570 -657 2069 1638
2062 -6654 2116 -7293
8263 -6740 -1736 1475
280 2921 -954 4269
-3530 5382 1163 4091
-1122 -2848 3006 5057
-1304 1005 3044 -3012
2508 1361 1001 -3314
2773 -1261 299 -669
-389 -6181 3943 -2941
5970 2429 -2192 -4763
-3171 5684 -5063 4129
1763 640 -5429 5184
2849 96 -2043 5712
-1163 2682 6010 -510
-5247 1182 4189 1150
-1113 -156 -7521 -272
651 -578 -1825 -246
1956 3699 2922 -2391
-2726 3231 -469 -914
3998 3074 -997 -6709
-4975 -2195 867 -421
-5307 7529 -2795 -9632
-3602 -6007 5413 -3552
-725 -2561 6330 -232
2458 643 4759 2040
-1520 -1712 -5908 3207
-5130 -1132 1587 3960
-363 6787 5696 -3721
-26 4657 10423 -4128
-1226 2309 -5763 5194
2926 1233 57 -5
1010 1612 9114 610
-2532 -1130 -512 -2331
2842 1096 3792 3449
6949 -3583 -99 -840
-588 1634 1464 -1911
-4478 -3286 5169 609
-4936 -4733 5309 -397
2001 6998 4126 4575
-7262 10 -482 5910
11516 2527 -993 13002
5481 -868 4753 -3730
-2218 -4349 -2149 2531
2894 736 -4796 672
-3840 -11272 5086 -2557
-3042 2110 3530 -2365
4351 7143 -804 3363
219 -2013 -1890 2789
5507 -4741 -7280 -4868
4442 -2851 2590 1004
199 7857 7467 -2641
-2065 -1180 -2356 -1960
-4487 9056 3159 4219
-4989 358 420 -3532
2770 -6657 4457 -4352
1321 3474 45 705
-1378 -2862 2983 -3108
2630 -672 1573 -441
-1237 -7102 1444 -5241
8435 282 1781 -961
-137 1596 4353 -4849
7818 -3513 3264 1222
-3396 1702 5786 -2673
6990 -4272 -1343 856
5837 -193 4654 -2717
4718 -2388 -3187 1166
-2730 2405 5311 3109
1195 356 1528 6319
-5903 -1421 -3657 3931
-4832 1071 5620 61
6009 1772 -833 -9166
5332 -4832 -1403 -9307
126 -2848 -1706 961
-8183 -891 2071 -1213
564 143 869 -2087
3484 4500 1439 883
-3941 3160 -1549 1483
3947 -5726 5828 -6469
-5925 -8417 -4486 1592
681 -590 -5852 -4873
5561 1703 -2893 6640
6975 -5009 -1177 4118
-3237 2225 3587 2282
826 3822 -573 -2959
3290 408 -195 1677
-555 2781 4066 -493
-3483 -2078 -5525 -1685
-7596 6342 2217 4943
-1332 -1680 1097 -709
297 -1198 3092 -1716
538 5880 6989 3980
-5745 -590 -7101 3783
-112 2569 3173 5084
5775 -2166 645 3380
-361 1358 -4974 -6063
788 -4613 2931 -2496
7451 -5967 1245 -1158
290 -4915 -2425 1619
6036 -6245 -716 5747
-3261 3194 5516 2517
-2129 767 3164 813
335 -8624 -1975 1189
9470 -834 5581 -2798
4772 -701 -3132 2672
-5993 1575 -3374 1487
2505 6672 1151 867
-3810 -12572 1767 6056
-1576 -3319 -3265 4364
-468 -2604 3381 -3928
3312 690 -1770 -2782
3208 3593 -5003 976
4015 -6268 4798 136
-3240 1511 4434 2549
1574 1009 -5699 -467
-4540 7904 -2992 3362
-3201 -2540 2449 -117
-4030 1939 436 508
-2985 3788 6243 -2458
2162 1598 7297 -7013
5067 4926 1577 -786
2964 -2926 7724 2008
1916 680 1735 2467
-1382 4529 489 -2079
-1382 -427 84 2812
-3461 2841 -8626 4305
-742 4872 2661 8627
-2677 1940 -8970 8136
3606 2830 2541 8083
1915 -5424 -2686 -1723
1928 1609 -4095 -10538
900 -6772 2163 -5760
1255 -2249 -2241 3187
2461 3838 -526 -2020
-2302 507 2402 4626
-465 9562 -3435 -112
-3129 3132 3310 6733
-2028 2502 -4638 482
-4918 8125 -3694 -4509
-4142 -493 125 -10942
-7061 -1288 -7122 -1980
3504 3946 2802 -4953
-987 431 3389 1154
-2120 -2916 2236 5784
