3609 4443 -1424 2043
5984 5283 3275 515
930 -1273 -1100 -6321
1945 -735 -2549 -1728
-203 -2819 -1336 -4475
4758 -6269 6503 -1872
-5040 -4328 1850 2801
8264 2653 2419 -434
-67 -2980 1804 -1949
6268 9481 -3757 4375
-10512 956 -796 -3502
926 6020 6084 3883
771 1609 100 -1295
4288 4084 -11390 2131
0 -2912 3619 809
1930 5039 -5364 -227
-4767 -299 322 -3943
-2601 3699 -2384 -3036
1149 -4028 6040 2312
5149 -922 4692 -2088
-7012 665 -7199 4577
293 4477 3197 7327
2498 -255 -3529 -2694
1701 -2772 49 -2769
1691 543 1259 224
-9969 -983 -6085 1076
-891 1221 -1304 -2723
4645 -2884 637 -6530
775 -2598 -605 2147
-3650 5895 2710 -2006
172 -4999 4770 275
-4936 -5167 -1844 -6900
-4255 -6588 -26 2683
-8331 8627 -22 2931
2425 561 2415 129
3233 2920 6751 3694
-8001 -933 109 3334
3686 -3514 2666 -4986
-113 -402 6053 4936
-1179 922 -3959 2637
-7728 8580 9042 5747
1775 721 -6694 5174
-5370 -1385 -2380 -1
-5605 -3508 2282 6796
-6843 -7065 -11487 374
491 -3234 864 1810
3809 -88 3727 -2534
-2633 -7200 -4656 -986
4852 7684 4479 589
-5930 281 1242 436
6441 -597 -5550 -4091
2299 -1829 -4284 -1789
-2584 -1510 2969 4080
575 -1107 -3433 544
-2362 5673 -4596 1218
-430 8357 3772 2488
-9355 4526 -4227 -511
-4348 2080 1537 6127
1318 -3224 1715 1128
2731 5160 382 -2680
984 5021 -2948 195
-3679 -2030 6421 1214
2715 -5302 4708 -2182
-463 -2395 -4310 979
-1803 -2743 2625 8048
-2948 -1565 -1976 1050
1924 1970 2747 3060
2033 -1336 818 3206
-599 599 -291 4769
2275 12299 -3885 -10161
-1828 -1323 2465 -1061
-3407 -1963 2081 -2015
-1011 -118 2137 1349
-2976 -7012 1215 -1988
-267 5584 3375 4887
4988 1622 5150 -1952
2190 -2201 666 -3194
12249 -3035 290 4957
5948 -2141 4065 140
1801 6180 -179 -1532
2648 692 -1371 -6606
-2256 3705 -520 209
-2450 -775 2677 -6042
-2980 -1557 3924 2754
-4023 -1178 -2472 -7647
7180 7054 -1363 1310
4967 -7105 -7197 4818
-2140 2794 -4705 3050
1792 -2206 -1894 -6558
-4845 2745 5219 3876
2758 -3494 -1986 660
231 3637 -1051 5057
2670 2463 -6232 -4968
2945 4918 -7105 1528
13227 -8880 5829 -38
1745 881 -6542 2485
-3928 -7430 -310 5573
1403 -1242 -8562 6644
-2070 484 -5593 -5253
628 -9923 -2320 4845
-264 3793 -6130 -4694
2687 1851 816 2913
-282 4739 -5329 -1943
-503 3305 3313 -3461
6141 -2854 5302 -1165
-7180 4627 635 -5110
9047 2059 -3401 -1197
-8240 -3205 -3372 2158
3357 1512 335 -96
-2919 -2494 40 -1046
-6894 -1401 312 -37
-3129 -2355 3604 3645
2510 -1084 113 -9529
6278 4428 -1310 -7008
-1054 -4356 -246 3349
2060 1967 1686 -2336
2889 -808 4898 2943
-126 2379 -2547 -793
-1901 -2147 -257 -1056
2101 -3407 2369 -1642
4364 -797 -2299 -7802
-5773 135 727 10149
6342 1145 -5049 2586
3333 -183 1179 -2117
-5916 -1360 -1027 8255
168 -1516 1752 -4992
-330 3256 3729 3937
676 -10512 582 -2101
1401 2393 -6450 -4703
-4532 -2227 2920 969
8257 -10766 -4142 7991
-16213 1857 -895 -1640
-1741 2118 -7901 1551
-2780 -2899 3816 -3646
1181 2108 -1463 7669
-3920 -6125 3226 -1931
-1527 -4182 -1691 -2798
-2872 -633 -5764 -4161
-7120 -959 2782 -1420
2405 -1361 -1371 4362
2337 -2200 -5305 3681
-277 -5096 -3633 1949
-1425 -3077 -1526 -671
5323 3345 -562 -4659
-505 -4542 3912 739
-3105 -5518 -3500 -5801
3319 -6332 5648 -1712
2670 4903 -1517 -4420
706 1604 1439 -2544
4626 -694 6020 1995
-4 -6986 2069 4136
574 -2086 2944 -1593
-2190 5734 6853 -4447
-568 -2597 1809 633
-10 882 -738 -5272
309 7391 -30 1219
-1908 2877 161 -3725
6146 4549 -2902 -2014
1236 -2670 712 6111
-4582 -935 1295 5307
-3709 202 -3535 -786
5791 -4000 -2394 -5432
-2289 -2924 -8373 -4597
3191 -324 3750 3350
-4626 -4602 2591 -3791
-863 -1536 -4136 -783
2869 6252 7573 2990
-2421 384 -2543 -7029
593 -8834 -53 8466
-4011 -3268 -5183 5864
-291 -2202 -2773 531
684 794 4217 -2508
-3434 3590 -2183 2059
2109 2136 7352 -6140
-925 -6316 -1431 6403
-6138 5229 -3161 8049
-5432 5709 -9378 3363
1080 -2624 -554 6378
-2331 -338 -3662 -2157
1391 8385 3972 -5563
12727 -4157 139 3604
-10446 -4003 -13882 6346
7822 -6880 4613 4559
40 -1126 -1261 1495
-3281 -5305 -1683 -2994
396 8173 -2926 -7229
-9387 2899 389 -350
4545 -7625 -9113 2955
1077 3944 -9663 4600
1386 -5929 1790 -2857
2734 -2113 -4513 -1387
2423 4141 -1461 -4921
-4205 -871 -1131 -6167
-2330 -5664 -702 -829
6967 1526 3622 1756
-2305 -8070 393 -1842
-2001 -585 -4674 -1311
-701 -4310 -4854 48
-852 -461 2879 4950
-1965 -3175 4165 2629
-201 2934 -1611 -43
1577 -494 -6528 1722
1467 -1451 -5942 -801
-1866 -2078 3309 -233
2627 1711 0 -3048
-4656 791 -5883 1825
3852 501 3647 3350
3847 2186 -2416 4885
-4718 840 5388 -1417
-1738 2359 -3014 3171
-196 609 6658 600
-7566 -2658 -600 -5432
5406 4318 4051 3596
1652 -1706 -1259 1049
3993 681 -1373 -3288
6606 2953 12708 -1746
-1532 7249 -493 -1969
-352 -3985 -3179 -599
-2580 -1890 -5577 361
8685 2074 -2932 -3504
5726 3879 2167 1611
21 -1534 439 -563
4276 -3114 -1964 -1807
2033 -1744 -7151 3553
7973 1546 -6748 -7469
1181 1411 10298 -5761
-2317 4613 6232 -3511
-2951 -2884 -4249 -7382
-6771 1419 -2198 6277
6713 -3604 -1173 3997
711 910 8025 4479
191 2644 7915 -9326
-4624 7045 -1570 -10032
2692 4865 -4421 3282
-1315 1433 3225 -4986
7127 -1483 893 1211
-2011 5930 2969 1627
2468 -632 -2387 77
-5272 2748 -3507 -5257
-4353 1307 447 -4760
1149 -710 5677 -974
-3629 5533 2818 -2967
525 -263 -996 -221
2747 -6646 157 -2988
4086 4319 6212 3732
-4154 990 -5750 -100
-6264 4635 -3564 280
4022 -726 8112 -942
5783 -3005 187 7949
-3279 1279 -445 4873
6256 5084 3239 -7442
558 -3818 443 346
1115 -6086 -5405 1364
-4748 9716 2845 2466
-1556 4151 4831 2783
3717 -3512 -6102 -10
