-5636 580 -1139 2000
727 -3175 1173 -4125
3188 7211 3118 3423
1685 481 1417 -961
375 9057 279 3825
-775 3633 2946 -528
-6028 2926 13190 666
-3437 -4361 6829 443
-631 8318 -5391 -4052
-3627 1407 4069 7221
3965 945 3634 -3467
7110 -771 -1196 -1917
-4840 5164 -1638 -1991
-161 2289 -2160 -4094
-5045 4694 449 -878
-8117 2199 -4866 -6108
679 1884 -8406 2175
2339 -7456 -1132 -10029
339 292 6467 -603
-4661 4618 -544 -39
1713 8177 4090 -3542
2564 7622 -5876 -2828
2529 5547 -5480 7397
-6106 778 -5176 4561
-2661 2952 -195 8603
-3794 518 1574 2807
5156 -1126 -3442 2704
-1271 3689 -1461 -8913
460 -2008 5892 -1077
3899 2222 3727 -3328
2015 -3962 318 3444
-7125 1796 -1467 -7531
1656 6016 -204 -322
-7517 -1665 1004 2446
-897 8213 570 8052
1924 -2705 -4307 -4405
5024 571 336 738
-2900 980 -1335 -979
-3739 1086 13381 4359
2244 2890 -2945 2744
-147 -3905 2288 -4552
-2679 -4677 3298 9248
-3106 4973 -721 -5781
3590 -32 3044 963
-1574 -3273 -1549 -394
-1623 -141 -1807 -9952
-607 -2714 -2451 -3505
-2886 11679 -553 -3781
6854 6569 -659 1699
-1324 4102 8755 1325
329 4837 6222 3183
4129 -1439 962 231
-4169 -6213 2830 501
1485 -1466 -1608 -2028
3583 -4390 4148 1130
2664 3219 -3659 2078
5742 2450 1210 1678
2954 -2510 -4034 3094
4822 4293 -1319 -5445
4093 440 -1623 -61
8954 3078 11777 4479
-1934 -1883 1778 -1796
3013 5252 -1771 4559
2083 4550 -6575 2089
4201 2623 -3691 -1654
-3189 -2338 -3394 -4080
6298 3636 -1880 1995
-4783 4692 -4250 3022
1231 2201 262 7732
6645 362 4699 -3490
561 -547 866 -12448
917 -4053 -4604 -3089
-4742 4534 1885 -4542
-5916 -8657 1122 -172
-2284 -927 -1552 -3416
-5083 -7471 639 -2384
2170 2509 4958 -572
7633 1287 8522 1922
-6501 461 8702 766
-1301 2311 2196 -5707
175 4957 1486 -3173
6554 1821 -1925 7158
341 103 -2694 -2124
2439 1030 -1355 6468
2973 5450 -1659 -927
-1580 -2429 1017 5387
4054 6437 2191 -673
628 1644 2116 2099
-3625 1471 941 -5699
-188 -6664 8740 -3834
-3594 -7576 -5893 1229
-1823 -959 227 -1169
255 -5890 315 -2662
5826 -7431 -2052 -9042
-3473 -652 1625 -4429
-3108 -1757 -2764 -5138
-2218 1722 1866 7460
3816 243 1197 -5920
914 2719 -4165 7467
2254 4100 3703 -2276
490 -1627 7245 -1412
2149 -3305 -4361 -4674
-89 -1819 -1849 2666
-3835 3740 5862 -9312
-7619 -4377 -1700 3099
9148 3171 1819 5549
7242 -2361 -1401 1805
3229 896 158 3255
-1682 -4537 1804 1990
-4455 416 637 2462
-61 -7086 -1798 -6386
-1127 3283 3445 1525
-969 -551 -587 -3507
-3221 -6074 -330 3237
-1650 1393 7310 7106
-295 -163 4503 -1507
4317 2674 -426 -2465
-5783 140 5848 8965
2624 -2302 -107 -1992
1092 1795 -1806 884
1642 1889 -2950 -3299
2081 1937 -6604 5881
-877 1820 6647 -1459
2289 -4816 -784 3338
-919 4063 732 175
-3189 -8101 1798 6301
-3224 -2091 5552 -9089
-3990 -1980 -5607 1600
176 -2794 -5562 8858
-1265 2059 2595 341
-5825 5287 -6904 4321
3627 -595 -1970 -4452
-4246 -6614 -2538 4501
3844 -1691 1041 -1925
-2649 -5933 -2581 9239
162 207 -5376 -613
-974 2572 58 6895
5102 366 -4300 7186
-3670 6254 3782 7666
2066 -1360 -4444 -1693
3579 5276 -292 6010
3554 -832 -5469 -300
-417 1460 671 -1902
462 1372 1994 2979
2328 -290 1423 802
6574 -280 -225 -2227
665 6912 -2127 4613
4572 -1069 -851 -6286
-3325 -3774 -1825 -1688
1847 -2434 -3127 -2934
-1915 51 366 3048
-1594 -51 2432 1186
289 -9405 -2221 6265
4495 5065 4760 -1368
4734 -1243 -553 -3743
5498 1791 3243 -2314
-1762 4033 1365 1734
-4909 -602 -4639 -7606
8315 6867 -4287 -9696
-1500 4447 7787 1681
5782 4164 3873 2958
-2696 133 1900 -3116
174 -991 -1880 -94
-735 -305 -467 -4189
-1556 -4877 218 -2865
3567 2461 -629 -3846
-5135 -4820 4445 -1084
-641 -1272 6049 -3239
-681 -1839 -292 2333
-808 964 -4682 -3908
-260 2687 -1332 410
-2149 84 -957 2639
377 -748 -4563 -558
1527 4756 2088 -196
-3090 -1843 -4012 -1852
4907 3833 -1534 1800
5587 -3738 -4746 -2718
934 -1107 2580 6425
-2561 6037 1776 557
-4939 8124 10177 -711
-802 -2845 -1273 7329
2554 416 -3740 -4109
3194 -502 975 9205
-3928 -3880 4857 -2125
4957 -1309 325 -4532
-1080 228 -205 1712
576 4233 -838 -1100
-4675 3400 -6599 3288
2155 -2987 -2559 -1198
-2052 124 6375 8791
-3573 -812 5137 -2318
9854 -1855 -6432 -3148
1364 2983 1380 1266
4292 -2512 -5181 -257
-4623 -10193 -707 390
450 2699 6089 -1242
645 -7532 -1770 7675
580 1616 7187 -191
-2864 -3479 -9549 -2214
6341 382 4382 7011
-6269 -463 8371 -922
-4414 4060 2781 -2610
-6427 -5186 -2738 3157
5551 6354 -1549 -2620
-3020 -2912 174 486
-1643 1255 663 1516
3852 -7817 -116 8697
-517 -4654 230 -1899
-1515 1750 -2119 3282
4516 647 2592 2738
1208 -787 4381 2182
7254 893 -3857 1088
2802 -2725 215 3439
1546 -4385 -712 3090
2191 3976 5289 -60
-2519 6137 2151 1770
-2423 4363 -694 -2067
317 -1652 -1161 3207
-3564 4018 3195 -3017
5277 -99 -3583 4773
-831 -1403 3484 -2172
2332 -1652 -1627 -3699
6200 5584 4171 -1153
348 1719 -8543 1458
1398 -2255 -4265 -2858
-2244 3613 -771 -229
289 3741 -3148 -5963
738 -4745 -498 -3208
-4288 -91 765 -2752
-6303 -8824 -1349 451
-11 -2456 -2389 -905
-1160 -3587 7181 -1199
-1285 4585 1250 104
9632 2606 -109 3854
133 -7684 -588 -1961
-5270 -6440 -8625 -2509
-6501 3776 -8231 -1216
-1358 -7117 -2974 4439
-180 -4104 -1165 2926
668 -4310 5321 -5845
5433 3395 5275 2403
1028 4748 -3095 -5055
-4211 1023 160 6071
1189 -731 665 -4164
-2026 5003 -1206 1097
1651 -4820 2473 -513
4961 -1431 987 -918
3197 888 -2093 911
-3010 -1444 -4819 2911
3912 -6029 2033 -1549
-953 7919 -8145 -2301
-152 -6224 -8108 6620
3124 2551 -1243 -2341
-44 -5372 -124 1416
-4682 1709 4267 4934
-493 2434 -3330 -57
