-1180 508
108 -289
-108 -90
6 -2
107 -66
6 7
-55 -20
-44 -2
-30 -5
37 -5
-1 20
36 18
35 -99
-10 1
3 -38
-6 -50
119 -36
-41 -28
39 25
66 -13
27 -21
26 -20
55 -49
-1 -33
-63 -71
38 30
-28 53
25 -8
29 51
2 -31
-19 3
8 79
-5 31
-36 29
24 -9
37 -38
41 19
6 57
16 19
-24 -63
30 -11
-19 2
-60 6
22 29
27 8
35 9
10 18
6 64
-27 -6
-39 14
-64 35
-12 26
-30 -2
23 -24
1 39
-9 -15
7 34
-30 3
-20 -11
7 14
20 9
5 -49
-16 -22
19 16
-5 -29
0 7
10 2
-10 -18
7 11
-9 -6
2 3
-4 -4
8 5
6 -2
1 -1
-2 -7
0 0
0 0
0 0
0 0
-2 -1
5 0
0 6
5 -1
-11 0
12 15
2 9
13 -8
-14 -6
-14 0
-25 -10
21 2
0 -6
-8 -12
7 -16
25 -23
1 -13
9 5
-8 10
-4 -5
47 10
-15 -6
-40 -29
-2 22
75 30
37 -29
39 24
-27 -12
32 -16
-45 -17
-29 -69
10 40
-7 -51
2 27
-60 -12
-13 17
-27 -44
26 -31
-63 -8
-8 -11
-86 -2
-34 -48
-11 -45
-3 -23
-17 11
-79 8
-32 78
-85 66
255 -2382
142 -34
35 -86
33 -17
-43 115
-30 -66
205 -3
137 3
100 7
-114 11
-10 -7
-117 -90
-35 198
44 -16
-46 52
-26 100
-243 81
118 41
-73 -41
-135 67
-105 21
-51 55
-110 135
-27 112
84 168
-106 -127
104 -166
-50 -11
-102 -103
-29 107
75 38
-65 -223
-5 -106
119 -81
-80 47
-93 138
-145 -48
-27 -134
-60 -85
59 194
-64 30
27 6
192 -45
-82 -92
-99 -27
-107 -46
-40 -107
-38 -248
54 52
184 -96
197 -117
49 -87
143 -27
-136 97
-21 -221
22 77
-22 -168
164 -13
88 44
-49 -80
-151 -82
-43 311
77 134
-129 -111
49 185
-5 -38
-70 -4
80 173
-61 -121
97 57
-18 -38
47 46
-124 -64
-115 45
-18 22
71 203
18 -19
39 -51
-163 86
2 -9
-71 -25
133 -2
-3 115
83 -26
-134 -5
122 166
18 83
101 -61
-100 -37
-51 5
-140 -54
141 30
-21 -32
-36 -58
67 -45
98 -120
53 -27
17 47
-23 62
-18 -18
127 7
28 -4
-83 -48
-54 12
80 58
61 -38
14 44
-27 -23
-29 -68
-128 -43
-81 -61
-51 24
-65 14
21 -87
-94 27
-13 -18
-15 -52
77 17
11 -2
-100 17
4 -33
17 -41
31 -98
23 37
-151 136
14 -105
-44 26
-75 -5
621 1920
267 -129
132 274
-60 -14
-81 -23
-7 152
-215 25
-6 11
-43 71
91 -12
-26 -15
126 104
-31 -74
-4 7
104 88
122 -6
77 -90
-61 -11
-13 -49
-38 -114
88 88
-34 1
12 -115
62 -169
85 -86
-17 154
-81 189
-28 128
87 16
52 -151
-110 -106
175 171
1 59
-116 93
95 -45
82 -165
126 -6
32 30
51 182
-31 -164
-37 -22
45 -34
-127 112
21 109
146 52
67 111
103 224
53 277
25 -96
-248 214
-61 79
-28 43
-209 135
268 -72
126 412
34 -113
-25 197
-259 16
-55 -17
121 83
388 241
112 -491
38 -148
188 159
-134 -114
32 -47
14 -55
-40 -339
59 346
-177 -35
26 60
-35 -13
132 -46
312 -77
103 -128
-143 -219
10 83
79 68
321 -276
-90 56
-214 183
-260 -102
60 -229
-14 -62
186 -5
-220 -159
-46 -169
-193 162
151 109
378 63
233 98
-51 49
-58 0
82 79
106 188
-125 60
147 133
-80 61
58 40
-19 76
-291 -92
207 41
209 168
-101 -151
-440 -190
-129 127
-249 -99
129 27
-235 32
50 7
100 317
-153 -259
-34 222
-5 -139
178 120
50 -61
45 99
-18 218
144 14
-87 41
282 -106
78 203
33 68
-9 19
-100 82
270 -141
46 -288
166 -183
-1041 2293
47 451
-322 -478
-69 -24
250 -135
114 19
-134 -3
-369 -6
-159 -145
104 23
72 54
-29 71
108 -272
-211 16
-83 -191
-131 -163
264 -28
-107 -21
118 188
360 50
66 -166
226 -163
128 -63
-25 47
-205 -148
325 33
-114 -53
186 -242
41 188
58 68
56 147
-180 108
95 144
-64 -74
-46 -77
-14 20
117 159
-20 121
64 -248
-21 -43
161 -23
-66 51
-183 -105
249 -137
-144 -49
74 -137
-204 -205
36 -61
17 -41
41 -136
-117 17
-54 -47
139 -152
-214 -44
-322 -345
-64 89
85 11
248 -34
49 106
-239 92
-492 -331
-32 508
-190 91
-201 -183
20 -91
-43 201
186 53
-17 350
15 -410
92 31
-89 -138
61 -117
26 317
-438 70
-174 218
276 116
21 92
-143 9
-335 358
376 18
385 -364
203 172
-128 438
-98 37
0 23
180 85
29 27
118 -128
-268 -96
-520 -22
-399 -226
-239 -241
234 -150
30 -16
-207 -329
238 104
-335 -217
202 -192
-100 -132
-32 102
168 153
-512 -38
-322 -337
230 311
840 153
324 -307
426 88
-190 -95
450 156
-12 -21
31 -424
190 196
218 -554
-92 538
-244 -194
-80 162
-253 -89
49 -211
-506 -64
221 -30
-463 53
-277 -144
-114 40
-121 -232
293 -258
-534 283
-19 479
-275 341
