735 3515 -2620 -2147
-1352 -4016 2567 -1420
-3896 -5197 -1537 -3725
-107 -2623 797 173
-1271 3194 556 -4064
-4768 -3256 -2924 -3833
-6369 -7055 8617 -470
428 -1215 -4695 937
2479 1324 -700 4748
-8371 -3333 2482 4189
612 -1400 3010 -7829
9526 -5596 -5378 3210
-1224 881 987 -1454
-680 984 4034 5408
-9745 2762 -7075 -1683
3801 6737 2655 4927
-5918 4259 1094 1879
3546 6104 4698 1296
2337 2936 -237 2005
4957 -10112 5567 -950
6871 4300 4295 -4492
-1338 1017 -1483 3507
852 6510 5562 -116
4077 -833 6267 -8692
-1912 934 -3507 4977
671 -1601 -5010 -5749
22 8886 10481 3185
-1826 -2303 4249 5501
2076 -5615 1490 -6877
-5303 3458 -3635 1650
1152 -4637 183 3562
-2392 4270 -1218 3182
7069 33 -4672 -826
-3477 -1601 -908 3614
-2306 2274 2770 2114
109 4728 -6727 3717
2916 -1132 -4964 -5095
1081 -2079 2474 157
421 2438 -2132 6190
-6128 -1794 8173 3410
2141 -7496 -1340 -3585
5093 2247 88 -3384
-2308 2282 4031 7002
-2835 -2499 -555 4628
-250 4007 -5288 -1490
-1851 2578 -37 3513
-2636 -4412 -7558 565
-4422 -11399 -1364 4162
1483 -6503 -6249 1376
1015 7868 1285 -4924
-487 3503 1594 -505
6629 -417 3969 419
-928 5060 738 -1728
1593 -209 9187 8598
-2720 -2865 4204 2578
-2268 -2816 -5586 -5078
-2946 -90 -2340 5406
7678 -6634 -1391 987
-457 4772 2131 -577
679 2483 2659 1786
-8522 4473 -4248 -229
-1634 2610 4206 -1532
-1464 -8687 -3038 -3142
-1545 6969 8248 -4523
3071 -3128 -1047 -10639
2315 -3092 1828 -76
-2549 3668 -7212 -6731
-323 -5064 -2069 -5416
141 -3125 -2659 -3679
545 -3148 1989 3910
-3594 2206 -2358 -1086
2717 -1898 2307 2110
-727 2355 -4684 686
9076 5994 2990 -3258
2243 -7872 -416 -6879
-1530 -2335 -5139 2853
386 -4081 -4177 349
-3188 725 -7966 360
24 3600 1673 -253
7506 -2231 -3419 4910
-295 -4971 -1683 2441
-290 -3235 -8452 -4083
1451 629 -7048 -1199
985 455 4628 -2415
2447 1287 -349 -1878
6860 -2280 2528 -10507
3227 -6000 -6027 1290
5649 835 680 -871
1835 -2580 -5609 -7281
2258 2920 1812 4714
-11073 318 1664 -5199
-9080 120 -3410 -2077
-3669 2398 -6673 -2608
411 -3911 -2426 -5960
-7526 5174 978 -1123
-2435 -860 -4944 3295
-5285 -6828 -3012 5524
1932 -3406 1081 1511
-2992 4010 5849 464
-6399 3390 -3186 5466
5208 -627 6992 571
-2765 -5781 459 2211
-4380 -5328 -3288 1961
-5174 -6472 1555 -1200
145 -11727 550 -6046
20 114 2187 -9586
-5639 -437 1612 -866
4493 3429 -591 -1935
-8770 -1445 6568 7085
-4812 8191 -6190 6734
9192 276 -4786 10618
-4312 8890 -7113 3957
-223 -1734 -3929 -97
-1729 -4767 -2851 -4414
-229 870 -4711 3920
-9773 2067 -4297 1165
154 1762 -239 164
-4472 -919 1846 4405
11069 -682 -4004 -2603
1543 -4909 5183 14135
-4664 -4067 -2405 -6581
-6225 -2158 1543 -5819
-7572 -1828 -6566 -5284
-791 904 -3039 9627
-5907 -6040 3439 2533
-69 2877 1424 2689
647 -1357 5565 5792
-1671 1983 3559 -2244
-1891 4358 -2079 -853
7258 -7272 -136 -3524
3517 3557 5207 4514
-77 2420 8370 -5578
2095 260 4423 -61
5889 -1210 -2950 -357
-4232 5189 -2312 -481
2227 -719 2055 -2855
1377 7705 -2472 -5975
942 -3809 -3826 -682
1940 4242 4839 -2747
-552 5217 5891 -3195
-1789 -1171 -484 -1450
1402 833 811 2858
231 -4397 -2152 -2032
6234 -3676 266 1714
1289 -480 3255 7254
-5976 -1687 -566 1578
-5410 2210 -3482 1175
972 187 1229 -3511
1780 1003 -1670 2002
-5041 1916 6958 9322
1344 62 -3108 7467
5516 -3597 1662 -1813
-3412 -3811 -4847 3014
-346 -1992 2570 3064
2822 -5341 -6530 195
6053 -4776 -5296 -10713
-10357 5176 -3907 -10996
1445 -2645 -1871 2039
-190 12123 -232 -3030
-1230 688 -3339 -3652
7175 -94 -2360 -3934
5136 5659 -5402 -2915
5522 1543 2951 -5371
1733 1555 -4686 2244
-4906 9208 -8780 -3704
2757 1541 2318 1595
-1156 -4061 8308 1239
2719 -6163 6560 -4169
6092 3678 -1034 -3454
-3667 -6470 -239 -3163
-1603 4237 8926 2684
2973 5669 -2023 8859
-10187 11936 -2795 7950
-2898 -3278 1188 2794
6240 -13010 1506 8536
-2291 322 3461 -1617
-2983 2515 5810 2244
5742 5019 2086 -4210
-4576 5328 5091 -1832
3014 -878 1588 -2644
84 -1611 -331 -1502
518 5045 4067 -3937
4249 -2507 2696 4252
-7119 2681 6849 2580
1413 -2549 4476 1751
-74 2228 -81 -236
761 -6476 4607 -588
-3570 -2505 -3864 5568
3841 -1524 -4676 -7033
3020 8177 1836 2286
3315 1646 -1473 -1914
6131 -11117 -1894 2085
212 3855 5083 -2700
8804 -2980 -775 3117
-3105 -2873 1793 -3072
-459 -5064 -1141 -2033
-5653 -667 1054 -2093
3482 -3622 3127 -1021
-1334 311 2897 2117
-744 2056 -1969 6523
-2833 3219 1904 -2644
2606 5086 -3614 -5181
6352 4496 1474 -1745
1074 2239 1313 -4856
-2248 -6407 3784 1654
-7699 -1230 272 8152
913 1146 -2988 3708
8156 1154 2610 -859
4869 -1873 100 2722
419 -3979 -2439 -530
-3241 4711 -4271 -1856
1788 1577 -5806 2219
729 4998 -6693 2134
2833 53 1803 -2540
-1043 -7670 4456 287
3287 -122 3029 -6044
-338 7101 5355 -1961
-1310 634 3301 2810
6678 5060 541 -3236
3652 4988 -1623 -8254
26 -3859 1295 -1835
-199 -10127 -976 -5628
-3160 1962 993 8185
-674 705 7560 -1054
-6513 8059 1593 -4587
-9059 3474 491 4310
-114 1450 -758 4058
-2412 -863 7239 4613
5072 7001 -4537 -774
-1562 -2714 -1491 -388
9736 -7239 -4605 2011
278 -3699 -8023 2563
2713 -871 1138 4290
701 -3031 -1244 1936
2444 120 3957 -6257
-180 2680 -1569 2332
1257 7518 1825 372
-6199 6535 -831 5912
-2114 2350 -698 -2331
-4948 1376 -2617 1412
-7665 -5275 -7737 1636
-123 3288 3853 -3082
2578 -2942 1562 -2680
435 -5584 -6159 -3902
4938 -293 -1366 1291
719 -1784 2267 4244
-5244 -2651 -5842 -2750
-692 2075 2061 6547
-5647 -9228 -4636 -3069
9059 2317 -1520 -5980
5981 -76 4961 4893
-531 -1605 -1713 -3614
3154 1365 -3194 -7840
4518 -3220 -425 8025
720 -276 -5535 1376
2390 -2036 5223 2998
