-1000 964 -4827 -4172
1842 3701 2132 -1917
897 654 735 -7106
-3457 1264 4023 -147
-1346 -3594 5526 -2755
3595 5113 2384 1752
-765 3048 -6988 -5377
-4654 691 -3722 -4520
3201 1659 3149 1412
2733 2571 -617 -3027
3719 -4981 -518 -4124
8648 -1013 1043 -329
5354 4772 6475 7290
-5458 -1615 -2341 457
-9245 222 -329 2743
-412 4690 -305 -1087
3741 -6644 -4578 3991
-1528 5934 -6763 -643
-1918 1333 -7362 -2804
3812 -1855 -174 -44
-7349 -274 -2849 8106
5044 6397 -4489 5771
8433 -763 4203 -2812
-6439 -1770 2376 629
-1444 -4083 -1119 -1783
2553 1555 2786 -2326
5373 -2860 1256 2985
6171 -515 785 -2928
-4128 -196 7491 1123
-763 -120 1649 3979
-5086 2704 -1023 -699
-5022 -5152 -949 8846
-2589 725 955 -1282
-3816 -6087 4136 -790
-1485 -430 -6914 -1635
-2207 -3033 4653 -1936
-445 2152 -2877 -5409
-8647 366 -1856 -715
1547 4268 5896 -849
-1266 -2585 -6550 -4126
-79 -4395 1258 -5122
3418 -3585 -2269 10563
8293 -1645 6106 -5322
536 -927 -3061 -45
1409 -3119 -339 565
1596 669 -737 4896
-2078 -5905 -2736 -191
-805 1642 4437 4159
2222 4235 -1344 971
-3605 7517 2213 5453
-405 -3282 2631 1318
664 6385 -3045 143
-6370 -4127 -6979 -5620
-129 -2363 -551 -3269
4035 -5960 7070 4688
-393 2053 3164 417
-101 -2207 -2534 -4745
1475 6423 4668 4298
5049 574 8703 3524
3851 -890 -73 1045
-7406 -7355 4338 -147
434 -5010 -2148 568
-5346 3618 -3130 3228
-4959 901 -951 8061
-6886 -255 -5245 3094
1353 4406 -351 -3632
-3456 -1637 -6684 -12312
-5913 -3586 -5083 -4166
10544 620 2252 -3072
993 -1645 -1398 829
-1292 -4455 -615 -4716
-3364 -1126 -2394 -4795
-5065 -4980 -7498 -3105
-3170 3307 -2540 -331
-8227 -1815 -2384 4149
4290 2701 2194 427
-3988 2399 -2859 -1645
292 -5495 -8579 -1659
2896 -2027 2157 -6060
-259 -3955 3659 5844
-2894 -143 5831 -2381
-6613 4482 417 -5659
-3488 4769 -4702 1280
-922 3587 4403 -6587
-1565 -1859 5173 -3514
5633 391 404 -2781
-1608 3110 -4364 -1994
-5179 3681 5043 59
-4833 4277 3073 -509
684 -6607 -10021 -6617
1993 4334 -4279 2566
2588 -2300 945 316
-3152 2781 -2526 -2567
-1031 -3766 1852 472
2587 -2357 473 -3663
-8332 -91 2339 2127
6528 2193 -1854 2135
670 10194 -1180 4024
-6817 -4402 5095 4558
5099 652 2661 -1883
-9651 5491 -6636 -4142
1506 -1558 8544 -3155
-4008 -4799 1775 3050
937 -8129 5737 -1897
1871 7333 -1841 2259
2460 3658 2532 -94
7025 -3565 -6241 -1901
-637 -4975 2673 2260
3719 -7629 -9908 2061
-4760 -2007 -1054 -94
10840 3951 5794 1070
1641 948 898 2777
-7470 506 -1283 -825
-3 -32 -5081 -2077
4735 -4320 -63 998
-2210 4995 7951 3675
5667 -1001 3087 -2470
4931 -2963 3073 1903
-1313 4006 1280 -3308
-6387 -6246 -1246 946
4719 590 -427 -381
2932 651 4315 -1609
5048 -4880 3748 -3144
4326 3748 -6387 -521
3654 -7509 2031 1794
-1015 518 9062 -3345
-3719 447 8852 5309
2128 1557 -4766 -2647
-1739 -4209 2250 1830
-3477 -4793 3046 -472
9574 3480 -2938 -6552
1136 4786 2602 4585
5926 -3156 -1749 -7578
-3383 6701 435 -5084
-4476 -172 -3250 3508
3094 -8193 -5529 2638
1007 -3164 1911 896
145 -4061 778 -2095
2910 -293 3197 -489
1114 320 -1845 -629
123 -5141 3892 -728
-412 -2303 4671 5561
4782 623 -941 7925
-2423 4154 -1512 -1088
-1392 -3941 7090 -8227
874 -4546 -185 1631
-3788 -1642 -1727 2722
2257 3679 2178 -952
2883 -360 1993 1018
-1883 -1677 -2987 -2264
6470 3774 2620 3793
5431 52 -581 -3456
-3174 3214 1251 4599
3703 4347 -1619 1532
607 -2070 -4303 -6491
3636 -4903 -1652 -723
4599 -243 1697 7061
-6028 2850 2419 -1392
-729 2149 -6048 4095
4588 921 1652 -831
-1403 707 -344 4201
-431 1487 4264 3763
5686 6058 3820 766
1497 -6165 -2512 -2617
641 -851 652 120
-1224 -2944 2185 -97
294 -5361 -1847 -9708
-6691 4158 3777 -2860
2225 3562 -2775 -755
-8819 -3801 -3379 -3558
-2502 -373 -1456 -7385
-816 270 1525 3220
6474 5355 -2995 -7808
-2090 11356 -5503 3054
8301 -6987 2040 -2468
-1667 6721 534 2346
-1202 -11014 6553 6592
-5674 -355 6703 8147
1182 -5349 2397 4068
-3176 5493 5954 -2131
6132 2078 3668 2050
-4832 -855 -2185 -8697
4264 -7640 -826 -554
3413 -3025 -3253 -8447
-1366 9924 -3078 539
-6021 2483 4417 3863
-3437 -5241 -6651 -5137
-2568 -4040 2753 2179
4583 7319 -530 -4031
-7039 -7740 3171 1607
-3036 -7335 -2397 1461
-4888 -3550 4154 4320
3188 7413 1209 896
-1451 -7210 -1098 -966
-2071 -5946 -4981 -5881
4184 -2404 657 647
1962 -7144 -5799 2089
3856 -5009 545 4305
3332 -5342 6507 -1900
-735 5483 1362 6437
1808 -2686 1395 1204
-3960 1742 1130 4739
-7167 1238 -1343 7471
357 -331 -1369 -8512
-3765 -8785 6249 7961
-5511 -5927 2111 -2389
2969 -3322 -30 2005
3245 -829 3391 1102
34 -1377 -297 3890
2180 3058 334 1907
2749 -5861 -574 5938
2723 912 1640 -1751
1018 6066 2946 -742
-471 -5324 -310 4774
2359 8061 5485 7960
-1674 -4804 4070 2120
9219 3004 -4327 -3091
5103 6205 -1385 3090
4831 -7722 3814 -2745
-6901 9428 -5168 -4225
-515 -1470 27 149
10399 -10256 -972 6602
6731 2379 3071 1334
-937 -2284 -2025 2368
-1320 3119 2740 -477
-3601 -6475 4868 -6207
-2903 -1322 874 3852
4306 2129 -4921 25
-589 6547 -1796 160
779 -612 17 2614
4588 11210 2668 -4260
589 91 -9048 1946
-2802 -2085 8018 6045
4119 3563 2201 1076
-316 2909 -2447 5314
-2605 2574 -2997 -1799
3270 6225 4660 -3748
5073 -1851 306 -2985
-1161 2680 4442 1074
-3568 -2442 3928 3714
5758 -959 6754 -5369
-3204 -4323 4851 737
409 -5174 -1972 -1862
4962 -4432 -2462 -3577
-2717 -3648 4606 1628
-567 -3967 -1512 6842
-5754 -1213 3047 -4536
1810 -3892 -150 -5307
-3391 1172 -7091 -2108
-3734 1954 -4175 -4937
651 -3343 1423 -382
1282 661 -230 -4097
-306 -777 -1297 5560
3533 -1262 487 8678
-2381 5339 3062 -2169
-4234 5232 3090 -51
