-3510 2592 -639 -1899
-2091 -81 3519 -6268
-9719 965 2057 -1651
7648 4895 -1635 -3389
5471 -6384 -1907 7091
3655 3424 5242 3785
2630 -4691 -6953 -2680
-2871 -5220 -6266 2354
-237 4661 -3146 -3092
-3237 -527 2929 -381
4042 -3423 -2457 -2012
5729 -2888 1603 -6434
3648 3591 1134 1447
3473 9967 -1265 -7948
5174 -616 4563 9577
-2155 -50 -2327 4647
1872 13031 -4323 -1037
1941 685 -276 -1420
7210 2095 -176 3925
2608 -1474 -1678 2423
-5334 -926 3475 309
-1204 5641 -184 -381
1611 -2067 1262 2217
3925 8314 4103 -5858
7536 -4494 1923 6991
-8118 2657 -7034 -907
447 -5118 6291 -8158
3712 -3864 -1282 -3113
-663 2734 2099 -3826
813 -3270 329 5446
-7824 -2141 182 -3539
-580 -3986 -925 -5244
-2471 1360 -500 -3533
3239 4227 9550 -2961
3157 95 -2714 985
2156 1784 -5862 -957
1824 813 -1449 -147
1946 160 7635 4809
9304 -10174 -7426 1677
4252 8621 -3746 51
-2529 220 -4593 8426
9570 9933 -365 -4410
1609 -3165 4904 2570
6809 -7378 -2896 5328
-2288 -5268 11765 6511
-3294 5302 -666 -239
2512 -13343 -21 454
-2215 695 -4212 -1687
-5995 -2928 98 6355
4734 -225 3645 2345
-7679 -1160 -399 -1611
190 -936 1669 -1010
2710 2115 -4098 3084
-3726 -2393 -2239 832
6564 -2604 -3750 -4573
2915 2881 4456 -2721
3444 -1327 -3788 2806
-3509 435 4133 -3131
-7715 9116 239 -1696
-5187 -7432 1186 3470
-5322 -2543 -807 1554
-257 -5757 -7838 6419
3631 6062 4705 -1784
-2488 3532 2777 84
4454 -351 -1416 4638
-541 6376 -157 3723
-3245 6987 681 -7082
-2775 -7423 -2131 870
-884 2888 2315 3021
-7443 2999 160 1666
4439 -4821 -2914 1767
3542 -1737 2313 -1348
-925 -794 2308 2879
5829 -7909 498 5056
2300 -5391 -3387 -4527
3133 1185 3673 2973
4424 3829 4721 -180
-3711 944 493 5354
3849 -2894 6004 1212
-1704 1820 7065 -3439
-996 -2399 1328 7331
-5470 6643 110 3653
3232 -1852 -4426 5868
-2966 -498 7478 2368
-5239 8199 -5262 -4031
1492 1815 185 772
2521 140 -9601 -2186
4008 -6100 -4442 6384
1306 2945 -1061 -1396
735 3194 6901 3316
-161 1136 -2403 4262
-1896 -1922 2799 4910
-6766 -6756 345 -1068
8359 5204 -3351 -555
-4706 -6258 429 -4465
-5338 612 2154 1644
-96 -952 -5305 -9696
976 -1802 4718 3230
-2045 -903 2414 2223
1521 -3330 4546 -417
1072 9625 -2917 4089
-384 -1359 -3865 413
-1600 -1391 1964 -6543
-1992 3840 -1923 3
3398 7136 -3469 -1246
-10209 384 2138 -4444
-5399 1178 -3865 9595
-9521 3228 6036 3997
-2365 11019 -3181 673
-1415 7168 5910 -2622
-3102 4282 -2734 2711
3577 8894 1482 2134
-4945 6436 -5172 -3368
2669 -6589 1133 -4967
1945 3322 -4199 4959
2255 1561 -1024 -926
-2067 -5827 -2323 -503
6312 -1712 -2961 -7939
-3258 7167 -1394 -5175
-2675 5653 -2604 1329
4525 1189 2627 3278
-515 7336 -580 8832
665 1520 -200 2378
-913 -2775 -331 6459
1533 6427 -3175 -1974
-152 -3623 -39 -2198
366 7066 13969 -5572
4816 -7661 4462 -168
-9431 1489 -1120 -1007
4021 1167 5538 -1865
516 -3216 -420 -125
-1576 -5001 -5456 140
-4436 3192 -5296 -2132
-5210 -5750 -7140 -5269
9588 33 169 9264
1862 1941 3865 9631
-5302 9170 5080 1331
7705 5074 -4021 737
-4942 731 1496 3210
-3416 -312 -5055 -431
-4310 6079 -125 -1632
-957 1835 -717 -8852
4650 1465 -4 -7600
3631 -392 -3583 -6243
7681 -3446 2331 4250
1813 -190 664 512
-2030 4529 5077 -4331
-564 -2891 1872 -1327
-5549 60 3894 -2337
-4862 -3152 -231 -5876
7543 -1355 968 -5069
3738 -1262 -5088 5970
199 -2683 -128 -634
-4813 -1447 -3303 -4034
-3444 3523 3644 -6612
772 3918 -1105 -489
-5276 -6435 943 3877
2012 2500 18 -2230
2875 -4530 -2120 -992
1063 987 -6480 -2032
8111 -640 5211 5567
-1081 -2102 -2130 -3875
514 -6298 -1447 -126
-3632 9502 -8629 2020
-6486 1362 -1572 -282
-5928 -5524 -994 1278
3925 8424 -470 559
-5404 1734 3950 5124
3029 -1120 6012 1306
-1256 -1641 3490 -7720
-3878 5252 -6177 -2283
-2761 -4657 -2941 -831
5081 1316 4064 1743
9007 7250 -6904 -2207
3616 7265 -3643 -4978
1650 -1497 -4213 -9130
-418 2543 -2572 -3642
-2177 5255 1658 1496
-2196 -3170 -649 4110
187 -4248 -4496 -861
6780 -8040 3260 8054
3240 1331 -4264 -3927
4052 -2651 -2992 30
5058 5765 2221 8011
-1328 822 382 2590
-5268 656 682 1750
705 -1649 2649 2341
2966 -6094 4009 -2865
-5121 3280 792 -8816
5671 2595 2643 -6403
-2001 -3464 -5888 -2900
3901 -5880 -2537 482
-8087 3483 -42 6302
1116 -247 -2972 -1754
-2978 -4757 687 2368
-2761 -8336 -5484 3668
544 440 -1621 635
-5971 399 1063 1445
150 4160 -4731 488
-2542 -2404 1260 -1000
-3036 3737 2120 -5647
7310 -2083 8722 7113
-394 -3722 6680 10213
3700 1103 -800 8103
2048 2427 4490 1709
1616 571 2112 -4880
1698 -2990 1500 -1559
2674 4583 -4759 3388
445 1986 -6145 5499
1006 9168 4825 4061
-1048 659 1722 5734
-3406 3360 -1438 -1527
3035 -891 4148 -6795
-3709 -6182 11052 -2681
1927 -4602 -3931 2558
-3974 2706 2722 1170
3689 -1788 4224 9475
5484 -638 -1752 -3706
2733 2589 1097 -5305
-7984 -1755 1864 1902
2966 -167 -3955 -4853
1592 4815 86 -3058
1002 -1919 -2170 2528
936 -2046 1673 2551
-4516 233 4438 2309
-1063 2314 1258 2769
5488 -4918 2157 -188
9346 10925 -1186 -1985
5016 2568 -3809 2186
2036 -8897 526 1682
-4170 469 -726 -3114
2353 -4443 428 -4898
11329 5124 -8942 1576
820 360 14127 -5908
7718 5678 78 1471
4901 2700 467 -1492
1521 -3567 1920 546
-517 2844 2306 -6471
81 1456 3564 -7765
326 3185 -3850 7295
-9327 837 3043 4597
1851 3787 -1337 2856
-5279 3330 -1070 -2315
-4536 4270 -4864 8742
1270 -4444 2552 3493
934 -5830 1399 2527
-998 -973 1312 3579
-3169 -8327 4636 5497
8966 -1963 2852 1925
-2529 4588 2037 -723
1436 -3182 -2576 1435
3878 -1756 -1383 -7757
-5255 480 8727 209
7079 -6267 -2531 -6720
1602 -2915 6939 -1684
6227 -1632 1396 -595
