5777 -555 2449 -7209
6926 -5941 -1342 -213
-52 275 4482 -1839
4667 -3642 1368 398
912 -4077 -8066 -6707
3819 -813 -4679 3759
-7455 2241 2150 5327
640 1280 4696 6541
-2671 -1302 -640 1427
-1143 -1751 -7998 -3535
2124 -1757 -274 1914
-6847 -8689 1778 -3308
-2713 -1723 123 -1948
5022 -1686 -3781 650
-4030 790 515 -2158
-2795 -1670 -1445 -1971
4410 -5549 -778 -2363
1422 3244 2723 380
9329 5520 2758 3002
-771 7151 1764 1613
-1804 -6645 3776 1485
-1716 1269 6625 8229
-1122 -5838 948 604
3798 6403 -1760 3976
5812 1521 5792 2719
3051 2765 9992 5909
738 -2773 -2745 3143
6648 -2998 1943 4849
-3059 -2945 -6209 4298
2774 1894 5237 3821
5278 -783 133 -740
-2421 4524 -3591 1068
1753 1040 -12129 -4898
-143 -2465 5442 -8847
-5342 -2424 5213 -342
-7438 -6464 4293 1059
-686 -1528 -4918 -2963
-4150 112 -2393 -1990
-6199 -1354 621 2030
5335 -10933 1664 -645
1447 -3387 -3999 1034
-2447 -1170 3951 6319
-2416 -2689 1005 849
4434 3109 -3578 -2971
-4089 8961 553 -357
661 -2056 2363 2341
9905 2212 -9303 -1553
2880 3424 551 -528
-2824 -4792 4841 -2639
-4572 -3569 -1552 7646
2170 -7674 6519 978
5706 1717 -3993 -2783
-2251 1486 -658 3210
-3169 -749 1715 7722
-3525 -756 5264 -4360
-1080 1512 7113 4602
-1234 -1323 -1831 -7982
-125 2248 6093 955
-787 -828 2302 2898
3263 -109 -5696 4455
7448 -7581 2472 -653
-989 2253 -278 -5
-479 2763 5522 -1805
-2415 -1909 -3155 2516
1335 2686 8263 719
-6818 6162 -2544 7235
-1810 1664 2741 341
-1359 -3072 -3955 -42
-2557 1020 9412 -1772
1275 -2776 -336 4008
649 4392 3104 -1464
-3032 -1628 -912 486
-2515 -12565 4894 3549
3897 -2391 -404 -6039
-4883 6937 -80 7130
5052 2118 -213 -492
-4493 4828 -5470 -225
-91 528 530 1585
-1682 -592 187 1902
1828 2229 -1235 4671
-3951 839 -1219 1238
416 32 315 4399
-470 -2359 454 -588
548 1836 -33 3869
3093 725 1217 3289
-2289 -2072 -287 -1886
688 1230 -1209 5649
2812 -3435 -1471 -547
4300 3238 -5561 980
-2039 -1897 -6407 -11386
4996 -739 -964 1975
5843 1822 5309 -2589
1716 -5283 468 6884
-392 -5588 2688 2781
-3261 -59 4814 3657
-966 -5044 -5973 3287
2186 -898 1246 -4475
2222 -5867 -514 1260
-140 1535 6959 -1562
552 -157 8941 -1546
-1118 -689 -597 2117
-2710 3549 -195 5320
4452 -802 -5136 2901
-429 -2421 -3152 1222
5745 -2325 -2791 -6722
8882 4679 -4184 2616
-2186 -5898 -2923 -455
-2791 3696 -6388 65
-5153 4190 -501 1503
-1814 -6751 573 -6878
4863 -5250 -555 -6657
4765 -8413 3142 4570
3798 3227 -2094 1848
7702 -212 -6965 2332
5646 542 1718 -3313
4656 -420 -4457 4922
-2040 4028 1763 -4145
2229 -8902 2388 -6375
-8946 -8782 -2262 2343
-1824 -7610 3144 -1599
-11112 2687 1644 -625
-6315 113 10462 -85
-1382 361 5842 -602
6379 5340 475 -2527
-51 6613 -4294 7554
8371 -2622 -1821 -878
3372 -3783 1790 3456
1211 -2879 -1640 5237
913 2442 2592 -7381
3763 -825 -1363 -2793
5599 1115 6816 -6325
5910 5735 -3766 3338
-3443 -3326 -471 -2797
6360 -470 657 4193
-4097 4302 3174 5518
811 -3169 -4585 1362
3631 -9021 -4609 -103
-5218 556 -513 2345
-2790 -2590 -13766 -2094
4369 -2229 3632 -3124
-1685 555 -8802 754
-5978 169 -2224 2709
-684 -2813 -968 -11269
6338 4701 -6422 1495
4027 2586 540 -9681
952 -7036 -1313 -701
3478 4488 4207 -1922
-2922 8339 1602 788
-3365 -3942 -344 166
-3635 -2080 6222 -3019
3989 -480 10009 -693
-7304 1090 -4724 2231
-2737 487 -4112 -7796
2007 3043 7127 6743
-7299 4782 -1678 -411
10 3919 -8532 4653
6979 3974 1687 -7923
-1137 3862 1818 -207
-6538 1279 6187 -10571
-1177 -5698 2346 3673
4142 3237 5843 -2891
-1862 3958 5294 -5384
2600 -2445 5000 -4741
5567 9720 7748 -356
384 -5173 -3660 4082
3195 -3419 1615 -2519
-1864 468 178 1746
8033 -2941 7020 -4079
2546 -883 7751 -1170
1026 -1860 -4240 61
-743 -2612 10670 9485
-1672 -1225 2814 363
7570 -1259 3073 2055
6777 5817 1331 5652
385 -2034 -7074 -803
859 -7371 -1776 5317
2022 5735 -311 2109
-1779 5423 -2462 3067
-1885 174 9292 4591
9235 4169 -4606 1414
-996 -3321 -4611 3572
-746 -3379 5880 5583
5217 -2089 -7297 1166
1540 -4622 -1211 9698
1355 10622 -5036 1692
4162 3594 2336 -4377
3435 -1118 542 -1564
4560 1190 -2428 -5076
6168 -3178 124 8831
-3409 2962 -2791 -12356
3007 -8999 403 4490
-247 1794 -3411 -1469
3743 3337 -4607 369
4940 -6368 -5943 4215
7196 3499 -2150 -2609
1036 6094 -1398 2500
6790 -1668 -8211 -2231
3894 -700 -975 -2057
-514 3016 1104 1928
-2275 4293 5693 4551
-787 2876 700 -3469
5913 -1474 -5975 -3505
4347 5281 637 -9916
-1103 1936 263 1396
8557 -31 1170 -3038
-4302 3033 8189 2746
-3654 5251 -2352 -885
9760 4680 -3153 -1036
-4795 5315 8212 3007
-1909 -2944 7999 117
-5494 1236 -1593 2612
11227 -1787 1682 -9119
5106 3296 2203 -6406
-3716 826 -4637 -302
1181 1830 5533 -697
165 1815 -470 -2198
-5112 2943 -2885 -1730
-1507 -4384 2974 66
-420 2786 2679 6501
-1095 -2072 4466 2595
3514 -4144 -4629 5125
-2234 -4821 429 1805
-2065 3220 -4585 -6754
1886 3123 4197 1597
-1334 -2811 3847 -1816
863 -1825 1792 2677
7476 -4043 -5962 4717
498 -2291 -7291 -792
3515 6747 -855 3481
646 -4253 -1786 2504
1216 -2360 4915 -2839
-13 -1359 -683 960
-3012 4029 -3296 1007
-1248 -1951 -6486 -10680
-3709 912 -4696 6500
-7351 2453 4610 -5659
3868 -4670 -960 -10571
5615 2118 -8098 6084
2595 3790 -2322 -1627
1706 -5953 1871 6960
4121 1254 -2105 -2528
346 6864 184 -6898
-2198 598 -1223 3422
-2464 2122 6099 -20
418 -4183 -9563 -7572
2673 1878 326 -2272
2991 1114 3225 4452
-3469 -5906 1943 -8615
2929 -3909 -1163 -2111
2296 -5984 6848 -10911
7998 2102 2051 -70
2717 -3295 -3436 -4214
3788 7945 -1313 1409
-1789 -228 -2772 7720
3333 -10234 -7600 304
-5944 -847 -1796 -2306
