1706 -2071
25 -32
-25 -38
10 3
-46 16
-14 18
-94 18
-34 -13
-19 -41
-19 -41
89 -33
-4 25
-40 19
-40 -8
61 3
-76 61
11 7
-4 29
34 -8
-16 54
-14 -44
-56 -34
-1 15
10 -63
18 7
31 1
-112 -17
14 17
-5 49
-35 50
-4 -5
8 9
-11 -6
34 -25
31 -15
-48 -32
-16 -76
6 28
17 18
-31 -18
-14 -26
25 42
-29 53
42 79
3 37
-25 4
-16 21
-52 -36
46 25
8 -29
-12 -42
16 -3
28 -29
3 40
16 4
-39 49
30 -2
-9 -26
3 -16
-23 -30
14 12
-5 -15
-13 -1
37 -5
-13 -34
-7 -16
18 2
19 -15
-4 -18
2 -2
-6 3
-2 6
-14 0
-5 2
8 1
0 -2
2 0
0 -2
0 0
-1 -1
0 -1
1 4
-2 4
0 -9
-6 -8
-8 7
-19 -9
17 1
5 1
17 15
9 31
-15 -6
18 -36
-8 14
-1 -22
17 16
-16 -18
-39 12
-2 -7
0 1
8 -5
-12 -9
23 6
-68 47
7 7
30 -33
63 20
8 -29
50 -40
26 -61
0 14
-22 -5
8 53
-49 -14
10 -23
-9 -10
50 48
-14 32
-43 -69
41 12
24 -43
35 71
-20 60
86 30
115 -14
-6 96
78 -35
-11 -39
4929 -90
-10 -13
4 42
-32 -4
139 21
48 -84
142 -58
25 -4
62 -10
61 125
-246 -21
-10 -27
61 43
88 36
-119 22
99 -99
-35 -78
8 -83
-141 81
76 -145
-23 43
153 108
32 -35
-10 164
-76 -38
-112 -39
280 37
-75 -38
66 -138
102 -64
25 13
-13 -94
72 51
-58 152
-122 37
159 97
55 248
12 -126
-56 -73
64 45
48 49
-56 -154
93 -154
-157 -312
-20 -120
64 -34
100 -77
200 88
-192 -113
-15 144
56 188
-98 5
-85 155
-1 -176
-74 14
153 -235
-157 37
21 145
-43 98
117 146
-93 -75
13 74
74 -16
-257 18
81 236
52 112
-132 -15
-167 121
52 162
-39 37
64 -31
27 -77
203 -2
86 -24
-178 -16
-9 64
-63 4
34 149
5 135
-64 -65
7 -39
16 94
-29 77
-10 -130
-79 -87
-82 71
-168 -82
145 -10
34 16
128 83
50 165
-89 -24
78 -189
-9 55
37 -58
75 54
-22 -87
-125 9
-41 -8
53 -18
0 14
-15 -35
85 -32
-131 106
-53 -1
46 -77
87 34
-14 -49
64 -72
0 -27
8 -97
62 5
-34 -23
-11 -38
46 6
-121 -81
3 -24
-22 -74
-17 -1
-8 -20
48 7
-29 0
59 48
-70 -29
-30 -19
63 -49
43 -24
19 45
-296 -2114
-91 110
-16 -20
-17 -58
-63 -66
-9 82
-10 58
123 67
8 118
-26 -120
186 150
7 26
18 -114
-97 -47
79 -41
93 -48
35 99
-57 25
135 -125
-120 53
114 115
-82 -92
-73 43
-44 -130
120 86
127 159
-107 31
192 -14
-148 69
-76 -66
-32 -35
16 266
-115 -99
-19 -272
184 -106
-137 -80
-81 -232
-109 205
38 80
-11 -15
-17 47
18 212
-95 91
170 414
22 107
49 84
-224 68
-213 31
253 169
-27 -252
-57 -294
216 23
-37 -301
-54 229
55 -157
-91 310
233 -180
42 -244
189 -169
-136 -101
157 145
60 -22
-73 157
426 63
-36 -282
-107 -129
74 19
261 -110
-162 -178
236 -149
-22 -29
-101 92
-309 100
-216 -49
351 -91
84 -33
-92 103
-59 -147
-25 -238
46 48
-101 102
-23 -329
201 -143
-91 270
113 289
173 -110
409 115
-201 -133
-94 33
-69 -239
-101 -417
91 86
-183 259
207 -165
187 297
-102 -143
251 38
260 -186
-93 74
152 -115
-124 105
91 -14
-53 -124
339 -184
-111 15
-108 107
-304 -128
-50 160
-145 130
-110 306
45 -242
148 71
-26 -258
191 16
-20 122
-56 -7
-126 -205
115 -99
143 190
-60 -91
33 61
-75 -176
89 -60
-329 -74
-237 -19
65 -265
-110 34
128 98
1637 494
-63 126
-47 -60
118 119
-200 128
-144 95
-225 34
-163 -13
-158 -60
-128 -28
218 -199
-1 -47
-85 1
63 8
-7 -53
-301 242
16 18
145 141
153 28
76 197
-132 -212
-178 -35
30 -10
186 -56
-22 -50
10 -200
-335 -150
-202 66
91 79
-62 172
-28 73
-82 -311
47 21
85 142
-94 231
-76 -82
52 -66
150 -112
55 0
-77 -3
-89 -110
62 -184
39 38
8 -164
52 -8
-250 -37
180 5
40 -169
-72 -82
4 222
-33 256
-194 -43
270 336
115 -216
141 280
-9 -191
-168 325
10 191
-291 161
161 -68
-43 -173
-148 -67
12 -284
-483 -128
-118 107
199 90
106 -117
-220 -124
104 122
-318 66
-39 -11
0 -11
320 -105
202 187
-355 26
-86 -35
228 -230
-182 182
140 336
-18 -207
280 -121
41 401
-280 276
200 -332
-79 -363
-252 201
-628 -59
293 246
110 -109
-78 417
281 344
-79 -80
337 -196
-192 116
-349 -392
5 160
-298 -4
-266 256
177 -102
-270 2
123 -170
-149 -96
-46 309
-468 347
391 240
211 -124
469 60
222 -133
494 -200
386 -659
24 471
-518 -55
288 519
-339 38
-95 -221
204 169
428 486
84 466
-275 -437
271 137
26 -262
312 447
-306 303
593 220
669 -56
-276 567
411 -184
-89 -369
