-2674 761 1859 -6663
262 -496 75 5833
2913 2928 -1946 9178
1968 -1945 -470 -2132
860 2890 -1940 3171
327 -1952 -3826 46
2629 -4578 6973 -808
-7712 -1562 -5810 4192
-2367 -6583 -4146 -160
1851 2843 5302 2536
1126 686 -7895 11641
2069 -2855 -1162 -501
4779 5562 -1035 1370
-1955 -3719 -796 -3357
-733 -2376 -2315 -1360
3296 -1655 -978 -9669
5709 -4068 -5354 131
4348 3223 1877 -5697
-3340 -5639 -8867 -3297
-53 3312 4581 -6257
-3857 -351 -856 4199
-1341 3583 8251 2490
-4018 9689 -2064 5927
2977 2797 934 -1805
836 7118 11072 -3977
-4450 4885 1980 -460
863 217 -3969 7319
-580 -587 3439 6585
-9316 3685 -76 -6388
7689 -9909 3783 274
1130 1672 -7758 -597
3267 -359 -4126 6212
-3252 -2009 3473 -9084
-1468 312 -4089 4660
-2156 -2295 4368 1266
5800 -1091 2116 2060
923 2060 -6087 -4681
-2248 -10400 9388 -625
1403 13240 3472 1617
-2649 -10237 3036 -1688
4681 -4940 2633 -4076
2508 -1957 1545 5076
6553 2928 6974 -731
-2508 -1499 780 5990
639 233 -4228 1488
1153 -7194 -758 2546
-3842 -3021 358 5291
7877 6186 1401 6397
2791 -4226 -3623 -790
-1598 3612 406 -425
-1450 3489 8420 -1337
-1374 3797 -1147 6550
3681 5732 -6064 -1056
1969 -4789 3871 4090
-2264 -2378 3736 -4202
-6353 -10297 5368 5060
-2982 -3501 3924 3786
-2361 11483 -1865 4494
5639 257 3731 -3102
4236 3842 4866 -809
3347 -4800 -4829 2516
773 875 1622 4190
-3464 -85 6755 2521
2223 -2542 -2204 1048
7059 105 472 -8337
-3850 683 -2700 -200
-785 4867 1161 -7725
3557 3191 -5277 4923
-2269 -4905 4436 2771
-9943 1190 346 5038
5053 317 -3485 -2226
858 -2661 11621 5292
3165 -8661 -1676 3786
59 -3379 -2201 4078
7114 -488 2861 8336
4690 413 3631 -1983
3088 -4749 -5187 -4295
-3639 -1213 -1420 -10183
5674 932 36 5202
-63 -9528 4237 4864
5534 396 2216 3812
-1588 3273 502 -8364
-3385 -3667 -1107 6755
-337 -269 4373 -1789
-338 1200 -4999 1075
-5786 2243 2251 -3313
8950 -3890 6462 5397
2340 6570 3803 -3759
-5724 3693 780 6501
7127 212 6318 -1320
-131 4729 835 -3656
10306 -2464 831 -1507
-6305 1057 782 4016
4515 982 -1510 -5295
-2534 -3061 2958 -1339
-915 2055 -6821 -2734
-11070 -3749 577 -5668
2215 1249 10917 -1944
9120 -7854 2658 -11544
-1888 -1388 -7644 -3725
-2208 -7120 3826 -5307
2704 -2605 -1221 5567
3101 3644 3899 -1751
5059 125 -2466 2707
3383 -6491 -5895 -554
9926 -80 -3688 -1318
1295 6663 -1940 263
-8851 -2161 2088 -3495
917 6979 874 -6755
-2312 -2800 -3565 -3890
835 -2998 -1874 6558
2438 -4292 -4260 -5146
-959 -9879 5702 4648
5916 825 -789 -2712
-2804 2806 -1867 2589
2186 -1374 -3951 -3379
-4538 -6812 -1082 -1161
-4480 -4049 -6514 3850
-4251 184 -3525 -1157
338 -2158 970 1769
3197 7743 -10441 8290
-482 -301 -620 6647
2929 4756 -2272 1522
-7240 1405 2823 -3604
1395 -5021 -3229 -3114
-3208 -655 -2928 -5324
2503 12600 1856 -2473
421 1235 2523 1237
-137 -1622 -2231 -6208
-1698 -2732 -177 -8713
1353 4778 3172 -903
3456 1731 -4433 3335
2581 -3095 131 -6003
-3650 7754 3946 526
4631 9568 3411 -7646
-2293 201 -998 -342
8521 -1527 -3899 577
-2305 2332 480 5397
-2487 -8448 -4993 -824
-4550 -4517 -4376 -2480
-3821 11045 4461 -1552
-863 -4766 -1367 774
6519 -248 715 2690
-5981 -18 9699 -950
1478 7005 12520 2543
-1440 -5127 4084 5969
3427 4139 3331 6897
-6236 -5451 2323 6013
114 1338 4656 -437
199 961 -1037 -3294
-2749 2290 1449 -2322
4403 -3397 159 2145
3055 -3537 -2048 3295
3505 6898 -965 8470
-4531 718 3633 2524
-9026 -2998 -6324 -2799
-5412 -334 1452 1220
-5087 -177 -1246 -687
-5692 4827 1929 2511
-2525 -6586 -2905 -3393
6379 1320 -4627 2954
251 -8262 615 -277
-5830 -941 3294 -4020
-9749 -140 -5739 2477
247 -1986 -3100 817
230 643 -1873 11256
711 -1335 463 2534
-1653 3596 8703 4912
-1561 -5736 1359 89
2440 1240 6128 -813
-4382 943 -6019 283
-6592 4 5493 -2621
445 2245 -1346 -1327
-3685 -2074 2814 -6560
5560 2974 476 4539
1242 4404 1334 -1764
7220 5006 4496 933
748 7217 -8533 -265
-3494 2712 -8022 -3406
-2692 4772 -11473 1712
8572 7682 4334 -8333
3068 -8845 -8599 3359
-5970 7964 -7377 -450
12699 6834 2929 3159
2622 -2930 1452 -4619
3630 2870 -231 -3174
-6776 -1589 3504 -5034
1077 -52 11581 2929
3790 4788 -2007 -1032
-5358 -5421 -3728 3455
2729 1512 2834 478
-3445 6571 -10573 -2465
4152 4429 5326 1487
-217 4274 -1409 -6607
991 2013 5226 -3217
-5033 -5112 -4973 1017
4451 -633 1987 1830
-4219 -3632 -2638 2281
3504 -11369 2835 1577
675 -4629 297 4369
5435 2898 -4295 -2967
6253 -5013 4403 1005
1140 -707 -3853 -2152
-3228 3077 -4755 -2950
-2985 -1970 1508 619
7018 3256 -5294 3393
-4873 269 -318 -173
-1822 1789 4410 3726
508 5141 -4065 1831
-1718 3628 -4702 -640
-7002 518 -3970 764
4624 -5472 -64 3239
968 -1844 2042 -6298
300 -7039 2713 -4041
-8700 -2917 506 -3868
-4999 -1030 -3127 -10
-5742 1202 -2234 -2654
-276 -6499 2564 5585
5683 4395 -1530 126
-4059 -2545 -117 1111
391 -1075 -1315 -6044
2240 4704 1719 -7175
-934 -1413 143 -1253
-3454 8556 -5775 -3318
710 -1370 2059 4179
-3702 -2055 1526 792
500 3135 1281 1341
4491 -2910 -5636 -3575
1122 4445 -449 5344
2706 -2577 506 5883
-2537 561 2149 10
-4020 2694 1327 -1745
-1072 3073 -737 -2038
-9373 -1275 -1241 -978
8 -3147 1948 830
2110 9525 2803 -3425
-726 4724 -2692 -610
4438 477 9434 3776
8857 -1396 -2818 -2090
-1977 -277 1767 527
-1683 445 5212 1341
-3276 -5569 5257 -3240
-3158 561 -169 424
178 -979 792 -3047
6144 -729 -8549 -2964
6376 2748 325 -5091
1251 10548 2558 -549
-127 -3632 -2228 -4398
362 -629 -112 3226
-5977 3426 -5727 992
-244 -2963 1849 -4010
-623 -37 -1808 -86
3647 -3558 -1845 11108
-989 -3691 -2441 -3624
7934 -659 -2066 -9543
2351 -2406 -4847 -3153
