823 60
32 34
-38 -107
-2 15
-30 -81
13 -23
83 -82
-6 28
-4 -64
5 18
21 19
3 -39
-3 -67
-45 -11
-15 4
38 -33
-1 -5
-22 24
36 -27
-1 -17
-8 -3
-43 -42
43 -30
-25 50
19 -10
8 3
-9 57
-20 44
23 -38
-19 -28
69 -3
-61 10
-13 -5
30 30
7 9
-35 31
25 -47
11 -35
37 -13
-50 11
-16 -27
23 -18
90 10
18 29
14 6
64 13
3 -37
29 52
-8 23
-17 9
16 -11
1 2
14 20
-10 -22
46 -11
-7 -12
26 0
23 -23
-44 -16
1 -4
-8 -29
-24 -1
19 25
-32 25
-30 -7
8 -6
-11 3
2 -6
2 -26
-10 14
-3 -8
11 -9
-1 -3
1 5
1 -3
3 1
1 -1
1 0
0 -1
2 2
0 -2
-4 2
4 6
7 7
-8 4
20 -6
6 -7
-4 12
9 -3
20 10
13 -40
11 7
-22 -10
17 -16
5 -5
40 -22
15 23
-9 6
9 18
31 -16
-16 17
37 17
-13 5
56 -75
-12 65
24 16
15 -59
-29 68
17 -59
63 -42
18 22
-17 0
-24 -24
-40 -53
-69 -93
-29 2
-65 -16
-11 -23
66 14
42 38
-58 -8
-59 26
-82 -96
-149 -79
-23 -53
-28 49
9 12
-13 -3
-780 -41
28 -2
-91 108
16 -169
-49 19
-41 79
-124 156
104 -103
-12 101
8 -67
-41 -4
8 67
42 183
49 32
-36 -19
-160 100
28 75
61 -76
-104 68
-18 64
12 0
90 119
-98 34
-8 -138
-63 42
-15 88
1 -133
14 -162
-23 25
65 43
-208 -45
208 -69
59 11
-94 -12
-48 -3
98 -74
-45 118
-19 58
-73 22
129 -64
57 73
-46 9
-305 -17
-121 -109
-41 -14
-296 -9
-61 150
-112 -215
58 -81
68 -18
-63 48
18 -25
-73 -97
84 109
-246 48
34 61
-144 -1
-128 120
223 99
37 47
36 145
125 13
-122 -163
210 -176
252 69
-55 59
92 -30
5 59
-7 255
116 -161
33 105
-165 135
24 64
-27 -88
-24 76
-92 -46
-67 47
-143 -55
-50 -110
107 97
-2 -61
-89 47
75 93
91 97
-93 54
193 -59
57 -63
-24 75
65 -20
97 70
52 -184
30 47
-71 -65
76 -66
34 -10
136 -83
79 33
-44 2
19 55
67 -11
-48 40
48 -45
-82 14
86 -174
-45 124
58 24
0 -109
-15 180
-23 -113
42 -57
18 45
-98 24
-41 24
-66 41
27 -149
65 51
-55 11
-42 16
-1 -11
90 -17
-57 18
21 24
-50 -58
-40 -41
33 35
-27 36
-5 73
-3 -85
595 345
16 30
209 -69
72 -188
188 51
17 3
67 -60
-193 62
33 21
-34 87
-65 57
-50 37
-74 -88
96 -29
133 -4
225 -91
-33 -166
-120 58
87 -36
11 -65
-19 14
-29 -112
22 59
125 66
119 -58
-9 -213
19 98
99 190
-69 106
-65 16
138 121
-206 184
-64 -11
59 -155
80 -34
-25 90
-22 -25
-53 73
-47 20
8 85
-55 -37
-3 152
342 12
245 159
13 34
485 -161
156 -256
85 246
-50 39
-21 -17
51 -47
-97 78
129 180
-209 -178
371 -77
-31 -71
276 14
209 -131
-254 -218
-248 -142
16 -75
-55 -47
147 236
-243 207
-519 -217
38 -142
-120 88
-151 -125
-53 -326
-251 288
-7 -195
321 -210
-92 -237
38 -77
82 -154
47 9
191 7
177 17
37 99
-106 -368
33 265
152 -81
-112 -274
-186 -94
145 -61
-294 56
-40 50
80 -281
-83 29
-341 -43
-233 562
-179 5
306 -14
-110 138
15 15
-299 171
-12 -258
-6 -92
-66 -58
-213 188
105 -147
-215 -268
-44 -36
-357 323
42 -309
-141 -50
-57 218
166 -144
-107 296
-317 173
-134 -45
-38 17
14 61
112 218
236 341
204 19
243 98
-29 73
-226 -84
-52 -113
118 -69
202 -35
140 240
412 257
49 197
-88 -158
34 6
3 -79
178 192
-140 -27
-206 -135
-65 425
-127 -94
54 -202
91 -200
-139 176
-73 -176
-10 53
202 -85
75 -192
-18 -253
-153 27
-35 88
-59 11
-64 70
99 75
69 -82
118 -12
40 -21
-22 -36
123 -167
-104 164
-121 -44
76 31
60 70
-189 39
137 -194
-12 -60
216 -92
-56 -243
-119 5
113 273
-1 73
-178 -65
64 -147
200 -188
138 -44
-255 58
-12 2
8 -254
-152 -49
-127 -172
45 -133
-310 397
-70 289
108 22
-272 118
-214 -3
41 -14
181 -116
-91 -211
196 162
-125 162
-66 -8
-358 -33
-203 -17
155 352
348 79
-119 -104
-56 74
-61 -129
232 29
435 400
-5 107
87 -112
185 55
38 95
274 -257
4 327
-283 32
244 164
118 241
-140 1
177 83
-219 -121
-108 79
-20 -104
-10 564
-84 -162
-224 60
119 444
233 -13
25 -28
328 -87
-131 -199
0 483
67 -39
484 6
204 -852
412 14
-494 47
129 -38
-144 -285
300 36
-104 509
15 165
141 180
318 -260
33 8
554 511
232 -74
425 -267
94 367
22 185
204 -275
-272 117
339 -88
445 -206
30 14
152 -63
-84 -390
-115 -592
-649 -135
-330 -266
-315 -123
-78 -229
359 92
48 333
-206 -160
-431 132
-240 -370
-669 -259
-244 -421
-62 39
125 -12
-141 196
