3298 -1420 2522 -6767
3703 3089 2392 -905
-6837 4205 -1636 -1882
4534 1646 7124 400
2764 457 -5206 668
68 -1916 -4714 -2295
-3556 10032 1196 -157
-310 3916 681 6087
-12630 3826 4894 3334
-4171 -2705 -7807 1543
-2981 2260 -3072 2382
-6006 5377 114 3871
7006 7929 -4457 -3562
3149 -5933 -2994 938
-3382 -5853 -184 3715
2251 -405 -943 -9684
586 -3681 4425 -3652
-2945 1067 -4647 4860
-5185 -2338 -817 -7371
-2048 -2432 3220 8422
-3976 1406 2568 -253
8200 -864 -3085 -4201
-3849 -1169 -5159 -1347
-1418 -2715 -884 -9848
4173 894 6394 -2214
10407 -5648 2128 -4513
5240 315 -4148 4291
-181 -7241 1683 2938
-1400 -6625 6266 -582
4322 2454 -1692 -3192
-4571 -2202 -1171 12303
4244 5796 -5273 -4557
1433 8572 -31 -2147
-3341 -593 3760 6731
-2677 -4206 3888 2677
-798 -1649 2131 2132
-5506 -3149 -4648 1949
-640 771 3078 9041
840 -798 1788 -2284
-7346 3861 148 -428
-2873 -1310 6188 78
-282 5445 3520 -919
-6172 -170 5868 7427
936 4061 4943 -3226
-4908 -2050 -4312 -122
-7095 -2824 5502 629
-110 -1425 -1858 -2679
1446 -3404 4907 -4592
266 -2370 1619 826
-1383 1715 -644 -766
6999 1430 -2100 -810
-5405 -3946 -218 2826
9385 3720 4458 -3427
4475 2733 -2965 -1356
3405 -1763 -4635 -1748
-2945 -6882 964 3830
-689 -4781 185 2448
-5322 -1070 -1089 1480
-2280 -3679 2106 -2537
-5039 -624 -607 -829
-6502 -160 -2520 -3611
-806 -3303 -188 -1634
-1210 743 -5421 534
-2104 5220 -5623 4386
-569 6596 2387 1709
938 4746 -3365 -483
-4421 -2966 474 8387
-10406 2609 -1666 598
-4620 93 2624 230
1117 -2827 3594 5994
-3309 -672 -2585 1612
4167 2510 4835 2550
-1162 -405 -2166 3191
-1395 -1570 -3235 -4079
4613 2859 -1724 -530
-2035 -2138 3509 -3284
7778 618 882 5703
-3793 3825 -2122 3780
2966 -3401 3046 -2674
-2770 -5524 5337 -203
2271 2348 -1824 -583
1270 -2632 -2242 -2818
2588 -1045 957 -5671
1310 3433 2618 1355
-4318 536 4874 -1694
1233 3241 787 -1618
498 -279 -3098 1807
674 5862 2447 460
7678 -4544 -4015 6557
10293 -3899 702 -4474
-2021 5953 5831 1826
3082 7381 3869 -737
-2486 547 -1659 -402
4189 3755 1563 85
8767 6381 3503 -1825
7100 2291 -150 -354
-4220 7380 1197 -4506
-3578 -3396 4036 -3919
-1396 8013 -1739 2915
-464 -369 2111 2546
-2949 -6579 5658 -133
3365 -4231 -892 5657
1938 2507 6665 -941
1453 -5600 -3999 1708
-14957 6138 -492 -4575
2317 -983 6081 -4371
-3547 -597 1058 6788
-358 529 945 1057
-1584 1079 9825 2259
-1837 -114 10178 4779
-4497 -1432 -645 -2209
8714 3104 2619 -8173
9034 2364 -1688 5843
-214 5791 -1313 -983
3166 -2201 8429 1119
-689 1201 -6625 -3599
-5815 981 305 818
-4839 1110 950 -751
-7406 -5113 -7842 -2447
-4923 1290 -5936 -1436
-5433 5694 1780 -9996
-4215 3186 -394 -2570
243 -1961 5071 2855
3520 133 -7473 1744
3031 -2413 2236 -1748
2488 -6035 1720 3086
-10226 9303 1976 -7314
-2615 991 -4350 -816
-1751 -5082 5342 -3575
-3990 -6672 77 -2432
1123 -1991 4728 -766
1863 1333 -7247 -320
-4569 -6510 -2801 1827
4526 -2726 -4131 2805
-986 -67 -6738 3107
-2071 -7089 -3801 992
949 5133 -3378 5425
2790 4665 6156 1502
4612 -5762 3872 -4779
2020 307 1493 5579
-1155 -864 11769 2688
-5672 -1763 3119 -6833
3963 86 2530 3353
814 -1624 -4191 -372
4912 7629 -1422 -4599
-898 -4688 -5232 -6
5471 3699 1148 -1079
3257 -5864 2851 883
3191 341 1798 -248
-5793 -1519 10740 -6342
-5165 -4209 -1441 -4575
-7218 -1048 4980 90
7933 -6450 -5086 1945
3398 -2377 -2708 -4016
621 801 511 -2033
-7967 -1136 2087 717
1470 5090 3561 -1656
4033 6575 -6057 5505
-4354 -2237 3620 7938
-2017 1693 -2684 -2984
-5789 -1446 -431 4183
6160 -2119 785 891
1771 -302 -3100 2954
-3732 -4049 3002 -3585
4083 6936 -3452 302
-893 1450 5820 744
3079 9621 2279 2478
-83 -295 9590 4647
-4322 -3220 -2979 -347
-701 8406 125 -4939
5938 21 -1983 1522
-394 -6410 -3938 3803
-6440 1470 3955 4528
-6486 -4349 -3650 -3574
4773 -7778 3886 1912
2793 -1282 6240 2248
1167 -767 2398 -157
855 2915 -3891 9403
-7894 -97 -416 -1176
-81 -1357 -2354 1730
2125 -6661 5577 -2536
-1072 -344 -55 -2015
-1476 2361 -4658 -3586
3664 3298 -5329 -9214
-779 -1760 -1342 4269
1060 4588 1060 1335
-3514 -1978 1976 8415
-5152 -746 -5010 42
2412 -7465 -1678 6230
-486 -1561 -1561 -3522
-7466 5290 5593 -7049
-1245 -7770 -761 -2515
2535 -6483 987 6822
4783 9246 368 -4184
-1306 -1300 3843 1605
5140 -2342 7008 -2076
1669 1447 -3663 -1194
436 -3858 6713 960
-1774 2421 8510 4614
1910 -6136 124 2854
4749 5244 -5533 3603
4183 -2250 -5037 -769
3932 -3220 -7892 2860
4946 279 1184 6130
-4087 -473 -1183 -98
-58 4647 -5213 2084
4924 -6781 -5941 1284
-1572 -9906 -390 -2401
-3341 2693 3875 684
2412 1253 -4778 1065
-1761 -4574 3974 568
-1041 4930 3239 2031
2796 2251 -845 -2283
2340 -1564 -1361 1842
-928 -7211 -7276 -4149
56 1616 2623 -1053
-382 1804 -714 -2727
-41 -2481 -2313 5451
-1163 -33 337 -1953
4922 -607 3779 -1266
1715 -267 -1034 -734
-2111 -4705 1482 -3710
980 4811 -4988 -156
-2988 -862 6183 5543
5686 -401 -3185 2379
1883 535 -3499 -3372
1635 -1826 4281 4168
-3021 3398 -2130 1480
4327 -4258 -6677 4704
2847 2619 -2364 -4612
6794 373 189 -1090
980 -2900 6292 800
-1639 1987 -3130 -6557
-7337 -5176 -3504 2770
971 3691 1846 56
-8507 -2439 2760 -4510
8023 5420 3903 -3205
-1952 -3231 -6876 -2508
-7749 1188 6677 -739
5622 -462 -4094 -5435
503 3694 857 870
-7673 -5890 1752 -6515
3030 -2411 -5866 10101
-4809 -5363 914 -3262
2448 7706 -497 -4193
-3004 -3362 3381 -1923
-4027 3685 2051 3310
-1509 2555 -4706 -898
5621 -945 -2089 -3971
-5975 -3799 -2798 -3713
-5588 7973 6850 339
-414 -969 1584 6883
5513 1349 -1340 583
2235 4372 -3032 81
3553 -559 -7416 1230
2850 11138 -1668 901
