-1720 2055 -1999 -4298
-4472 -7305 -3301 1374
-2551 -1392 3053 2478
-1486 -5452 -3392 5294
226 4592 -2689 -7185
-2682 -2782 104 4160
-5991 -8077 3508 1600
-10082 1798 701 -4891
-709 4893 3383 -5972
-906 2130 -2958 -1236
-1452 -9431 3457 384
-291 4213 5544 -4598
-6833 -5252 -5683 2695
-851 1455 247 -2633
-5970 -1679 -1215 2163
-4507 954 4528 1041
-3620 -2475 1125 3041
-541 662 -2261 -2741
-1716 -925 -4712 1849
-589 -202 -1553 1758
296 -3752 -3456 1371
463 10839 5184 1748
1141 -1426 -231 -2907
-4277 4132 4570 2626
-3582 -1327 -1054 -1878
693 5073 -2849 8645
9743 4212 -1122 6196
2272 -3022 6405 -10242
1195 -2612 6564 -4213
4125 2633 801 -3665
803 2101 -847 3965
4985 2673 9 -4851
-4453 3747 -5009 -1079
-1481 -1122 -4625 949
-1377 3171 -3958 -556
-1067 685 -4087 -6239
-1464 2832 -4233 -599
1843 5396 -1075 1886
2451 150 -1381 3340
-497 -1607 -1177 3167
-3942 4294 -7885 637
2595 2487 4097 3631
-972 -2426 -5095 -804
-315 -2220 3302 1678
-1788 6095 -3012 3331
5084 3493 1189 10104
-4193 1324 3706 1224
-1420 -1356 -8732 -1066
6453 -2231 -97 -3992
-979 4805 -4803 696
2272 4552 -2364 -1498
3344 -6279 3275 1778
-3847 4492 -3381 6651
-1392 -3993 8881 -813
-65 -4406 -4354 3520
6258 6863 -1990 -540
-5208 -665 2334 6253
-3385 -1701 -7572 2675
435 -2933 3424 -6353
4461 -5256 -5033 -2872
-1229 -4710 -3241 58
4379 -476 -2614 -6448
-967 6757 -4502 -98
4963 -1391 181 -5329
3999 2247 5364 -420
2433 1558 -1456 6063
1044 -3151 4895 6119
-6848 2594 -2325 4435
57 -8003 -969 1121
-3512 -1530 3927 3879
-4516 -447 -3443 -2188
11930 -1321 -2523 1014
-442 1080 5576 3590
-1563 -3455 5149 1526
753 -2933 8980 2980
1209 -2955 -157 5354
275 1120 -6401 -1989
835 6319 2799 3331
275 -334 -2406 1480
-592 -4213 4135 7289
-4602 7166 1955 4071
-211 3941 -6810 7520
2345 3759 1436 2163
6458 -2111 -726 -4084
5019 -11807 -893 -893
-4055 441 -10 -1695
9939 836 818 2758
-1685 1350 5152 3176
4143 693 330 -6237
1972 -5941 1716 2305
773 1040 -4930 -5430
1006 -1027 -2765 -389
-1132 1632 -3646 3850
1948 3791 1743 -1412
1608 -3225 -2906 -140
607 -2499 -3206 1709
5186 -5873 2775 -3703
6530 6313 -8481 -2694
7342 3057 -3040 3459
8557 2775 1888 2496
-1067 1558 5725 -1504
-6446 -470 3222 1938
-2156 3101 -7512 6885
2549 -2046 8020 -2795
-7 3274 -3952 2830
3013 -3326 523 599
2939 -2789 -524 856
51 7539 4064 -1018
-1832 1068 -2405 -2287
-2899 -277 6077 1225
8308 5043 -3438 -1191
-2651 1511 -5168 -2236
2243 -1153 2763 -4676
-2816 -613 1360 -3968
4736 -4595 493 2076
-4127 -6846 3908 -6369
3338 -8568 -5699 378
2010 6043 -1871 -2057
461 -11780 1105 3293
-748 -4234 -3269 282
-280 -1806 -560 4537
551 -2746 -7100 397
499 -10 8554 -49
-2564 -5925 1825 -2204
1302 581 1898 -2648
929 5460 3510 4189
-2539 -906 -8757 -2551
-6070 -7555 -2812 -1139
1611 -1022 2034 7568
-2509 -2720 3632 3191
-150 -2195 4693 -1712
246 -525 3060 1580
2756 1700 -3049 917
1894 2667 -761 -986
-2068 1921 3076 -3373
-1763 1713 5491 6374
4566 -4302 1019 -4337
4029 -5146 -2640 7606
-3300 -5040 -3519 4021
-521 -4336 -94 3304
4258 783 -2964 -1721
3142 5893 6226 -2343
5450 1378 258 -4007
-7616 -365 -1435 -5467
1974 -2371 2672 3233
1025 245 4360 1538
1003 -2501 -2157 3109
-583 -5822 13482 585
2845 3913 -8275 4296
384 -6705 -6874 1
-4177 4643 329 2185
72 787 3449 2405
2808 -4283 -2353 -2898
-5169 5038 9015 2321
2285 -655 2447 -242
-2216 -5510 -4306 2433
7 1395 5938 9553
-166 -5167 6415 1560
479 -3238 -4211 1424
-738 -1668 -1014 -1709
-3349 3933 -1100 698
-10945 4432 1026 -7720
-1570 -3588 -3845 2408
907 5196 -4068 5137
5802 -1195 -400 3367
-3903 3788 4352 -2775
-4246 -7431 8319 -7697
147 -4286 8866 1277
2452 -4438 -7166 -2155
1887 6206 562 2208
-971 -1564 2541 -8580
-949 -2009 -3269 2442
5558 2715 2322 -435
8751 -1545 2698 1478
4384 -1483 -4471 2486
5943 -644 -2875 6275
5923 -4276 939 -320
-7475 4942 1662 2841
-4971 -3818 -8101 -4943
5821 4677 4903 -5676
-1606 59 -2950 -577
-1746 -3806 845 -4476
1375 6075 551 3190
-2252 -4350 3920 -656
-2811 373 -2067 -3506
-6159 -2213 2704 -1353
-6294 6600 5072 -3334
-775 5471 1544 -6341
3204 441 2486 -4536
-700 -2072 -2955 -783
-3619 -1373 -983 -719
-8033 8940 1810 599
7350 -296 8745 4107
3079 840 -2077 1116
2414 -8241 -5470 -835
-3790 4512 -10796 1421
3884 -3694 -642 450
1032 12138 -483 7243
2573 4558 -4662 -842
6587 -642 -4684 -2365
4202 -3851 4474 -1931
-3789 885 -2141 -891
-1841 135 4641 1714
1164 -3445 78 1185
-1892 -4257 -987 -3451
-2038 -11250 7312 -648
5907 562 548 -6531
2712 -1387 4063 -3775
2165 -2298 -2593 -87
-6870 2192 -7009 -6677
-3273 2197 1604 655
-2503 -5513 891 117
702 6284 -2738 -5900
-10735 1220 -1454 -3420
5019 -1858 -593 11811
761 1241 1081 6310
2222 7165 -242 4663
4679 -2541 -4074 -7979
1011 503 1846 -2187
3109 -6257 -830 -2225
5853 1285 660 -4511
-1793 1676 -85 2988
-5230 -3112 8 1012
1760 26 4691 2154
-3895 3614 -5425 -3206
1841 2597 -6537 4140
-2938 528 -2037 -9704
2156 -4327 -2646 3522
2789 833 -324 -483
6363 386 1557 -1165
7841 -1131 -4194 -1188
3197 5527 -1037 -6139
-5483 -4958 3313 -2854
-1845 1011 3404 -2322
-1452 -443 6462 -2317
-2195 1465 2697 342
3629 495 1950 2111
-904 -6130 -3443 -6238
-3077 -3851 3430 -2295
4937 -1770 -6641 -3608
-2248 5385 176 -1845
-2648 7888 1449 -3647
-851 -6592 52 -2915
-5260 -2712 -1143 1014
-4618 138 3284 -1775
6816 286 4982 5855
1951 3437 -5887 -3667
-192 2382 6372 -5888
8444 312 3255 3763
4691 2059 666 5349
-833 -1009 -764 946
-3300 -3575 6475 3329
2134 -4912 5578 1983
-1524 4174 -6080 133
131 5644 -7847 -5272
5605 -3554 5777 707
