272 483 1166 -630
-2402 -3366 -8728 859
-7199 5054 -4335 -2055
9951 1626 4099 -7555
-7413 5552 1885 3776
-4903 3225 559 4371
-11262 675 -4095 -4603
-557 -2227 -3306 -10452
2880 815 1186 2437
1717 1477 -8579 -4314
1028 2893 3099 1933
5357 -496 -2781 -2838
3147 -538 2159 3405
446 2614 -237 -3942
-1887 -3416 7329 -993
889 154 -5554 5284
1559 -6043 -5710 -2994
-10510 2492 1493 -4650
-2611 4461 8486 7741
1115 3001 -990 -5593
6588 -7272 -1844 2052
7684 922 -3924 -3166
-1530 -1411 2594 3711
-9984 8179 2065 -1264
-5061 -8520 -7731 -6401
1454 2989 2438 2528
-2346 1351 426 4143
-3918 8626 962 5382
-191 -7352 -1906 -1567
-1217 7959 6054 3749
3940 -7193 -1889 -2455
5101 544 -3361 -200
3311 -1470 -5856 -6945
-537 7553 -7311 2637
49 8381 -6347 3877
-1868 1774 -950 5157
1601 -3480 -2031 -1289
4371 -3227 1258 2823
2325 5910 -1093 213
4463 -1581 1723 -4449
-2412 -3749 -5844 6080
469 -2874 2017 2554
-305 7770 -1874 3533
-6942 -4413 6058 827
-1547 -3201 -2365 1750
-2288 3046 1119 2160
-5542 -6244 -90 -176
4305 -4675 4667 -2195
747 -379 -7543 678
-999 -2071 130 -8772
2283 -227 2397 344
4449 -7528 -1947 -2008
667 -1421 -29 -1834
-476 5737 11336 -2370
1485 89 8729 1773
2502 -2772 -459 -975
2061 2591 -867 4384
-255 -2745 6849 4247
5951 -5703 1791 -4013
2352 -1838 5206 -3005
-6763 430 -4033 4991
-7901 -1817 3346 1196
1594 407 -1027 -5556
7915 5772 -755 1270
1935 -2973 7206 792
4592 332 -5864 6568
6863 -104 -2792 -541
-157 4839 -6579 2346
2085 -2524 -10320 2759
-5072 -1750 3688 -987
5120 -1482 -1685 4220
1914 712 -94 4628
9987 295 1916 728
4560 -3812 5420 -2118
-1531 -209 4556 973
-6239 4638 4950 6644
-4845 -3640 4480 2213
-10507 -1288 -33 9562
-1970 2851 1509 1850
-3310 -8936 -2335 916
678 270 129 4327
-530 -287 218 -2034
-2043 294 -2689 -9058
461 -2777 -909 2079
1414 876 -564 209
5111 -3671 2036 -7425
3646 1366 864 -193
-6487 -2045 464 -2513
-2774 -2283 -8145 -9102
526 2275 3741 679
-4303 912 -865 3950
4957 -1318 -2933 -2694
5580 -3896 -5105 -7397
7521 -1461 -3424 -3485
-435 1303 -3381 1701
-5821 -8743 2325 -5192
6587 -2463 2886 7193
3263 -1974 -6469 -1916
-998 2342 -8997 -883
2157 -734 -182 -4545
4611 3418 -986 3638
-2494 -3830 -69 -4137
5135 -6153 -3324 -1172
2250 2465 2016 8900
395 -1427 -3461 6667
-2181 186 -2088 9147
-3463 409 -1970 3750
-3538 -2158 3410 1691
4307 1110 -7134 5175
1497 2209 -6085 4087
2389 -1478 -6102 -3150
611 4316 173 7262
-4590 -3474 2898 12560
-4693 2255 2672 -1036
1043 -4954 297 -9686
-8448 2410 2270 -2337
3161 -1494 1316 3744
3280 -20 -4370 -5968
-5580 2275 -3388 6034
-1139 -1087 5889 -3633
2020 2325 3225 3107
10005 -1833 1486 -2162
1555 -9636 -107 496
-2920 1478 -1835 4944
5835 5021 -2057 -6805
-1088 -1774 -1201 4312
-2964 -2096 -5594 -5085
2878 -7557 -5101 -6919
-10397 3045 -619 -125
-2579 -3338 3646 -7957
852 2185 2841 10790
-6747 3215 -1540 702
-5234 11641 -4649 -550
-1227 1105 683 -5922
-971 -1724 3034 -5165
-6997 3710 5386 977
3286 -693 -1462 793
-2482 -1436 4302 -214
-1551 4438 1262 210
6671 2855 -1057 -2985
-1143 -6818 1150 2482
-4291 2889 -2267 -859
4387 -2476 -1656 -722
-4076 -3179 7027 -1450
4760 4032 -6920 538
-6416 -5925 7325 -1983
-5659 -3650 -3656 -4494
5573 1434 -2968 -7099
272 -3288 -2846 -8177
-2046 -1622 2562 -3642
-1548 -2790 607 -2333
7149 -4623 -1602 -940
-7173 -3670 -1733 -91
3480 1529 5352 -7199
-384 6366 -1830 4139
1391 1599 -6345 -2491
-1070 -3636 1552 5146
2075 370 -3314 -4322
1011 3118 -74 -45
-2277 996 6300 6458
-9091 1279 -189 4268
-1757 4190 2483 3868
1812 2736 7241 -1278
-2011 2275 2815 5989
6145 3223 2762 87
418 7201 -5351 2707
1352 -6628 2980 -2220
2185 -2315 -6699 3947
3959 2593 1812 4744
-5153 7316 -1173 -5079
10868 10145 11372 -1331
6612 -3719 5793 6369
-2103 1645 4574 -6854
-965 -1194 1328 586
-5958 -2897 965 -6594
5726 -181 3292 -2785
6168 7192 902 3061
-1631 -7563 -11483 -5867
327 -2668 -1625 -1259
1756 -2564 87 -80
3397 2498 -1929 1873
-1176 -5119 -4461 -4191
-5697 -3416 3181 641
-1389 215 1514 705
5350 -3151 -1502 3914
5229 -3831 -2166 -1499
-2372 -1560 -3663 5046
10875 2545 -7335 931
2557 4772 2061 4933
-8584 2067 -1047 -2505
-4817 -10453 -1197 -1601
241 -1525 -314 10145
-293 -3796 -8959 5195
2093 -7612 -1183 34
-5689 6656 8984 -1149
242 1095 5249 -1970
2431 10156 -6304 2922
6445 2554 963 8409
-4112 1953 -1900 -4516
-7645 -3132 -3269 -2699
2562 -4377 5174 298
1124 -4197 2428 370
-2630 1257 -4254 -1950
5894 -2437 -1199 3288
-1160 -8066 -2904 12274
4005 6457 1201 -1087
-3577 2463 2436 -3495
-411 3418 7892 -6927
5237 475 -3347 3498
-4405 7552 1943 522
-4919 -208 6783 -36
3225 1681 -4677 3319
2100 661 1385 8669
-1809 4175 8801 -1948
-1572 -22 2156 6318
-955 -3653 -7842 14763
597 5503 2131 5578
-730 -773 865 6403
1671 -7630 5537 -2406
-3507 -4812 -4861 66
2361 -5419 -3540 -960
-295 -3423 717 -602
9087 -1080 6703 -1361
-5640 -3159 -3843 1096
-221 9597 2989 -4105
-3550 -5684 -4505 -10847
-739 -3441 -3461 -3129
-8390 -224 2282 8891
-5385 4693 -2179 -5413
1052 3421 -475 -3684
-974 2866 3782 -1898
-5900 -937 1487 -4843
1037 5538 1427 -2661
1684 2671 991 -3875
8866 1373 8066 3451
-1757 129 -3391 -771
-4131 2732 -980 4023
2376 6924 -4298 1945
12451 5887 -614 709
1073 1955 -2182 -1183
-7290 -9071 5736 2535
2367 -6104 -1686 -2404
-1230 5265 2356 -158
6806 127 1306 -8005
1232 -3605 1219 6500
13820 678 -2484 -2317
2450 1147 504 2392
2317 391 -5721 3798
4601 6818 -2582 5094
4607 5024 -1309 7264
-1202 -1131 3095 -3307
-1511 -10719 -6275 1886
1856 -435 -1440 4839
-3029 3343 -5975 2303
4732 -2713 -6541 -3846
5813 705 4093 -1463
