2487 -646 1067 1322
-6743 -3831 -1614 203
1846 -2217 1924 619
-5947 105 2785 -2658
4711 -1133 -3725 5117
6743 2872 -2184 3333
3291 -2750 -4926 -6241
753 -9642 1168 -5396
3703 1244 -2755 -1395
-120 -3717 -3041 6930
3121 7504 -683 -2335
8647 -5662 -1950 3207
-4451 -5160 -4509 -1168
-3193 7024 5583 1003
-4420 1051 3284 1500
-1035 -282 10791 -66
-74 8394 518 -4744
2512 1417 -507 -5719
1622 2074 -5786 1780
10112 775 4144 1836
541 7281 9134 625
6537 -3288 -8370 2590
-4161 349 899 -398
1526 933 -7315 5357
-6123 4042 -2750 -4957
6131 -4431 3220 3703
-4147 -3452 -1116 1687
6772 6493 4623 -1218
-3433 -4493 3396 111
-227 -5350 -2476 -5136
-4069 -6460 -3493 -793
-5196 1891 -4077 966
6633 -1571 377 1749
12014 3723 465 552
-2386 1587 2989 7140
-2818 -4372 449 -3775
-4858 2643 -2400 -877
-1558 9366 551 3156
-4955 -2111 3772 -2710
4882 206 -3935 1674
1376 8042 -5250 -538
-4153 8727 -2663 2615
3151 84 2256 -3553
144 3000 -3627 395
-5913 -4505 -1105 -2797
2352 2742 2265 -4601
7134 -2917 2244 -1276
-1570 424 -11355 5102
-1929 74 3067 -2749
4884 -3279 4142 7912
988 653 11034 4215
-9459 -3886 -1382 -1450
-4952 -3394 2431 4824
-1367 2282 -3893 14289
-8265 1056 -5851 -1604
-1144 3207 -1243 -4507
3736 -5884 -7947 -1260
-986 2214 1451 -2863
-4483 2545 980 -4498
1122 4720 5427 -2833
-1090 -3981 -4019 2296
-5338 -1534 1407 -4364
6843 1410 -6709 -2741
1411 837 1205 2774
-3366 271 2269 478
-1894 -5730 2700 15691
-327 -4353 -2316 7038
672 -4856 2056 3649
-3046 5159 -372 -1190
6388 -9604 -1899 2365
-336 465 4263 7639
-516 -715 2387 2080
3916 1082 2111 -1524
-2093 1993 -4046 -92
124 -3004 6298 -3571
1429 -792 -1636 -1572
-4080 5049 782 -288
-10424 -2099 7368 6561
5145 6781 12 3639
-2939 2226 -1000 -2705
494 8055 3866 4406
8348 -445 -6482 65
956 -2 -8395 -412
2954 -240 1386 -2189
-1913 2722 236 -5380
3081 -2463 -1327 -641
3396 9797 -4190 2257
1553 2015 -6741 -2180
-534 -1358 475 6464
6977 6487 395 5110
1650 -1371 3297 -3078
-1432 1725 2548 -862
1164 1359 -5317 -2754
-6179 -6162 -2717 3621
2261 362 -5984 -1171
-4228 -3833 691 -311
-342 5581 -3144 -807
1786 -7352 2054 -243
3400 -5060 308 -8659
-167 3251 -4925 -1406
3321 -2084 -5601 708
-8042 361 3274 1299
58 5335 -4676 3794
4208 1987 -3482 -1428
6176 -348 -3829 4242
-1060 -5102 91 3408
-316 1762 4614 2729
-522 3760 1754 -3478
2002 -7185 329 6124
-2266 5341 -860 726
1660 9896 -767 -627
2714 7431 370 -1701
-779 708 -1941 3032
-6485 -1345 1806 -1628
11789 -4861 1823 -8669
-4243 8044 3834 -2135
-12301 1198 -4199 6461
-8646 -1560 454 4652
-759 4046 2146 -378
96 -2181 -829 -3406
-2154 -3549 -4204 -4689
2127 -6874 1809 -6082
1833 1870 -5781 3921
-5340 575 -1193 6038
-6146 3929 -3438 -7503
1520 609 5833 3067
-4298 -4050 4810 -1243
-3973 4049 7765 3878
4283 4961 7358 -1136
1369 -1734 -4728 -3057
-8291 -1367 -2032 3208
-691 1088 -1443 1622
-4203 -900 -1383 3566
-207 -1527 -3485 5935
3866 -1304 5519 142
3814 -1608 4874 -7560
-3893 -6177 4476 -1624
3734 -2658 480 -9332
-38 -699 -962 639
6385 -2568 -2724 -4344
-2158 -7457 -6135 -426
-2808 -2912 -3740 -842
3327 166 -2147 -2537
-2179 8696 -3731 1289
-4199 -2933 -21 2209
-3075 1198 -1894 -8556
71 -859 -1142 909
563 3840 -5561 2699
132 6533 -684 5560
1228 12932 728 5929
-790 -5535 5673 -78
3708 -4360 -1484 -6389
1909 -5762 5348 -278
-2158 -2846 2692 2084
4756 1612 -530 6012
-703 -7937 2379 -5056
902 -3805 2554 11027
3682 6856 4917 -2917
-2192 -1201 6333 -2739
-4752 -1325 -333 -6648
2880 2817 139 -1446
8037 -539 1342 1713
-12699 -1427 -3872 2763
-37 603 6579 -1617
2609 5152 4205 811
-591 -5985 -495 1220
-2474 -6459 -31 -1945
1320 737 2441 3698
-11322 1478 40 -3074
-3198 -2787 5075 6133
2827 -6638 -3526 3785
1298 -4051 -947 -1454
-6664 -1514 968 4739
4997 -2501 3834 2334
-2764 -1887 9523 1915
6886 421 460 7521
-2322 -1759 1598 -1860
5322 -984 3317 6665
1671 -3074 -3363 2160
5727 -707 -876 5429
1973 -2778 -307 2145
-4311 3432 6686 6566
1341 55 929 1860
-1123 2181 286 4034
-4242 4024 -5506 2090
2706 253 2992 6711
2281 6412 -228 -936
6909 -503 -805 1338
1247 -2057 1506 8842
-4169 -428 -186 -3482
53 395 3270 -6720
-105 -9563 -2845 1084
1912 2698 442 2190
-3878 2091 2788 -333
7914 -1967 -1543 2882
-1977 -10599 -3632 746
-1210 3180 46 2271
-1765 1548 314 -4299
-2329 8495 1796 -6857
-1077 -1785 -3500 3531
4854 -8149 -2163 -3956
3010 2054 5943 -973
-3000 -7986 6985 6650
281 2830 1987 -2136
-3554 -2189 -4356 -6608
4309 739 -10288 4254
-1080 4427 -3094 4329
-1588 -1373 -4178 -5678
-271 -2332 -3461 -3235
-1665 -4074 -4044 -1304
1842 -5754 -3180 -1030
3143 1141 -1373 3407
8609 8565 6604 303
-676 1664 4975 193
165 -1 7214 -4940
1754 2859 -4329 -1576
5640 4836 4722 -2444
-6897 898 1263 1649
1858 -3547 3783 -6495
-2319 2642 -373 282
3070 612 4105 -3515
4977 4860 2954 2198
-3037 -4407 2229 -1256
-2965 581 1832 3099
-1154 3231 -4916 -4341
-6902 -3673 -146 177
1592 -2031 -1516 -1996
3400 255 -4273 -4068
-794 -2339 -2869 9542
-7089 -5573 -1889 5230
-7006 1770 90 4426
593 -1662 -1747 -4895
2873 -536 -6823 750
5252 -864 7720 1297
-3278 7832 5022 -6813
3019 -1530 1145 -3680
-2066 -5991 -368 2423
-2656 -4952 4952 -4246
-8310 -4947 -4473 10958
98 10996 -1061 -929
1605 4852 777 2739
-1859 3268 172 -1060
-1145 -714 -4333 3754
-1305 -1413 -6373 1200
-4848 -1437 5197 3530
11197 -4599 4315 4269
-133 -1191 -4502 -3137
-4246 919 255 1608
-1127 -1764 4593 6532
-1899 -4691 -4672 300
7400 -2131 10500 -1962
5289 -488 -1748 -6380
-2252 1764 114 -3980
-456 -4536 3425 -327
-99 966 -372 1301
1573 -2336 12423 3625
