8361 1281 -117 5382
-1438 4642 -3056 -3644
-1649 -4487 2193 -291
10832 -3982 5774 -5380
-773 -3908 -4 2215
4760 2890 6115 4335
4383 913 6686 5952
-3526 -5025 -4189 -6186
2593 -3461 -1333 489
2654 6739 366 2127
12642 -2682 1623 -7602
-2250 583 -1778 -2373
2026 6822 -5127 -98
1721 -3597 1344 -7458
2794 -2749 480 -402
3852 1175 -144 -4643
4735 3748 1321 158
3047 3480 -3148 -306
1381 -2380 6053 1890
-2318 1864 -1267 -2183
-580 1698 5773 -881
-390 -2293 -2718 -2974
-12023 -3340 4668 -3660
429 -2867 2484 -2855
1591 -6393 579 2597
-2468 3441 8133 -4963
-4723 -82 -5828 -5790
1353 2215 3897 -3332
4195 -4701 6815 508
4974 2059 1684 -4959
-1041 -3858 654 8046
3513 1038 -1353 -1555
2915 4059 -2621 -5004
2398 -2 10478 6970
4726 9538 1707 1091
-4024 1146 3229 1106
-608 -5805 667 -6447
1054 133 -1887 1985
-1030 909 2567 -560
12814 3312 1817 377
4804 -4516 -2216 2617
4142 30 3279 -847
-1757 -6208 -4757 -836
-438 3322 1654 -207
800 -3591 -4242 -1540
714 -1146 -3516 2149
-2974 -3488 -4123 2428
1626 1149 5021 1669
-4122 -2411 -9753 -3589
-10372 599 1850 -2603
4215 -694 -3095 -5611
8593 -2006 2235 -2984
1107 -3547 7557 4680
-3520 -3544 5733 -1245
-216 -1593 -130 3336
-3683 -3365 2762 -1774
-1907 4616 4213 -604
3643 -156 868 -2307
-4074 943 1162 -5032
-670 6373 640 -262
6454 -1717 -4870 508
1778 2843 -7543 -4824
4426 2154 3913 -6260
5947 -7534 6478 -4666
-5028 -1845 -3119 518
-4331 7706 2659 -1912
-356 2252 -1324 3260
6323 -583 -2530 -1781
19 3373 -2211 3078
-2103 -2240 -2715 4820
-3863 -1243 -50 2489
-11717 257 96 4212
1909 8368 2048 -2988
-3448 -249 -9617 2681
16 -4284 4707 4927
-3763 2036 4471 9533
2015 2567 -3589 8342
3835 494 -2937 -3555
-786 2824 3470 -1042
6748 -3642 3775 746
5068 -3086 2162 1294
2720 2954 -8570 -6465
-1538 -6178 195 4384
3800 3898 -766 1237
-2409 1873 -2800 -6350
-1239 2893 389 -2548
89 9765 3018 5455
2788 -5701 -2219 1381
-6226 -2435 8958 -3545
-271 -6375 1529 -5999
-476 -1417 3600 -2836
3159 2544 -721 -7468
-2235 -1294 -2929 2048
-6954 2110 -4672 1045
2264 2218 8908 8437
4977 -3377 -1701 1506
-5510 -7674 -986 5131
-2544 -3341 4890 3033
-6832 1748 -665 -4728
-5247 241 -155 -2634
-583 -200 6308 -671
5103 922 3681 -5615
1166 2149 3180 -5688
-7174 2251 2268 -3989
8534 -3678 8382 3103
2471 -65 3296 2568
-2494 704 -2365 -1890
4866 -33 3583 -2367
4946 2999 991 2219
-1141 -3049 1424 -245
1762 -1161 -3183 -1429
-338 2948 3704 1263
-4615 -1087 5876 2264
-5499 274 5557 -5881
-4911 3680 63 -3571
208 3425 47 5947
203 282 1017 -4700
1474 -13 -625 -5008
8109 3474 3094 -7553
2230 -3321 -1997 -2311
-5735 7726 -7655 1456
2215 -3207 3400 5264
-4652 -4970 67 839
5390 -6621 -3337 1572
6975 98 -2237 -390
8700 -3200 -2198 1216
-1685 8933 -2415 6050
-1065 -2885 2246 1551
1829 -111 1419 2617
3104 -255 9567 5812
-4497 746 -4419 -2099
9525 -3501 -4240 -3913
-4235 -2358 118 -1285
871 4404 -1170 -6190
-3348 1822 3106 4650
-1959 5614 1413 1208
7519 -3525 909 -1222
-122 8225 7836 4491
-5054 961 -604 -124
-2206 -7824 -5571 5395
6939 -4458 -1285 8718
7046 -95 3785 81
3556 -1299 -950 1613
4720 -7729 6911 -9056
778 -4233 -550 3288
-1613 -6851 871 -4986
3080 -1182 -4704 -7872
-2577 1851 429 -2297
2760 862 -5021 -5671
-2273 -3391 4903 456
4177 -1272 -5275 5721
-2069 7037 521 1206
2534 11001 2172 6575
4162 1181 -5385 3507
-3295 3992 1446 -6888
4106 2283 1118 -590
-1810 -867 -5505 11526
4895 9639 5686 6203
-693 -5594 -1185 580
4974 3472 3075 -8237
-4118 6501 161 -9089
3206 -914 1146 -2686
3028 3654 2235 5552
-3036 -352 -4503 -4169
-1952 -1653 -974 -4672
-3256 1658 -3620 1749
221 -2708 2584 -2390
4933 1343 1794 -10655
-9231 5143 3636 -1552
1454 -1490 -3340 -2288
3750 -4943 -8407 -197
-694 -3300 -2089 -157
-2150 -6632 -534 96
1873 9041 -8680 -2685
4209 1122 318 -2842
-189 1616 -5817 6081
6314 3644 3238 704
-6827 8928 -7234 -2543
3901 -873 -3207 4163
848 8017 -5040 -3046
3427 -1842 964 1888
2986 3701 -1941 1013
4006 741 -550 4905
-2254 3821 -1718 2457
4088 901 -2764 1712
9051 -9089 374 1805
-3045 3734 -1047 -1397
-3590 -40 -399 -3502
-1301 2020 -911 -4575
-1650 606 -2443 3415
-4299 -3801 1279 1583
-1806 2168 5787 -4707
-3956 -5091 -1377 -2105
3683 1196 3257 -2047
-2020 -6440 -1693 2383
4194 587 1111 11121
2209 -1682 -5153 2409
-1683 -11596 1047 1671
-2495 1324 -7480 -3938
183 5935 -7952 3962
-227 2815 5264 2687
237 2117 6395 1261
-3023 1028 -468 -4944
1503 -442 -4020 239
21 -1245 -1629 5000
-3316 -5700 -358 -90
-2994 4987 -3042 1775
-2497 -3060 2150 2077
130 4361 -3093 -7314
5711 678 -4362 -5017
-5245 2615 -1542 -7443
1532 -3245 8159 1883
-1135 1090 3877 -7155
-1417 -1007 -7448 -7068
6786 -3199 -1815 -4685
-8386 -3546 -4679 -1401
-2453 -3866 8244 -6889
988 -315 -394 2298
-10075 3321 -1082 -1375
5570 -5737 1216 -4869
60 -5035 10363 -3691
1724 -6525 3309 4240
5082 -1946 -7479 -7574
9056 -176 -2288 862
-3085 -3041 6225 -1122
-1784 3714 -7029 -5812
-5329 -78 1198 3570
-1898 -2279 689 4135
-8632 4787 -5441 488
8967 2723 -256 2570
-3836 2883 12536 3568
-3561 -5941 4552 1297
1535 1787 245 -4118
-4979 -1165 -3619 -2318
-3105 -2087 -390 340
5508 2147 -2634 775
-225 -4338 551 -493
-3072 -4093 1692 -8694
5509 -7431 5236 -2303
-8452 4793 -593 -1762
3085 -4935 -1643 3262
-3851 3435 -4547 -179
3238 -5060 6668 2624
1656 -10796 -7297 356
-2253 3069 2860 5716
7025 3275 1287 6553
-2379 -10645 -3245 1710
-6754 -9746 -2351 1163
1809 4137 2499 -3904
-2129 2694 -10940 1370
6535 5004 3371 -2404
3027 2208 1262 6391
-1860 -4018 -1838 6146
-160 2632 -2353 -5209
-4480 -1768 -2820 1768
5762 -8958 -6450 2026
