-1137 -1399
-62 88
-179 -158
10 2
-15 20
4 23
-24 9
15 10
2 31
9 32
-49 65
-50 14
50 43
-15 -22
-80 -26
-20 4
1 28
-15 16
-59 -89
32 -37
97 -9
7 30
-8 -55
-51 -33
-7 -14
-1 11
-38 -36
95 -18
0 25
-30 -7
-16 -43
44 2
40 3
-3 32
21 -30
19 24
-9 32
-46 -18
-40 7
-35 16
53 -5
52 -33
-2 -33
-22 -51
-18 2
24 18
-11 19
0 18
-11 -3
-8 -1
61 6
35 -6
5 -7
7 15
-25 16
-3 34
-4 13
3 -10
17 -28
-12 9
-1 21
-19 -1
19 20
7 25
15 23
0 -8
25 -26
0 -8
-6 -1
-5 0
-7 -6
-12 -6
12 1
0 -4
-4 4
-2 3
0 0
-1 -1
0 0
-1 1
-5 5
8 5
2 1
-10 8
-9 -2
-5 0
-13 -8
6 18
-20 -21
-38 1
2 -11
3 7
16 0
17 -11
-13 -34
-24 -5
26 42
26 3
-36 2
8 3
43 -4
-39 -29
17 -14
-33 -14
-21 -12
25 34
5 -10
-31 5
-22 53
-44 12
-4 84
39 26
-100 48
-46 -6
-49 24
18 71
16 -39
21 14
34 65
5 -34
13 66
-40 3
-51 -28
90 17
39 -76
69 -32
-7 -36
-65 15
624 933
91 380
189 136
50 12
-16 -53
-29 -121
8 4
-50 -50
3 -57
-22 -116
65 -243
153 42
-78 -69
16 63
195 71
31 8
8 -59
19 -51
157 261
-89 108
-219 -32
-45 -116
-26 115
89 101
-3 55
-3 -2
-13 118
-259 7
-52 -47
49 17
29 63
-123 7
-134 -13
19 -40
-43 57
-53 -74
47 -90
125 102
147 -10
85 -71
-140 25
-158 167
-45 58
88 172
27 44
-39 -99
57 -88
32 -89
31 28
43 46
-220 -41
-183 4
-38 51
-22 -72
115 -92
21 -189
6 -77
15 77
-105 124
99 -57
-52 -86
95 7
-128 -131
-22 -178
-91 -136
0 48
-206 213
22 53
63 12
70 15
75 89
163 79
-187 -28
10 83
82 -83
60 -116
-2 -11
137 111
-26 21
-86 57
-164 185
199 122
29 21
-139 101
-95 -25
-56 -3
-132 -78
36 140
-124 -133
-219 7
-1 -70
16 29
41 -7
68 -45
-61 -137
-61 2
95 123
74 -45
-57 31
11 -38
91 -38
-84 -37
48 -12
-46 -43
-12 -27
80 78
6 7
-64 -1
-45 46
-54 3
16 55
63 8
-44 35
-64 -90
-103 20
21 168
86 -11
-50 40
60 32
17 -43
-73 10
-28 112
-14 -30
49 -65
4 29
67 52
9 -163
2 -30
-466 -792
-238 -75
85 40
-28 21
-102 207
65 37
231 -44
28 72
9 -2
56 96
47 289
-139 -154
-15 -19
47 -101
-90 1
-4 -21
-5 63
41 69
-96 -232
113 -52
178 116
58 157
74 -27
44 -130
16 -50
58 -83
212 -83
213 62
147 25
45 -5
-37 26
97 6
154 60
-70 -86
23 60
63 112
-109 116
-108 -182
-206 -55
1 147
59 -56
100 -278
135 69
-155 -164
59 -120
-101 161
-102 157
-137 161
12 -107
-125 -143
168 113
297 62
95 -129
-6 127
-138 139
-46 323
52 129
-137 -175
163 -90
-253 113
317 -42
-20 -34
229 202
-102 280
65 48
4 44
314 -326
-200 69
-132 -1
-204 -120
-111 -343
-313 -30
302 131
-150 -231
-78 179
-81 259
-3 120
-357 -237
35 37
228 -183
440 -408
-247 -247
-228 65
275 -306
403 95
21 -23
64 80
-149 -241
335 328
469 -10
-68 93
-6 -117
-286 -48
-154 132
24 280
237 144
-187 -303
-236 -161
350 43
-75 -86
-295 -44
197 201
-54 164
228 -3
246 17
-55 -96
-115 39
-19 26
145 -314
223 -16
40 -375
-136 -98
369 -240
123 -85
120 14
-86 -233
-113 164
-95 -28
-21 -287
-124 123
-54 -136
-30 96
149 -17
-191 -101
-55 162
-215 64
53 119
120 -110
1228 166
-104 -402
-193 -33
-51 -2
-6 -166
-58 312
-314 157
51 21
-1 120
-75 138
-181 95
-36 35
168 161
-113 49
-227 -137
-42 -34
-18 -45
-79 -28
-173 -134
-4 -167
40 -87
84 -17
-9 -135
-226 58
-15 -59
-128 172
-207 -133
113 -76
-162 -4
-174 -55
38 -102
62 -118
20 -123
73 186
3 -248
-35 -149
126 -120
3 75
173 176
-131 -125
78 33
66 93
-73 -172
197 23
-147 3
234 -11
35 -159
119 -127
-83 161
237 87
38 -128
-149 -83
-77 150
56 -187
14 24
56 -201
-149 -65
183 93
-6 63
209 -134
-425 146
-74 165
-286 -157
242 -123
-81 104
-55 -127
-126 164
223 -277
93 -84
61 95
154 453
390 24
-342 -282
299 192
-5 -221
-32 -306
71 -57
599 323
-78 -86
-337 81
-540 265
153 452
279 -219
-425 553
-606 -186
-18 49
112 -16
328 179
-532 -306
-596 67
192 -17
168 19
437 -50
137 -38
-137 -180
-446 -89
73 549
119 473
-589 -174
133 391
376 137
-370 -405
90 -115
-264 -111
-66 -78
35 205
-127 -204
-329 141
-39 400
-260 171
-69 642
219 228
-739 238
-198 326
-97 216
44 16
-147 -173
344 -115
97 254
-66 -81
300 330
-284 -239
-316 23
426 280
185 -424
258 -247
6 140
-414 129
