47 364
-8 6
113 46
-32 -1
-71 96
-50 33
-33 26
-13 -47
6 -38
2 -21
-12 -26
22 -20
5 -71
12 43
-3 -9
-12 -24
-1 30
-28 -29
-22 24
60 6
-14 6
22 -10
-36 -9
-29 -14
-15 16
-60 24
-3 38
37 28
38 11
39 -42
-11 51
-55 -4
47 -73
-18 -54
-23 -13
-50 17
17 -13
-14 -18
27 31
27 26
-52 -56
1 -1
-44 19
-29 15
0 42
21 53
-24 2
-9 28
-33 20
-12 5
-36 24
-38 -8
10 0
31 31
-38 2
-17 8
-11 -20
-28 -3
16 -17
-8 25
3 -8
8 6
24 -11
1 -6
16 -4
-8 10
4 17
-3 5
10 -2
-2 3
4 1
7 -1
2 1
9 7
1 2
3 3
-1 -1
0 0
0 0
1 -2
-6 -4
6 -1
0 12
-7 -9
3 7
-15 -4
-9 -2
-5 5
-4 -28
-26 -17
-13 3
20 -11
19 -18
3 -24
-24 5
19 31
22 6
-13 5
-3 -24
42 -20
-18 30
-31 9
-45 -85
24 59
-15 15
-28 6
49 16
-67 22
-57 7
8 38
13 -29
-31 -28
-35 3
58 -37
16 -32
-36 53
-29 -16
-24 -23
-14 -96
32 -24
44 -71
36 -105
36 -56
-4 40
-63 -55
6 -38
-55 -80
3 -9
125 -51
-118 84
-130 -150
100 -32
133 -150
111 -37
20 -64
3 68
-1 71
-9 23
10 52
-40 8
11 177
0 -80
-15 -11
8 21
-38 -35
106 126
152 -77
-120 -34
2 -44
-5 122
62 36
65 53
26 -12
178 -107
81 -66
-42 -62
-118 -81
-97 128
111 -173
142 40
-128 177
21 152
12 -10
165 -62
-102 73
74 9
-100 -64
-68 -68
169 169
24 35
239 -38
127 -11
9 -132
-82 -141
59 27
13 -110
115 -78
69 12
86 -105
159 10
-35 3
-139 -125
155 -33
103 -39
44 114
157 3
-94 67
42 -145
-4 -8
-65 -38
-128 59
-9 60
-107 38
77 -81
-29 -149
42 -57
-105 23
24 -19
-49 -17
-104 20
-45 -25
-174 -141
-43 -66
-133 -108
85 71
-48 40
-34 47
35 -72
-169 -109
125 -17
-5 204
-81 -117
30 75
-142 -26
-70 -17
-20 47
-23 -172
-164 -89
-88 30
114 -39
89 -77
26 -113
-89 -4
51 113
68 32
10 -9
-42 -75
92 -71
-70 101
-95 30
-82 -181
46 91
-34 43
-5 12
5 38
-132 13
-53 45
30 37
81 38
-33 -11
-5 -12
105 -60
-45 11
-38 68
24 -27
-100 -40
-173 -54
83 47
22 -81
-89 5
31 -20
22 -33
-37 7
-7 -52
-47 34
-94 -1
-119 -488
80 -60
-33 167
-15 105
-17 10
0 -122
58 14
96 54
-62 -64
31 -68
15 6
-47 24
-83 -130
-33 -37
-24 59
-23 27
30 -5
-121 -110
-285 58
9 116
88 -3
-134 -278
23 -126
-7 -88
36 -52
-219 92
-131 -55
-56 43
103 146
54 -85
-231 192
-73 -111
98 -101
123 -136
81 140
-121 97
223 -81
-133 101
82 -68
16 2
-134 -105
-97 -109
-380 -101
-221 -67
-18 101
73 -15
39 -134
68 126
-80 58
-167 -40
88 88
-188 71
48 25
165 126
-112 114
-191 43
-29 -176
-223 33
115 38
-41 229
-68 286
148 79
16 -9
-1 -200
88 -116
-188 141
-11 219
-180 157
171 -102
-89 -129
72 95
258 -98
151 209
186 261
229 299
150 145
-13 -124
112 -49
79 -32
-182 3
198 252
-321 56
-57 -226
283 222
-83 -199
195 153
161 57
218 -11
50 377
240 237
54 44
-105 183
-142 153
15 139
198 -113
-208 -223
-145 -3
227 -103
-87 107
-327 40
66 -118
163 -52
219 436
-122 -276
67 -43
271 -39
-301 -18
274 -56
311 52
35 -101
32 225
149 160
137 -47
-133 76
-64 161
53 -180
77 131
-7 43
3 224
-33 72
-156 44
-81 280
-66 158
64 -29
165 109
-121 73
37 237
17 37
115 439
239 -157
270 19
-222 -39
-311 253
-199 220
-98 151
-194 -186
45 25
-65 158
-10 -124
159 25
138 -131
-6 216
127 -73
51 8
124 -1
-102 -201
145 10
209 -199
-158 107
302 181
-75 174
-134 117
-53 21
14 87
-34 233
48 20
64 -69
24 -207
95 -33
-84 93
7 -151
-312 82
-97 -265
-164 -68
-206 -153
-4 -122
118 300
42 85
-76 -179
91 125
74 310
232 47
-109 -22
98 284
-198 200
-151 -34
-53 86
233 -153
-169 136
126 -83
-115 -143
-83 -165
-19 -113
117 11
27 98
81 24
107 -232
-39 -291
101 -526
-58 -187
237 -48
45 380
48 296
271 -54
-34 -109
396 -171
-167 249
250 170
-221 -176
-356 305
-293 -541
-163 -239
-155 -307
77 -70
-85 182
-63 182
-153 -39
287 263
-132 -230
255 -54
294 198
-561 -126
-22 224
-141 -218
-42 24
-330 -78
-100 -385
-101 -258
84 -125
-49 -278
76 -195
-104 -66
-181 243
150 106
258 -60
-349 231
153 -162
298 -87
50 9
16 1
-463 -522
168 582
-93 46
-179 11
645 46
-187 240
-399 -79
-23 317
-148 -368
-57 -251
-387 12
136 -221
284 -233
-257 292
-298 47
45 -72
436 -561
-51 -191
153 -280
544 -596
218 -297
-40 394
-324 -288
53 -148
-181 -406
306 -52
