1331 -983
-27 -79
59 2
7 -13
149 -15
-9 7
-92 -59
10 21
-59 69
14 -52
-37 -35
-41 -29
-26 46
56 22
28 50
52 -20
2 -44
26 26
30 5
-25 3
-37 31
21 17
-52 26
-14 55
-33 -32
-10 -12
-31 -88
11 67
-45 5
-38 -79
18 0
19 -38
-16 -109
35 8
-16 -6
2 11
-58 -17
1 -30
-20 11
13 -18
40 7
-25 -2
9 -41
1 3
-11 15
-9 -15
-26 -56
-27 38
-49 29
-12 -43
50 -16
41 5
-3 30
-35 45
-20 21
7 16
3 -14
-10 18
-4 15
-1 -24
33 9
-1 14
2 15
3 19
8 -5
2 11
-10 -13
-26 8
-8 0
6 -2
-4 -4
10 2
-3 -1
2 0
-2 0
-6 -4
-5 5
2 0
0 0
-1 0
-1 0
-4 7
11 11
-1 -6
3 -5
10 5
16 -17
-8 14
-7 -15
38 21
-12 19
-3 -1
10 -55
0 2
-11 3
-21 -9
-32 -16
1 36
29 -1
23 15
-51 -8
-3 -11
1 -7
13 -8
22 17
-34 26
-32 -21
-20 7
61 -24
-36 -44
29 29
46 -28
37 -14
-42 31
-40 5
48 -36
-92 109
3 -21
-65 -93
15 44
-70 -33
-11 21
-4 -79
-110 90
52 87
68 -26
-37 53
42 1
-1744 174
-69 163
-20 -183
60 -101
-110 -91
33 1
166 174
-16 -66
108 -145
-52 108
143 33
98 58
6 -42
-111 -66
-90 -85
-144 58
4 101
-83 -87
-121 63
57 -51
64 -22
-23 -4
94 -73
4 -165
40 44
-15 33
110 214
-33 -224
84 11
54 209
-35 -17
-112 136
52 324
-112 -83
91 -38
-7 -63
146 65
30 49
86 -32
-97 41
-90 -84
123 37
-40 125
-6 -15
22 -52
96 70
70 247
131 -187
179 -131
55 183
-207 47
-216 -42
12 -135
171 -228
103 -86
-46 -103
18 102
51 -90
-19 -106
23 138
-174 -26
3 -70
6 -101
-30 -135
-60 37
4 -56
76 108
218 -80
81 5
-70 19
48 49
-146 -22
41 4
-30 -9
45 5
177 110
212 -230
-167 39
94 192
-83 1
-53 9
-102 180
192 211
-5 -99
24 -64
92 72
115 -141
-42 116
-52 -71
216 127
-67 125
10 -15
33 -225
-13 20
-22 55
-65 -18
-127 -14
-28 85
92 -43
64 5
-104 5
-35 11
19 -2
15 -21
20 -18
-73 36
8 -45
-54 -61
46 37
-55 -101
5 87
19 -14
82 0
-6 62
-36 87
27 77
-51 88
-1 17
-46 -84
3 104
-9 70
-47 -19
-3 -76
-31 -6
17 122
216 -86
66 -107
72 -2
3643 -567
-69 30
-123 73
6 65
-49 163
9 -118
-49 -81
1 25
11 41
89 41
-103 97
30 52
-26 -63
-11 -23
73 -14
64 -126
33 -143
33 76
80 -204
14 103
49 -82
-56 -100
28 64
102 151
86 -20
89 -11
-126 -143
37 317
-36 -68
61 -68
-33 46
235 -112
-122 -268
95 158
-182 145
3 112
-57 -124
-142 90
-125 43
205 13
38 221
-239 -89
101 -70
11 70
-32 65
-277 -77
-30 -363
-189 279
-176 214
-80 -227
280 13
396 133
3 159
-269 388
-165 49
115 222
-121 -222
-63 77
172 224
-94 -183
131 -65
13 13
-116 147
108 228
56 -69
-128 -129
-89 -188
-224 195
-165 -9
160 17
-36 -164
341 22
-34 193
-11 101
-77 -32
-382 -177
-399 358
334 -212
-211 -253
107 0
176 146
114 -361
-601 -391
65 73
-183 161
-290 87
-475 354
230 -140
62 434
-529 -248
140 -56
110 -47
-145 656
-64 8
162 120
177 59
161 242
-104 -337
-165 -64
-121 -164
329 77
-50 168
26 29
-116 21
-83 -229
162 -64
257 86
15 -165
-261 162
104 123
-92 5
-177 202
-103 72
174 -49
70 55
-153 211
303 -350
22 109
222 178
6 -124
133 170
24 -183
86 222
309 -321
-152 -234
-206 3
152 -223
-122 4
3039 -1382
0 309
101 29
-18 154
351 -18
-72 51
-208 -108
-10 73
-233 218
-44 -248
-96 -216
-279 -217
88 107
230 229
102 197
191 157
-64 52
132 114
100 212
-221 -90
-203 175
59 71
-246 19
-177 -9
-231 2
-125 -70
-30 -119
-25 -135
-35 113
-165 -291
113 -79
-148 -156
177 -168
113 -76
129 -215
-23 -85
-144 131
204 -290
70 -80
-109 -80
-30 -181
189 88
-129 -72
-88 -146
113 -10
304 -78
32 151
-1 -65
-3 -167
16 20
-247 -100
-342 -185
-92 -16
233 -362
169 116
-142 -218
56 94
65 93
-214 -185
116 75
73 63
-55 44
192 -74
-260 -233
159 49
288 384
25 114
29 -296
160 -103
-205 -56
-98 379
-550 37
-142 -309
32 -169
-59 -61
390 179
484 -118
-359 330
118 212
19 113
-162 -296
74 420
779 362
-7 -179
220 -66
247 -319
650 -552
-436 62
93 -682
777 319
66 111
-395 30
320 -709
62 -212
-232 -341
-375 -296
-176 -374
193 451
128 365
175 376
-583 -227
131 -250
-111 -147
39 33
346 217
-89 340
-430 -110
-58 343
573 -485
-200 -47
311 -61
455 -86
128 -144
-311 100
-283 -194
322 -533
-512 494
11 -167
-245 -457
98 -119
-512 -379
179 135
110 -340
-561 397
254 122
-63 33
-231 463
63 3
