4867 -760 -1328 2212
1786 -587 6159 -1352
-4299 -5879 -248 138
5036 -10983 486 -5412
-1645 -829 -3719 3880
1976 -3215 5396 -2460
-1512 3044 -1168 2410
6172 545 -670 2058
-965 1773 -9247 393
-2209 505 -5785 -4237
-9793 -1230 2930 -4777
7299 -2037 999 2605
-158 1120 2391 3232
-81 1012 -749 3030
6106 6646 561 -6906
-2711 759 6865 2124
2886 798 -4052 4012
-7265 701 4545 2363
647 -6292 1657 -2493
-1182 7764 -9963 -3059
5483 -2481 2013 -3752
5792 -5107 10246 -2328
-4170 -1442 -2777 -4368
-3256 3330 4813 242
3368 668 1710 -952
7279 8844 2159 -166
-145 -4315 7955 93
3316 -72 4519 -3018
721 6963 4997 -4936
1221 3303 -523 977
1535 5147 4911 604
2308 4880 -5601 2559
3205 1268 1897 2430
2001 1011 154 -1990
-4159 -4341 4487 -4101
-11612 1186 -5904 -978
801 -8217 82 10486
1981 -5758 -2018 -3008
-2495 8169 -10674 -2466
-4908 -4146 -2775 3807
5464 -6384 2820 32
1942 1801 -4968 -2627
2545 755 1683 -4107
4945 -9199 1126 4141
-333 -915 411 -249
1300 4375 562 3796
3462 3411 2032 2526
8960 1443 -442 756
7917 -9963 -2151 -2525
442 4182 -756 -717
472 -7207 -9948 -4779
-359 -1334 -1761 322
-2453 -3458 -1389 -937
-2659 -3558 486 -5013
1672 7122 427 1691
-3436 -3647 2527 2126
760 3050 -1658 -1046
9610 2193 1785 -3985
-2750 2830 -3487 2973
-3115 -3281 6087 -321
-2455 2394 -8368 -5599
3448 -849 1481 1398
4003 1765 5459 -3536
-2864 -3514 -2282 -3548
4547 4111 344 -2318
-2938 -1238 -3067 66
586 -3572 -5248 -9416
-7627 4591 1458 -3828
-2426 -3897 -5592 -1305
-4628 -786 -1244 -615
-1163 -1066 -1064 7660
4524 5648 246 -1796
-4918 302 -550 -4602
-1268 -1109 2792 -1676
-1893 -6027 -6605 -1228
-5809 -4192 -1655 -2865
-3044 1837 -3912 -5112
-744 -1332 6016 -585
-3235 -1892 -8342 5042
-1196 8041 3000 4334
-2358 -1319 -140 4045
1138 -7843 4797 -3286
8968 4209 1909 1099
5187 5314 2201 5638
4003 462 2519 -9300
-10030 3060 440 3575
268 -7220 -2458 -4731
-3582 -3107 -8117 -1212
1268 140 8591 5109
-2464 -6356 -2460 1935
2927 -3277 -342 10349
3979 162 1728 -63
1015 3986 3274 2031
6332 -3721 -3486 1864
86 -5492 -3853 2941
4512 -774 -1314 -2993
-5397 4459 -294 -3683
-459 -2248 -1384 -12345
-1045 -732 165 -5329
-2897 -8096 -7022 1197
-8735 -1641 -4551 -1922
5688 4725 6097 4339
-6357 -1546 -6907 -1270
1209 -2114 4248 -6014
5423 -5203 -4630 -780
-2573 537 -9488 -3441
246 -747 1273 2324
-1921 3162 -912 -3537
2144 -5221 1574 985
-2149 -1453 1108 7278
-2814 2974 6503 931
-1502 -2102 1620 -853
-434 -1956 -8530 10759
3238 13340 1011 49
-1911 5496 -1500 -3710
-2681 -3173 -4739 -1539
-1002 2545 -3683 7184
2969 -990 -866 2140
-3728 -4595 1188 596
1343 2288 -1825 -12345
2059 -191 -564 595
3464 6397 1020 4699
396 -2375 -2352 -5140
-9165 -3943 -7094 -2060
90 807 -3075 -4669
-2497 -1178 -5358 4520
-2742 -7230 -3170 2726
-2764 -6325 -2078 -3323
4524 864 -532 3839
5522 1928 -10677 896
-5768 4290 -1930 -5430
-7358 -4900 -584 -2186
-5358 -2372 -3025 -38
6920 4820 -175 -4267
-6470 3802 716 1607
2298 -8757 -6369 4299
807 -4354 9933 -1319
-271 8853 -6049 1244
-3140 -4028 -1011 -832
-3092 -3512 6077 2160
-24 4643 -2542 -4457
106 2181 -5181 -2516
-4959 -2215 -1400 4471
4109 -8473 3931 -2873
3541 520 2548 -387
2582 6467 -2148 4388
6511 -4307 -629 1019
-5185 2223 1530 3139
-4138 -1027 -735 1467
-2171 -1825 -2588 311
5363 9902 1211 -1962
-1134 -5489 7803 -2179
911 -3709 195 1060
3240 -4717 -3797 -28
-5847 4373 3507 9751
-1292 -878 3225 4135
-2511 -2824 -432 4021
7056 -118 -4989 816
3902 -1673 1453 -139
437 -8006 -1606 -7202
3122 3175 3720 -12896
-3169 -2177 -2497 2581
-5208 4424 405 -3895
3945 -5555 -514 1586
-1277 8942 1921 -132
2409 -394 666 -608
1093 -6407 2181 -3016
-1621 7031 6226 3542
1198 1603 -3446 2226
-3379 -1 -6346 5874
-3460 -2460 4366 12439
-5223 5269 755 147
-2276 -2249 4424 5897
-7388 5343 2289 -3494
-3386 -1526 625 214
2582 5955 -583 6771
-4480 -595 2733 -4244
6778 2756 -2751 3746
4343 -3474 -7496 1407
467 -1205 -1271 -1577
-6041 -269 6615 -2350
822 2998 3859 2022
3243 -2225 4019 4586
1543 -1464 -5021 3050
-1682 -4516 1280 5805
-345 -1381 -4315 638
1025 5905 -3231 4236
-1217 -138 -453 9334
2095 -3636 -8741 751
-3388 -7488 2075 2195
-640 598 -819 2092
3827 4421 6504 -1061
-2917 -4427 1862 -2646
-824 1175 910 -1367
-2849 2429 4790 -2111
4462 3853 -205 -982
2330 -2148 -3091 4467
3761 -194 -469 -7591
-4055 -2946 -5012 1462
3788 -2008 -6818 -1984
-1570 -1730 3929 -4353
-1862 1515 1650 -9790
-934 852 -2934 -2117
-5816 5576 -5909 3852
6995 -5422 -1533 -325
5713 758 -775 1450
-1966 1451 -3454 5959
-3127 -3861 26 6379
-5167 -1316 307 -1420
-1237 3809 -1422 -5290
1151 2320 -4567 -202
1276 -462 514 -4680
2735 -5708 142 4663
-6189 -5326 120 273
1266 4007 1056 148
-6779 951 6944 1960
1386 -4519 -666 2827
-1000 3192 1591 865
7190 5912 3731 1858
-3614 -200 1476 3386
-702 1326 3059 4122
818 3826 5454 1145
-3394 928 -6060 -10758
-1133 4407 -3100 -2938
-8506 -4632 -3980 -9915
1670 3377 937 -2601
578 4672 -7003 -1395
-3034 2215 -3244 -3639
1765 5375 2866 -5258
-1035 6021 -10992 -7962
-2612 7130 -5392 1788
2654 11785 2853 4462
-3954 -773 -414 -1092
177 3456 -1789 -1680
-3968 -4845 -6311 -4400
-2305 -1151 -4212 -113
-5291 -4557 -4203 -1264
2898 -10371 -6143 -6639
3191 -7258 5207 -2282
-884 -88 -2309 1625
-3777 1995 -5524 2444
-7225 -4102 2107 784
3264 -686 836 1436
-1865 -5127 954 -4379
3568 5463 7435 1470
974 -3550 -5122 -1168
-1459 -1122 -5953 2073
-3184 -1039 -483 -2568
-8745 -285 -5529 6608
-2529 5464 5262 4577
139 1863 -2370 6663
2143 1697 -5100 2509
3792 -2752 -1532 2602
-297 382 4596 -3945
1309 5865 122 -2353
-5657 -487 -4035 481
