-1205 -9290 -7654 5477
-8535 -3459 5396 96
6713 -9093 6715 -4505
3375 -2650 1565 5860
-619 4068 -195 2510
1322 2789 -2542 2305
-569 7779 -1362 -4933
323 963 1394 2758
71 -3289 3204 3290
2406 -2668 -6853 -692
1595 -662 -2532 1117
4043 983 3316 1650
1673 -1845 6971 -2837
325 -4349 -4328 -3266
-4438 -1240 -4614 5001
1266 -6038 6649 445
-5707 8854 2241 6647
2814 1633 6352 -2213
-2143 1603 1846 2363
-3468 -4040 -3653 -3427
6984 7489 -121 103
6104 -2674 4132 -2109
-52 -6155 -3086 -7955
3698 -313 1343 -4391
5207 -3190 1951 -820
6082 -4067 6527 1386
-1727 33 -5619 -5665
7177 -439 3343 -1532
2197 4124 5882 713
-3470 3757 1766 -5735
-809 1897 -2028 -1535
-6322 2998 -411 1790
-4770 1256 2741 -3150
-1585 -6160 1254 -2010
-4365 720 859 -1538
-2132 -462 -4153 667
-1756 -646 -7738 -6014
-1601 -2548 -5921 -4779
3861 3149 -2126 1811
-1540 2121 1734 -3187
-7628 -5129 6008 -842
-35 9245 -4322 -5603
1520 3840 -6621 -1707
-3502 -935 -1955 1890
-1240 -8961 -7770 -4928
-3609 796 4920 -2851
4321 -4128 719 -5181
-4910 992 3519 5814
3998 1049 -2148 922
-427 -3896 6402 -3111
-2604 4369 -4353 1269
-6013 -11301 3013 7512
-1774 1877 -3219 684
5516 1794 -7326 2425
-5993 709 813 3904
1314 -2844 -2908 -2625
-3225 282 5174 -3346
1426 -2795 -3070 4468
-2358 -1336 -1965 -1891
-1100 -7528 2447 -1822
3322 -5351 2672 -7696
2558 -4003 -258 2802
-4354 -3793 419 -2569
-3658 -5305 186 -556
-3673 -2445 5018 -3851
-1436 6746 -1829 5695
-1862 -397 723 -5585
4004 1788 3124 4585
-1072 282 588 2773
1632 34 -932 4172
-2409 -2988 -3099 -1835
2299 3273 2244 3867
4339 -3512 -4614 -6668
-11353 2415 -2649 2232
3545 3325 -5630 -11226
2820 -1702 852 -2021
1235 -3234 -2689 5161
-8505 -3630 -6594 -1401
2031 6203 -1063 -1633
-9761 3968 1526 -3563
-702 3716 3926 656
6764 6090 -1749 1164
6378 -4335 -3813 6197
2098 -4426 -2741 -2026
222 1890 -3674 -4478
-12460 -3912 -3528 -5907
-1456 -2898 781 -8355
5055 -5302 3101 105
2342 -224 -3382 -5324
11089 553 708 4276
-1497 -407 -215 -3075
4522 4082 -3746 158
2252 -2249 -2140 3193
1603 5721 310 532
-3823 13400 3924 25
-7493 4007 -246 -4584
-2954 -2102 -3321 1590
-3370 135 -4632 3514
430 -2632 -1838 -8173
-941 3137 4142 -2542
3357 7286 -4906 1418
7648 8976 -3283 -1716
6109 -24 1314 986
847 2348 -5214 -5787
-4856 2099 -3469 1005
-3244 6678 5780 -512
-565 -2033 -3683 4024
156 472 6663 3556
264 287 -4787 1437
-5539 4216 5951 3364
2475 -649 2965 -4571
-768 -4343 -1567 2766
265 2573 7522 -4081
-5726 -2159 -1014 -3479
-4495 5121 -4351 1585
415 -2868 591 -1494
-1275 2174 4202 407
-7100 1808 -4895 -1683
1550 3922 2166 -552
6639 6611 -352 1478
2338 -1393 5286 -2750
-4930 3031 -1204 2821
3399 -1389 -6966 -2197
-13079 -501 5338 4414
327 -3949 -7420 2999
1449 -259 1647 -3009
-1663 1241 -540 -3074
-2627 2932 -6129 -27
1543 11285 36 724
847 -3600 -3466 -1756
-2478 -158 -556 4857
336 2504 -5633 1022
4810 5580 -2301 12805
870 -2148 5137 4909
4412 2347 -2033 4193
7335 -237 6469 3086
6307 -3996 -449 -6650
2827 2148 1104 -7053
-3538 9062 5103 2856
-1465 8599 -2127 2524
-3699 717 6698 7469
-7437 4538 -2930 -2721
1835 1777 37 -4486
-1969 759 -1592 2464
-903 2636 -9139 2744
2812 -3503 -6589 -3028
-3129 -7192 170 -332
5992 6633 154 3602
-3389 -3359 1374 -471
-10733 9801 4352 -3700
-2354 -2075 4060 2506
-1793 1612 -4266 -496
-1101 4041 4490 -11437
2321 7197 2366 -872
-6082 -6490 -69 -5685
733 360 -1366 1708
3159 -2267 -4294 5130
8486 -4025 -2179 -6135
10 -4326 4598 -6686
4430 1167 2609 7289
2146 6248 3157 3197
-4771 1839 9066 -20
-404 5438 6365 -3995
-7731 -1985 -2935 8042
-4914 -10730 -4460 594
8608 5489 6936 1425
558 3000 3048 6846
-2829 -1264 676 7205
-637 3007 -6173 1048
7993 3567 -6778 4507
-5037 -1068 477 832
6125 3694 2502 -1404
-2048 1773 3909 2181
2498 -565 -3004 1148
-2182 -1229 -1760 1415
1942 499 -6930 -5878
2581 -504 2985 194
-2320 -2996 -7494 -5221
3962 -2424 6713 -3162
-4150 2419 -1028 6083
1475 458 10317 -1952
731 3580 4431 6577
5937 3707 4438 5952
1443 4383 3745 4165
-890 -2156 1598 -2440
2757 2599 -4513 -2872
-2992 7525 -2588 -939
3520 -3817 1883 -1514
-2907 -9471 3503 -433
1230 1368 3451 5504
1510 -1611 -7166 -384
-5189 3697 2018 1214
-1411 886 -3243 4127
697 1697 410 185
6890 1537 -1200 1283
-389 -3706 4778 3158
6751 -3754 2970 -280
-1835 1179 978 -1717
-2597 415 2440 -311
-886 2291 3291 -4690
-4087 2547 7986 6831
-2076 7079 -2713 4685
1433 6546 -9120 -423
-6842 1829 2605 -7095
-8152 7708 8556 5216
-917 -1992 5277 -2051
-309 2582 5438 9136
2265 4980 -5094 3082
3975 8451 532 -9742
1340 6186 987 -2102
708 8204 11035 -3833
-1367 -3929 4125 7252
-2151 6407 4318 -3947
-3207 3336 -3742 751
12723 3506 -4654 -5497
5668 -2875 -4867 -1468
-213 -344 -1326 1779
-5901 -1841 -3372 -8545
-2244 -1280 3083 8176
-831 -1890 2966 920
3040 -3795 -4460 2692
-2282 2691 1737 3047
2662 1926 -957 -2705
-2523 1288 5045 -209
-1971 -11961 -2469 -1125
-806 -4245 9523 -4388
7894 -1190 -2989 -4122
4963 -798 1427 225
-3390 -3920 -9343 -1429
4546 1163 -1239 -33
-2025 2244 3295 -2362
6685 2529 -4439 1737
-7140 -7168 1396 -1927
-2178 1742 -765 -55
-4076 -2567 -1860 2155
739 4728 -5849 2505
2925 5643 1085 -615
-3502 5153 1088 -4565
-535 2342 2569 -2494
2316 690 2993 1806
1843 -455 4958 1762
-3326 2119 1750 3921
-6335 772 -1052 5228
-4846 -1571 3494 -670
-7063 1883 6041 1259
1724 -4037 1909 -5917
-3348 -1117 -3784 -1461
1285 2411 7410 -6420
-7461 -3677 -1033 -7835
-1729 3699 -5526 10786
570 2359 -5112 -1685
780 -3951 -2576 7739
-3392 -702 6099 2633
6372 -2749 1533 5499
-5816 1402 1550 -4911
-259 3462 5907 -1053
