7339 -1421 -8318 -1198
2395 -365 3468 -984
-6859 1026 462 -3399
-2059 342 785 225
537 4246 -3866 6704
2286 -2425 -3541 -1910
-1298 -277 -5849 2218
1776 -1522 -48 600
-3400 955 2234 -376
-4089 -310 -4747 3373
4238 1590 -2098 -758
4210 -8992 -4924 -988
-975 4501 4652 -7544
-6678 4017 -887 -9697
-5367 -2827 -10153 -7318
2047 -3385 11515 5019
1104 -572 5288 -2895
-5150 7695 -3145 5419
-6043 980 3494 2711
-465 -6578 -857 55
-1679 1100 -10913 -12413
4490 -4541 -1693 -3183
-2375 -1365 3483 -3614
-3756 1269 5322 -9135
3751 393 -5705 8692
5873 4193 4000 -7041
7139 4592 7300 981
1177 236 -7127 -597
-2591 1098 3819 -161
1593 -1237 -311 4870
-939 3671 9625 -5056
-6586 1473 2099 -199
-1743 584 1306 -592
354 2296 -2150 -4446
4172 -19 2526 2702
3220 -2627 2647 3643
-8466 2129 1197 2189
431 1416 -8398 -4857
5828 577 -2037 1942
-4804 -3645 -5927 -9354
-4260 -5409 -11870 -1901
-3933 -5184 -6016 133
316 4355 -7318 4509
3654 9494 2385 -549
-7172 -5410 428 -5710
981 -705 -8942 3360
-657 2439 935 -7264
-2344 9424 2652 -230
799 7370 -7264 -4689
1025 -3163 3440 -4737
-1885 -4344 -4 731
1393 1277 987 -5941
-1322 -6395 1021 2739
-19 7396 -3696 -1045
-2006 3164 -23 1430
-4393 -738 510 -117
7802 3570 3942 -6388
2813 -7913 -802 7891
3626 3179 -1616 4249
1939 10293 3626 -3235
-2727 -1226 918 -10549
-2787 468 -2064 6851
5128 -4109 -2006 2855
-4026 -1566 -728 471
1051 -7325 -4547 662
2567 -2035 4294 -1493
3075 -2685 -262 8161
-2455 -3740 -493 1283
-880 -2777 -4234 -2615
1010 3167 -4333 1283
3661 136 -2709 -3178
-714 1704 -5171 -4289
629 -6212 -3837 -4652
-2395 -1996 2428 -2041
996 -791 -1966 -1957
-1152 -5087 4906 1636
6457 -3847 417 2279
2976 -161 7918 -3343
3558 3023 762 4232
-1667 3653 11898 11926
-1239 -1988 413 2522
-1884 3137 2057 -7015
72 -6958 889 1818
4706 2067 3291 -9721
2686 1045 -5584 -2850
5140 -10975 3650 -6153
190 1038 -988 -1757
-1389 404 535 -605
8295 -1480 -2095 3152
3865 3374 -611 1086
1468 2796 -3868 -6438
4728 4653 -3037 1042
-4432 -403 -816 -1343
-6653 1410 -5101 2914
-9523 -4111 6217 -2736
-647 2664 -2909 2664
4609 967 336 -5525
1189 5803 -953 -9235
-5536 -2017 -1638 3836
3878 -1672 3716 -1881
-1276 -895 -2167 1435
4927 -2988 -2921 -575
-526 1644 -1908 -4623
2387 -6658 3356 349
-5122 -1229 1799 -5034
5570 3762 3687 -6632
1056 2825 -259 -4213
3867 -1854 -68 1221
4625 -7859 -1681 1504
-1097 -3235 -7668 1706
-34 1939 -696 -517
329 -7578 -1044 6891
964 -1309 -163 1091
-1491 -7147 -4693 -2609
-1746 697 -58 767
-2672 -54 3868 3638
735 848 1825 -1949
1823 -6560 -3283 10067
3740 -8821 -2746 -2211
2993 -2193 -2667 2180
2601 978 -1803 481
2660 -60 3896 -2613
2341 2274 1470 1513
-996 251 -4633 2867
-1196 4840 2270 -545
-12207 319 4349 -4477
1987 4434 452 -2631
-3577 2966 -3125 -3363
2323 1542 609 -1352
-3999 -1986 -1345 -6951
-4636 373 -14 -3120
8471 2010 -2707 -2466
-1450 2177 6249 5396
1555 -8843 552 8521
-5055 -1011 2953 -497
-4207 3161 -2308 -7429
-653 7847 7459 1642
-7252 -3506 -8495 1172
1783 -5721 -1864 1107
1233 -7922 -1497 -875
8042 -798 341 -1188
3055 2579 -374 2879
3806 -6008 769 -3023
-518 1037 -478 -3824
5617 -1258 -3258 -2056
713 -7321 2293 -4819
-634 -3198 -3459 -4267
-2054 430 4283 6480
9615 7607 9061 3148
4453 -2621 9615 -6110
-301 3049 8635 -99
3509 2601 4809 2086
-3397 4907 8328 -3016
-3741 3900 1013 -3103
-5938 852 -276 -1175
-1088 -1451 -6388 -1376
705 -468 1855 2829
2293 -1390 -5118 -1546
8579 -549 -2850 -1482
-8303 4746 4327 -3290
1900 5278 3373 -9675
-1131 -839 160 -2298
-1450 -436 -5092 -3356
6226 -1519 1109 -2678
4432 -3776 -3631 262
-44 -386 3104 -3508
-1555 -3770 2614 6200
-5207 3584 3849 -4067
-1312 2872 -2002 -3915
4826 -3471 -8123 1266
-6610 -1739 2467 -2418
-1646 583 3267 4757
6398 -432 -2221 -8167
235 -9783 1181 1151
-610 -6829 6886 -2597
-6384 1744 -6701 5317
1948 1413 2272 255
-1985 -3554 1541 -4213
-7155 -698 1418 180
1397 250 2466 -3456
2222 900 9037 -115
4054 1075 -8329 2153
-5170 3445 -4887 -1973
-197 916 -5754 -7962
-6279 680 11163 -7933
4674 321 5887 988
-4861 -3502 1581 1236
2049 6141 -6027 3114
-601 -1521 -63 -3613
1935 -132 -2478 -981
-509 -149 3658 -4572
-3175 1666 4423 873
2693 -3689 -4127 1083
3915 4334 -5710 282
-1900 5267 -3408 -2923
-3487 -3223 9137 4687
-9264 -3031 4238 5784
8680 6402 1731 8234
-6995 -2961 8238 -3818
1670 3748 -8336 -750
-2467 -4292 790 -2121
-5333 2133 3554 2994
4287 -5652 -1161 2668
-8727 6962 -67 -2229
-136 6182 291 328
-2497 -468 -228 -3179
5537 811 3842 -3354
3773 -2633 -1297 5311
-9730 6596 2676 684
5217 556 4570 -4635
2129 969 -5853 5199
7346 -5845 4309 2481
-10972 558 -4348 748
-77 -12 3008 3348
-704 2203 1712 3926
-2018 3865 393 180
1348 5012 -2038 -808
2927 -1882 8 2889
-603 -10495 -731 -1248
-1988 -2236 11293 -1505
-2157 -2787 -4474 -597
-6400 -2995 -4226 -4094
-3448 -3533 3697 -2733
8305 4662 1345 4330
2975 1878 -4562 -5733
3601 3191 6736 -2327
-1568 718 -2434 3010
-3933 604 -949 -670
3316 8580 1701 1676
1393 1484 2653 -6319
496 -2395 -597 -3997
4013 -253 5861 -659
1298 2877 -4130 1009
3994 -320 -4521 -4098
-902 1281 -4827 6970
69 6553 1122 2313
538 2703 -1253 3395
3575 1723 1506 2967
-4327 -454 2134 5720
-2179 260 -3360 2520
-4177 733 -2550 -1636
-1202 2294 1120 7136
-4115 6095 3809 -656
3016 3553 -2414 590
235 1702 7178 -348
-4422 -2537 6936 -8829
-4151 -3195 -4129 8383
-811 4570 -1161 2564
-722 2123 1939 -10085
773 -11065 1963 1016
-174 -814 -1922 -323
-185 5551 -262 -6221
-1740 5381 -5133 -1699
766 1192 -4014 -803
-1855 -5173 -3048 -4328
-7111 4530 -4316 177
