-326 -1560
-90 -74
34 100
0 0
54 72
8 19
1 30
-5 -1
13 -33
-4 31
47 32
23 31
61 68
-72 4
-4 11
40 -8
-23 -12
6 -41
77 31
-21 -36
-6 13
-26 67
-86 50
46 -28
11 -8
-8 12
6 -9
-34 -46
84 -24
59 14
-32 -57
-22 -40
49 -36
-9 -15
-29 -50
-37 -10
-19 -23
2 -15
-38 78
-42 7
-52 -32
-31 33
10 -7
10 -25
-6 -46
-38 1
-27 6
-41 57
12 -6
22 -31
-4 10
30 34
0 -52
-58 -18
10 13
-22 -29
-11 28
-7 33
25 -16
16 -7
-5 20
-1 -14
9 -17
4 -11
-24 0
15 3
10 5
2 -10
6 -6
-6 -5
0 -10
12 -7
-5 2
6 7
-1 2
-2 0
0 -1
1 -2
0 0
2 1
1 -4
-1 -3
6 3
0 -5
-4 4
8 14
-6 -6
-1 12
-1 11
-17 -5
-6 9
0 13
-11 -18
-33 3
-21 -54
-7 21
8 -35
-36 8
6 47
8 -31
-3 23
11 -4
49 -3
30 3
-7 40
6 -14
14 -2
82 77
-25 -27
40 25
-23 -28
-57 -52
-31 -1
-26 59
86 -75
-16 11
-5 57
26 -7
8 31
34 23
-112 59
-57 -3
-22 36
59 -21
-21 -124
-44 -46
-23 104
125 -68
-1351 1443
-77 -400
-80 10
44 -25
-28 -136
11 -29
2 12
28 40
-24 90
30 -46
-93 -29
-71 -104
-87 -155
186 0
-17 -6
-113 1
56 5
26 91
-256 -124
26 115
-8 42
68 -107
218 -99
-72 45
-30 56
57 -35
13 16
158 118
-221 31
-175 -36
23 174
90 74
-136 141
39 24
86 171
178 63
44 65
49 57
112 -248
100 -5
149 95
108 -96
-83 42
-54 160
-2 203
179 -12
63 -26
151 -211
-59 40
-53 169
3 -58
-136 -172
65 221
253 109
4 -58
124 148
70 -152
69 -159
-134 104
-80 67
61 -137
1 93
-50 109
-12 66
191 24
-104 -38
-90 -29
-25 83
-48 44
53 49
16 105
-153 78
60 -26
-124 -119
28 -42
56 2
12 58
-47 139
-136 -40
180 75
47 -170
-28 -82
108 48
5 -85
-57 47
86 141
-47 -43
-13 87
-30 74
-81 -6
-52 77
-24 91
-11 -79
-157 57
-98 -158
-59 92
24 -119
-125 22
6 97
2 -105
-9 59
-9 20
24 9
23 15
-11 82
8 -21
-18 -11
128 144
71 -40
9 4
-9 -79
-4 93
-78 -44
-48 -22
-3 -82
6 -59
-94 15
-65 -68
-5 28
-23 134
-125 -54
25 33
-8 51
36 32
4 -49
72 75
-28 46
68 -42
888 -1979
-89 -198
-142 129
30 0
-86 17
-148 -132
-4 -108
-96 -58
-14 -70
-85 -50
-25 -30
77 97
11 35
-84 -14
29 -21
66 59
-49 -36
-68 22
260 191
69 -106
23 -189
-85 -31
-145 -28
-93 48
41 -91
-102 41
-73 -6
-248 -99
154 76
173 39
54 -136
-129 12
91 -190
-86 -37
-27 -182
-291 -136
29 -64
-137 -81
-93 231
-22 -11
-113 -76
-98 46
238 -95
50 -411
49 -313
-272 -16
-5 67
-163 224
120 -65
-12 -340
39 131
176 267
-294 -223
-237 -227
-204 99
-189 -167
-104 210
-195 207
175 -197
67 -211
-224 230
19 -135
26 -169
-67 -16
-400 -168
99 176
155 -43
73 -86
-2 10
31 -54
-160 -98
184 -14
20 14
362 211
-108 -55
-86 43
-115 -213
7 -197
125 -74
-286 -162
-78 44
64 10
-207 -95
42 -70
-26 -94
-112 -296
213 184
6 -204
-191 -158
334 223
-25 38
-109 -8
302 133
232 205
95 626
-49 -111
-81 251
225 -45
-35 -369
-84 106
-14 -94
-99 66
-388 40
-209 -21
40 -194
-36 59
-116 40
-307 -325
277 82
-185 -90
35 84
341 370
84 -63
117 -250
-348 259
64 -88
-32 -270
-70 -24
-75 -117
-165 65
325 -215
106 -73
99 33
-115 96
100 317
97 95
139 -394
-294 176
-144 -1760
225 -44
-56 79
-82 -18
222 251
140 217
8 189
140 -74
131 -65
69 140
198 115
-16 79
114 259
-263 -8
20 9
147 -150
5 75
-9 -207
80 -115
-129 -19
-54 162
40 181
-170 219
273 -118
-5 73
1 -29
156 5
84 -82
119 -201
30 -54
-96 -128
20 -89
47 58
99 87
-164 13
148 116
-146 -13
101 60
-28 15
-44 -45
-28 -49
15 79
-311 103
94 514
-39 225
69 149
-16 -114
39 -32
-146 -63
-24 330
-59 -151
-57 -133
359 -76
-92 217
385 -180
41 -84
-112 -11
133 -293
-67 167
-28 301
281 32
-39 2
4 134
34 -129
547 209
-70 -296
-5 208
-195 -41
178 -50
-63 -94
286 53
-210 -46
-227 193
-625 -273
207 189
122 -43
153 205
238 177
34 49
395 87
213 249
-97 25
132 -53
-91 179
99 204
303 386
-251 -131
-46 473
151 502
-569 -207
31 -250
271 -28
-405 -461
-166 -265
-116 -945
267 36
-3 -263
-127 125
218 729
246 -180
-71 224
370 -235
828 -162
382 -89
-21 205
38 -119
288 72
559 341
-607 -204
395 285
-287 65
-465 -780
-54 29
-68 585
838 -304
-168 214
331 333
479 213
44 96
244 -243
-300 529
-477 -246
-33 69
240 -77
-101 -549
-483 -398
-2 361
532 -192
